,Date mutation,Nature mutation,Valeur fonciere,No voie,Type de voie,Code voie,Voie,Code postal,Commune,Code departement,Code commune,Section,No plan,Nombre de lots,Code type local,Type local,Surface reelle bati,Nombre pieces principales
1615365,02/01/2020,Vente,"199000,00",81.0,BD,4760,JAMIN,51100.0,REIMS,51,454,BI,664,4,2.0,Appartement,75.0,4.0
1615369,06/01/2020,Vente,"122000,00",32.0,RUE,6920,PETIT DELBOURG,51100.0,REIMS,51,454,CL,573,1,2.0,Appartement,60.0,3.0
1615372,03/01/2020,Vente,"370700,00",7.0,IMP,1440,DES CARMELITES,51100.0,REIMS,51,454,IK,1347,1,2.0,Appartement,121.0,4.0
1615377,06/01/2020,Vente,"150000,00",14.0,RUE,5540,LINGUET,51100.0,REIMS,51,454,BE,234,3,2.0,Appartement,54.0,2.0
1615382,07/01/2020,Vente,"145000,00",17.0,RUE,3650,FOLLE PEINE,51100.0,REIMS,51,454,CY,737,2,2.0,Appartement,54.0,2.0
1615384,10/01/2020,Vente,"35000,00",21.0,RUE,1590,DE CERNAY,51100.0,REIMS,51,454,CW,124,1,2.0,Appartement,56.0,2.0
1615391,08/01/2020,Vente,"160000,00",39.0,RUE,6740,PASSE DEMOISELLES,51100.0,REIMS,51,454,HY,147,1,2.0,Appartement,70.0,3.0
1615394,07/01/2020,Vente,"150000,00",7.0,RUE,5950,DES MARMOUZETS,51100.0,REIMS,51,454,CX,432,1,2.0,Appartement,18.0,1.0
1615395,07/01/2020,Vente,"150000,00",7.0,RUE,5950,DES MARMOUZETS,51100.0,REIMS,51,454,CX,432,1,2.0,Appartement,16.0,1.0
1615405,15/01/2020,Vente,"173200,00",52.0,RUE,1550,CERES,51100.0,REIMS,51,454,CX,78,1,2.0,Appartement,69.0,3.0
1615414,09/01/2020,Vente,"135000,00",1.0,RUE,0108,ALFRED DE VIGNY,51100.0,REIMS,51,454,AD,566,2,2.0,Appartement,73.0,4.0
1615416,09/01/2020,Vente,"205000,00",2.0,RUE,8830,DES TROIS RAISINETS,51100.0,REIMS,51,454,CX,192,2,2.0,Appartement,125.0,4.0
1615417,09/01/2020,Vente,"205000,00",2.0,RUE,8830,DES TROIS RAISINETS,51100.0,REIMS,51,454,CX,192,5,2.0,Appartement,50.0,2.0
1615421,15/01/2020,Vente,"155400,00",24.0,RUE,4700,DE L ISLE,51100.0,REIMS,51,454,CX,106,2,2.0,Appartement,73.0,4.0
1615423,13/01/2020,Vente,"252000,00",21.0,RUE,0390,ARMAND GUERY,51100.0,REIMS,51,454,AV,1030,2,2.0,Appartement,91.0,5.0
1615429,06/01/2020,Vente,"116000,00",201.0,AV,4900,JEAN JAURES,51100.0,REIMS,51,454,BK,331,1,2.0,Appartement,67.0,3.0
1615434,15/01/2020,Vente,"121000,00",52.0,RUE,3280,EMILE ZOLA,51100.0,REIMS,51,454,AW,527,2,2.0,Appartement,93.0,5.0
1615442,02/01/2020,Vente,"100125,00",79.0,RUE,2430,DE COURCELLES,51100.0,REIMS,51,454,AT,248,1,2.0,Appartement,28.0,2.0
1615444,09/01/2020,Vente,"156000,00",282.0,AV,5300,DE LAON,51100.0,REIMS,51,454,AX,693,1,2.0,Appartement,73.0,3.0
1615447,09/01/2020,Vente,"74000,00",3.0,ALL,2003,CLAUDE MONET,51100.0,REIMS,51,454,DK,198,1,2.0,Appartement,46.0,2.0
1615453,17/01/2020,Vente,"248000,00",87.0,RUE,6230,DU MONT D ARENE,51100.0,REIMS,51,454,AT,9,1,2.0,Appartement,66.0,3.0
1615459,10/01/2020,Vente,"225000,00",58.0,AV,3320,D EPERNAY,51100.0,REIMS,51,454,HW,50,2,2.0,Appartement,98.0,6.0
1615462,16/01/2020,Vente,"163000,00",18.0,RUE,1030,DE LA BONNE FEMME,51100.0,REIMS,51,454,DO,140,0,2.0,Appartement,45.0,2.0
1615463,16/01/2020,Vente,"163000,00",18.0,RUE,1030,DE LA BONNE FEMME,51100.0,REIMS,51,454,DO,140,0,2.0,Appartement,54.0,2.0
1615469,17/01/2020,Vente,"190000,00",23.0,BD,6750,PASTEUR,51100.0,REIMS,51,454,CK,310,2,2.0,Appartement,93.0,6.0
1615470,20/01/2020,Vente,"152000,00",25.0,RUE,5500,DE LA LIBERTE,51100.0,REIMS,51,454,AX,13,1,2.0,Appartement,48.0,2.0
1615473,20/01/2020,Vente,"65000,00",22.0,RUE,0740,BELIN,51100.0,REIMS,51,454,AX,276,1,2.0,Appartement,30.0,2.0
1615475,20/01/2020,Vente,"247000,00",12.0,RUE,1350,DU CADRAN ST PIERRE,51100.0,REIMS,51,454,IL,265,2,2.0,Appartement,80.0,4.0
1615478,03/01/2020,Vente,"280000,00",6.0,RUE,1710,DE CHAMPIGNY,51100.0,REIMS,51,454,AR,291,0,2.0,Appartement,17.0,1.0
1615479,03/01/2020,Vente,"280000,00",6.0,RUE,1710,DE CHAMPIGNY,51100.0,REIMS,51,454,AR,291,0,2.0,Appartement,17.0,1.0
1615481,03/01/2020,Vente,"280000,00",6.0,RUE,1710,DE CHAMPIGNY,51100.0,REIMS,51,454,AR,291,0,2.0,Appartement,21.0,1.0
1615482,03/01/2020,Vente,"280000,00",6.0,RUE,1710,DE CHAMPIGNY,51100.0,REIMS,51,454,AR,291,0,2.0,Appartement,21.0,1.0
1615483,03/01/2020,Vente,"280000,00",6.0,RUE,1710,DE CHAMPIGNY,51100.0,REIMS,51,454,AR,291,0,2.0,Appartement,34.0,1.0
1615485,09/01/2020,Vente,"68700,00",59.0,BD,7550,ROBESPIERRE,51100.0,REIMS,51,454,AY,282,1,2.0,Appartement,30.0,2.0
1615487,08/01/2020,Vente,"180000,00",10.0,RUE,8950,DE VENISE,51100.0,REIMS,51,454,IK,1335,1,2.0,Appartement,96.0,4.0
1615491,20/01/2020,Vente,"105000,00",23.0,RUE,4620,HOUZEAU MUIRON,51100.0,REIMS,51,454,CW,516,1,2.0,Appartement,29.0,1.0
1615493,13/01/2020,Vente,"122000,00",3.0,RUE,8510,DE TAMBOUR,51100.0,REIMS,51,454,BE,278,2,2.0,Appartement,32.0,2.0
1615495,07/01/2020,Vente,"137900,00",43.0,RUE,1830,CHARLIER,51100.0,REIMS,51,454,BI,265,1,2.0,Appartement,75.0,3.0
1615519,03/01/2020,Vente,"195000,00",16.0,RUE,1920,DE CHEVIGNE,51100.0,REIMS,51,454,CW,608,1,2.0,Appartement,140.0,4.0
1615524,06/01/2020,Vente,"269200,00",56.0,RUE,1360,CAMILLE LENOIR,51100.0,REIMS,51,454,BH,553,2,2.0,Appartement,78.0,3.0
1615551,10/01/2020,Vente,"850000,00",193.0,RUE,9040,DE VESLE,51100.0,REIMS,51,454,HZ,1,0,2.0,Appartement,55.0,3.0
1615552,10/01/2020,Vente,"850000,00",193.0,RUE,9040,DE VESLE,51100.0,REIMS,51,454,HZ,1,0,2.0,Appartement,38.0,2.0
1615553,10/01/2020,Vente,"850000,00",193.0,RUE,9040,DE VESLE,51100.0,REIMS,51,454,HZ,1,0,2.0,Appartement,43.0,2.0
1615554,10/01/2020,Vente,"850000,00",193.0,RUE,9040,DE VESLE,51100.0,REIMS,51,454,HZ,1,0,2.0,Appartement,34.0,2.0
1615555,10/01/2020,Vente,"850000,00",193.0,RUE,9040,DE VESLE,51100.0,REIMS,51,454,HZ,1,0,2.0,Appartement,38.0,2.0
1615556,10/01/2020,Vente,"850000,00",193.0,RUE,9040,DE VESLE,51100.0,REIMS,51,454,HZ,1,0,2.0,Appartement,43.0,2.0
1615557,10/01/2020,Vente,"850000,00",193.0,RUE,9040,DE VESLE,51100.0,REIMS,51,454,HZ,1,0,2.0,Appartement,30.0,2.0
1615560,10/01/2020,Vente,"850000,00",193.0,RUE,9040,DE VESLE,51100.0,REIMS,51,454,HZ,1,0,2.0,Appartement,43.0,2.0
1615561,10/01/2020,Vente,"850000,00",193.0,RUE,9040,DE VESLE,51100.0,REIMS,51,454,HZ,1,0,2.0,Appartement,38.0,2.0
1615566,17/01/2020,Vente,"127000,00",6.0,COUR,2660,DAUPHINOT,51100.0,REIMS,51,454,BH,202,1,2.0,Appartement,59.0,3.0
1615567,22/01/2020,Vente,"130000,00",51.0,RUE,0600,DU BARBATRE,51100.0,REIMS,51,454,CY,200,2,2.0,Appartement,78.0,3.0
1615590,03/01/2020,Vente,"52500,00",34.0,RUE,0630,DU BASTION,51100.0,REIMS,51,454,CW,277,1,2.0,Appartement,25.0,2.0
1615597,09/01/2020,Vente,"170000,00",4.0,CHE,1780,DES CHARBONNIERS,51100.0,REIMS,51,454,DT,798,1,2.0,Appartement,80.0,4.0
1615616,22/01/2020,Vente,"103000,00",20.0,RUE,0410,DE L ARQUEBUSE,51100.0,REIMS,51,454,IM,328,2,2.0,Appartement,34.0,1.0
1615617,10/01/2020,Vente,"330000,00",57.0,AV,4900,JEAN JAURES,51100.0,REIMS,51,454,BH,208,2,2.0,Appartement,123.0,4.0
1615622,13/01/2020,Vente,"109000,00",3.0,BD,9070,VICTOR HUGO,51100.0,REIMS,51,454,CZ,607,2,2.0,Appartement,43.0,2.0
1615623,10/01/2020,Vente,"127000,00",41.0,RUE,1670,DU CHAMP DE MARS,51100.0,REIMS,51,454,BI,20,1,2.0,Appartement,20.0,1.0
1615624,10/01/2020,Vente,"127000,00",41.0,RUE,1670,DU CHAMP DE MARS,51100.0,REIMS,51,454,BI,20,1,2.0,Appartement,25.0,1.0
1615625,15/01/2020,Vente,"123200,00",32.0,RUE,6920,PETIT DELBOURG,51100.0,REIMS,51,454,CL,573,1,2.0,Appartement,60.0,3.0
1615626,15/01/2020,Vente,"123200,00",32.0,RUE,6920,PETIT DELBOURG,51100.0,REIMS,51,454,CL,573,1,2.0,Appartement,55.0,3.0
1615630,15/01/2020,Vente,"154000,00",63.0,RUE,1640,DU CHALET,51100.0,REIMS,51,454,BK,436,2,2.0,Appartement,109.0,5.0
1615632,17/01/2020,Vente,"229550,00",39.0,RUE,1310,BUIRETTE,51100.0,REIMS,51,454,IM,211,2,2.0,Appartement,88.0,3.0
1615635,17/01/2020,Vente,"172000,00",8.0,RUE,8950,DE VENISE,51100.0,REIMS,51,454,IK,1335,1,2.0,Appartement,90.0,4.0
1615637,16/01/2020,Vente,"70200,00",22.0,RUE,0950,BLAVIER,51100.0,REIMS,51,454,AX,827,1,2.0,Appartement,30.0,1.0
1615641,16/01/2020,Vente,"174000,00",13.0,RUE,4120,GOIOT,51100.0,REIMS,51,454,CZ,607,2,2.0,Appartement,84.0,4.0
1615642,08/01/2020,Vente,"54500,00",192.0,AV,5300,DE LAON,51100.0,REIMS,51,454,AX,847,1,2.0,Appartement,20.0,1.0
1615654,15/01/2020,Vente,"124100,00",7.0,ESP,7433,REMI PELLOT,51100.0,REIMS,51,454,AN,169,1,2.0,Appartement,72.0,3.0
1615659,02/01/2020,Vente,"280000,00",4.0,PL,7480,DE LA REPUBLIQUE,51100.0,REIMS,51,454,AT,120,2,2.0,Appartement,115.0,5.0
1615661,20/01/2020,Vente,"224750,00",19.0,RUE,3650,FOLLE PEINE,51100.0,REIMS,51,454,CY,737,2,2.0,Appartement,94.0,5.0
1615666,17/01/2020,Vente,"530000,00",72.0,BD,5680,LUNDY,51100.0,REIMS,51,454,BE,3,4,2.0,Appartement,179.0,7.0
1615667,16/01/2020,Vente,"220000,00",2.0,AV,3913,DU GENERAL DE GAULLE,51100.0,REIMS,51,454,HX,547,1,2.0,Appartement,100.0,5.0
1615672,17/01/2020,Vente,"54000,00",14.0,RUE,5650,DE LOUVOIS,51100.0,REIMS,51,454,DV,672,1,2.0,Appartement,25.0,1.0
1615673,17/01/2020,Vente,"300000,00",6.0,BD,6690,DE LA PAIX,51100.0,REIMS,51,454,CX,94,2,2.0,Appartement,90.0,3.0
1615679,18/01/2020,Vente,"60500,00",67.0,RUE,3500,FAVART D HERBIGNY,51100.0,REIMS,51,454,CV,1134,1,2.0,Appartement,23.0,1.0
1615682,07/01/2020,Vente,"85000,00",43.0,RUE,7100,DES POISSONNIERS,51100.0,REIMS,51,454,IM,273,1,2.0,Appartement,34.0,2.0
1615683,10/01/2020,Vente,"103000,00",52.0,RUE,3280,EMILE ZOLA,51100.0,REIMS,51,454,AW,527,2,2.0,Appartement,87.0,4.0
1615688,16/01/2020,Vente,"78000,00",9.0,RUE,1056,DES BONS MALADES,51100.0,REIMS,51,454,IO,369,1,2.0,Appartement,24.0,2.0
1615689,10/01/2020,Vente,"92000,00",13.0,RUE,7017,PIERRE LAPLACE,51100.0,REIMS,51,454,AE,285,2,2.0,Appartement,74.0,4.0
1615698,16/01/2020,Vente,"58000,00",48.0,RUE,5920,M CLEMENCE FOURIAUX,51100.0,REIMS,51,454,AV,294,1,2.0,Appartement,24.0,1.0
1615700,10/01/2020,Vente en l'état futur d'achèvement,"134500,00",78.0,AV,1809,CHARLES FANDRE,51100.0,REIMS,51,454,CT,607,1,2.0,Appartement,50.0,2.0
1615704,09/01/2020,Vente,"440000,00",2.0,IMP,6140,MERFY,51100.0,REIMS,51,454,AO,419,0,2.0,Appartement,221.0,4.0
1615707,17/01/2020,Vente,"114000,00",39.0,AV,8030,ST POL,51100.0,REIMS,51,454,DM,629,2,2.0,Appartement,53.0,2.0
1615710,24/01/2020,Vente,"147000,00",11.0,RUE,5230,LABORI,51100.0,REIMS,51,454,CK,229,2,2.0,Appartement,77.0,4.0
1615711,15/01/2020,Vente,"460000,00",45.0,RUE,8620,THIERS,51100.0,REIMS,51,454,IL,378,6,2.0,Appartement,143.0,5.0
1615712,16/01/2020,Vente,"242000,00",16.0,RUE,8790,DE TRIANON,51100.0,REIMS,51,454,AT,147,1,2.0,Appartement,64.0,3.0
1615713,16/01/2020,Vente,"242000,00",16.0,RUE,8790,DE TRIANON,51100.0,REIMS,51,454,AT,147,1,2.0,Appartement,42.0,2.0
1615716,29/01/2020,Vente,"195000,00",3.0,RUE,7060,PIPER,51100.0,REIMS,51,454,CW,12,1,2.0,Appartement,66.0,3.0
1615729,29/01/2020,Vente,"196060,00",61.0,RUE,1920,DE CHEVIGNE,51100.0,REIMS,51,454,CL,33,2,2.0,Appartement,95.0,5.0
1615735,30/01/2020,Vente,"78500,00",6.0,RUE,6270,MONTOISON,51100.0,REIMS,51,454,CX,163,2,2.0,Appartement,24.0,1.0
1615738,17/01/2020,Vente,"134800,00",29.0,RUE,3770,FRANCOIS DOR,51100.0,REIMS,51,454,HW,390,1,2.0,Appartement,44.0,2.0
1615742,29/01/2020,Vente,"61000,00",22.0,RUE,9090,VICTOR ROGELET,51100.0,REIMS,51,454,AW,194,1,2.0,Appartement,26.0,1.0
1615744,07/01/2020,Vente,"172900,00",8.0,RUE,0846,RUE BERTRAND DE VOGUE,51100.0,REIMS,51,454,DK,238,1,2.0,Appartement,95.0,4.0
1615748,17/01/2020,Vente,"72500,00",7.0,RUE,8260,SCULPTEURS JACQUES,51100.0,REIMS,51,454,HW,278,1,2.0,Appartement,55.0,3.0
1615755,24/01/2020,Vente,"94000,00",46.0,RUE,4970,JEANNE D ARC,51100.0,REIMS,51,454,IM,19,1,2.0,Appartement,28.0,1.0
1615763,30/01/2020,Vente,"246500,00",27.0,RUE,9040,DE VESLE,51100.0,REIMS,51,454,IK,4,1,2.0,Appartement,46.0,3.0
1615766,14/01/2020,Vente,"430000,00",8.0,BD,5680,LUNDY,51100.0,REIMS,51,454,BH,309,2,2.0,Appartement,113.0,4.0
1615769,22/01/2020,Vente,"291500,00",285.0,AV,5300,DE LAON,51100.0,REIMS,51,454,AN,568,0,2.0,Appartement,20.0,1.0
1615770,22/01/2020,Vente,"291500,00",285.0,AV,5300,DE LAON,51100.0,REIMS,51,454,AN,568,0,2.0,Appartement,30.0,2.0
1615771,22/01/2020,Vente,"291500,00",285.0,AV,5300,DE LAON,51100.0,REIMS,51,454,AN,568,0,2.0,Appartement,21.0,1.0
1615772,22/01/2020,Vente,"291500,00",285.0,AV,5300,DE LAON,51100.0,REIMS,51,454,AN,568,0,2.0,Appartement,28.0,2.0
1615773,22/01/2020,Vente,"291500,00",285.0,AV,5300,DE LAON,51100.0,REIMS,51,454,AN,568,0,2.0,Appartement,39.0,2.0
1615774,22/01/2020,Vente,"291500,00",285.0,AV,5300,DE LAON,51100.0,REIMS,51,454,AN,568,0,2.0,Appartement,20.0,1.0
1615784,06/01/2020,Vente,"206600,00",104.0,RUE,7160,PONSARDIN,51100.0,REIMS,51,454,CY,176,1,2.0,Appartement,80.0,4.0
1615792,06/01/2020,Vente,"118000,00",19.0,RUE,0470,DES AUGUSTINS,51100.0,REIMS,51,454,CY,53,2,2.0,Appartement,60.0,3.0
1615793,23/01/2020,Vente,"40000,00",382.0,AV,5300,DE LAON,51100.0,REIMS,51,454,AM,628,1,2.0,Appartement,29.0,1.0
1615813,03/02/2020,Vente,"321500,00",8.0,RUE,8080,ST SYMPHORIEN,51100.0,REIMS,51,454,CX,222,4,2.0,Appartement,120.0,4.0
1615830,30/01/2020,Vente,"665000,00",47.0,RUE,8320,DE SILLERY,51100.0,REIMS,51,454,CL,661,0,2.0,Appartement,12.0,1.0
1615832,30/01/2020,Vente,"665000,00",47.0,RUE,8320,DE SILLERY,51100.0,REIMS,51,454,CL,661,0,2.0,Appartement,30.0,1.0
1615833,30/01/2020,Vente,"665000,00",47.0,RUE,8320,DE SILLERY,51100.0,REIMS,51,454,CL,661,0,2.0,Appartement,16.0,1.0
1615834,30/01/2020,Vente,"665000,00",47.0,RUE,8320,DE SILLERY,51100.0,REIMS,51,454,CL,661,0,2.0,Appartement,16.0,1.0
1615835,30/01/2020,Vente,"665000,00",47.0,RUE,8320,DE SILLERY,51100.0,REIMS,51,454,CL,661,0,2.0,Appartement,12.0,1.0
1615836,30/01/2020,Vente,"665000,00",47.0,RUE,8320,DE SILLERY,51100.0,REIMS,51,454,CL,661,0,2.0,Appartement,16.0,1.0
1615837,30/01/2020,Vente,"665000,00",47.0,RUE,8320,DE SILLERY,51100.0,REIMS,51,454,CL,661,0,2.0,Appartement,25.0,1.0
1615838,30/01/2020,Vente,"665000,00",47.0,RUE,8320,DE SILLERY,51100.0,REIMS,51,454,CL,661,0,2.0,Appartement,16.0,1.0
1615839,30/01/2020,Vente,"665000,00",47.0,RUE,8320,DE SILLERY,51100.0,REIMS,51,454,CL,661,0,2.0,Appartement,12.0,1.0
1615840,30/01/2020,Vente,"665000,00",47.0,RUE,8320,DE SILLERY,51100.0,REIMS,51,454,CL,661,0,2.0,Appartement,16.0,1.0
1615841,30/01/2020,Vente,"665000,00",47.0,RUE,8320,DE SILLERY,51100.0,REIMS,51,454,CL,661,0,2.0,Appartement,16.0,1.0
1615842,30/01/2020,Vente,"665000,00",47.0,RUE,8320,DE SILLERY,51100.0,REIMS,51,454,CL,661,0,2.0,Appartement,12.0,1.0
1615853,23/01/2020,Vente,"154900,00",271.0,AV,5300,DE LAON,51100.0,REIMS,51,454,AN,695,1,2.0,Appartement,65.0,3.0
1615855,17/01/2020,Vente,"107000,00",2.0,RUE,4425,HELENE NAUTRE,51100.0,REIMS,51,454,BT,580,2,2.0,Appartement,50.0,2.0
1615864,27/01/2020,Vente,"217500,00",1.0,RUE,1435,CARDINAL SUHARD,51100.0,REIMS,51,454,DM,637,1,2.0,Appartement,135.0,6.0
1615865,21/01/2020,Vente,"200000,00",10.0,RUE,3185,EDOUARD REDONT,51100.0,REIMS,51,454,IO,90,0,2.0,Appartement,20.0,1.0
1615866,21/01/2020,Vente,"200000,00",10.0,RUE,3185,EDOUARD REDONT,51100.0,REIMS,51,454,IO,90,0,2.0,Appartement,129.0,5.0
1615867,21/01/2020,Vente,"200000,00",10.0,RUE,3185,EDOUARD REDONT,51100.0,REIMS,51,454,IO,90,0,2.0,Appartement,129.0,5.0
1615868,21/01/2020,Vente,"200000,00",10.0,RUE,3185,EDOUARD REDONT,51100.0,REIMS,51,454,IO,90,0,2.0,Appartement,20.0,1.0
1615869,21/01/2020,Vente,"200000,00",10.0,RUE,3185,EDOUARD REDONT,51100.0,REIMS,51,454,IO,90,0,2.0,Appartement,36.0,1.0
1615870,21/01/2020,Vente,"200000,00",10.0,RUE,3185,EDOUARD REDONT,51100.0,REIMS,51,454,IO,90,0,2.0,Appartement,36.0,1.0
1615871,23/01/2020,Vente,"88000,00",45.0,RUE,0060,ALBERT THOMAS,51100.0,REIMS,51,454,DK,20,2,2.0,Appartement,52.0,2.0
1615872,16/01/2020,Vente,"56500,00",10.0,RUE,5270,LANDOUZY,51100.0,REIMS,51,454,AW,286,1,2.0,Appartement,40.0,2.0
1615874,09/01/2020,Vente,"129500,00",10.0,RUE,0846,RUE BERTRAND DE VOGUE,51100.0,REIMS,51,454,DK,238,1,2.0,Appartement,69.0,3.0
1615878,14/01/2020,Vente,"113000,00",78.0,AV,4010,GEORGES CLEMENCEAU,51100.0,REIMS,51,454,CL,690,1,2.0,Appartement,58.0,2.0
1615879,16/01/2020,Vente,"62000,00",10.0,RUE,5270,LANDOUZY,51100.0,REIMS,51,454,AW,286,1,2.0,Appartement,40.0,2.0
1615880,21/01/2020,Vente,"172000,00",2.0,RUE,4970,JEANNE D ARC,51100.0,REIMS,51,454,IM,126,4,2.0,Appartement,65.0,4.0
1615904,21/01/2020,Vente,"145000,00",51.0,BD,2930,DOCTEUR HENRI HENROT,51100.0,REIMS,51,454,DM,239,2,2.0,Appartement,98.0,5.0
1615917,23/01/2020,Vente,"71000,00",48.0,RUE,5920,M CLEMENCE FOURIAUX,51100.0,REIMS,51,454,AV,294,1,2.0,Appartement,40.0,1.0
1615918,10/01/2020,Vente,"120000,00",1.0,BD,9070,VICTOR HUGO,51100.0,REIMS,51,454,CZ,450,2,2.0,Appartement,65.0,4.0
1615936,14/01/2020,Vente,"107000,00",21.0,RUE,8500,DE TALLEYRAND,51100.0,REIMS,51,454,IL,230,1,2.0,Appartement,29.0,1.0
1615937,21/01/2020,Vente,"135100,00",172.0,RUE,8090,SAINT THIERRY,51100.0,REIMS,51,454,AD,462,1,2.0,Appartement,48.0,3.0
1615941,20/01/2020,Vente,"451200,00",25.0,RUE,3210,DES ELUS,51100.0,REIMS,51,454,IL,117,1,2.0,Appartement,92.0,4.0
1615948,31/01/2020,Vente,"405000,00",6.0,PL,5390,LEON BOURGEOIS,51100.0,REIMS,51,454,BE,204,1,2.0,Appartement,106.0,4.0
1615950,21/01/2020,Vente,"93000,00",48.0,RUE,1670,DU CHAMP DE MARS,51100.0,REIMS,51,454,BH,1,1,2.0,Appartement,65.0,4.0
1615954,21/01/2020,Vente,"117000,00",3.0,RUE,4906,JEAN LE LOUP,51100.0,REIMS,51,454,IK,1348,1,2.0,Appartement,53.0,2.0
1615955,24/01/2020,Vente,"65400,00",87.0,BD,4550,HENRY VASNIER,51100.0,REIMS,51,454,CI,70,2,2.0,Appartement,28.0,1.0
1615958,20/01/2020,Vente,"74100,00",333.0,AV,5300,DE LAON,51100.0,REIMS,51,454,AN,548,1,2.0,Appartement,64.0,2.0
1615963,28/01/2020,Vente,"99500,00",2.0,BD,4550,HENRY VASNIER,51100.0,REIMS,51,454,CZ,450,2,2.0,Appartement,56.0,3.0
1615968,22/01/2020,Vente,"95000,00",33.0,RUE,6010,MARTIN PELLER,51100.0,REIMS,51,454,HX,545,2,2.0,Appartement,45.0,2.0
1615980,23/01/2020,Vente,"145000,00",23.0,RUE,2170,DU COLONEL FABIEN,51100.0,REIMS,51,454,HZ,89,1,2.0,Appartement,52.0,2.0
1615984,24/01/2020,Vente,"152000,00",10.0,RUE,5410,LEON HOURLIER,51100.0,REIMS,51,454,AW,519,1,2.0,Appartement,70.0,2.0
1615986,31/01/2020,Vente,"150250,00",63.0,RUE,2590,D ESTIENNE D ORVES,51100.0,REIMS,51,454,DV,410,1,2.0,Appartement,73.0,3.0
1615988,29/01/2020,Vente,"95000,00",14.0,RUE,9090,VICTOR ROGELET,51100.0,REIMS,51,454,AW,198,3,2.0,Appartement,37.0,2.0
1615989,22/01/2020,Vente,"230300,00",8.0,RUE,2810,DIDEROT,51100.0,REIMS,51,454,CX,242,1,2.0,Appartement,69.0,4.0
1615991,24/01/2020,Vente,"218821,00",29.0,RUE,7100,DES POISSONNIERS,51100.0,REIMS,51,454,IM,219,2,2.0,Appartement,64.0,2.0
1615992,31/01/2020,Vente,"340000,00",87.0,RUE,6230,DU MONT D ARENE,51100.0,REIMS,51,454,AT,9,1,2.0,Appartement,64.0,3.0
1615993,31/01/2020,Vente,"340000,00",87.0,RUE,6230,DU MONT D ARENE,51100.0,REIMS,51,454,AT,9,1,2.0,Appartement,60.0,3.0
1615996,22/01/2020,Vente,"84000,00",98.0,RUE,3850,GAMBETTA,51100.0,REIMS,51,454,CY,336,1,2.0,Appartement,39.0,2.0
1615998,30/01/2020,Vente,"161000,00",1.0,RUE,8870,DES TUILERIES,51100.0,REIMS,51,454,DM,559,2,2.0,Appartement,108.0,5.0
1616002,21/01/2020,Vente,"122000,00",9.0,RUE,2440,DE COURLANCY,51100.0,REIMS,51,454,HX,554,1,2.0,Appartement,53.0,2.0
1616011,27/01/2020,Vente,"120000,00",43.0,RUE,2570,CROUTELLE,51100.0,REIMS,51,454,AV,186,1,2.0,Appartement,48.0,2.0
1616014,16/01/2020,Vente,"142500,00",1.0,BD,9070,VICTOR HUGO,51100.0,REIMS,51,454,CZ,450,2,2.0,Appartement,65.0,4.0
1616016,27/01/2020,Vente,"133000,00",21.0,RUE,3280,EMILE ZOLA,51100.0,REIMS,51,454,AW,540,1,2.0,Appartement,60.0,3.0
1616026,17/01/2020,Vente,"75000,00",36.0,AV,6730,DE PARIS,51100.0,REIMS,51,454,IO,438,1,2.0,Appartement,26.0,1.0
1616027,21/01/2020,Vente,"80000,00",27.0,BD,6690,DE LA PAIX,51100.0,REIMS,51,454,CK,128,1,2.0,Appartement,33.0,1.0
1616028,22/01/2020,Vente,"113000,00",1.0,RUE,2670,DAVID,51100.0,REIMS,51,454,CW,263,2,2.0,Appartement,31.0,1.0
1616029,09/01/2020,Vente,"54600,00",12.0,ESP,6772,PAUL CEZANNE,51100.0,REIMS,51,454,KR,4,2,2.0,Appartement,44.0,2.0
1616030,09/01/2020,Vente,"54600,00",12.0,ESP,6772,PAUL CEZANNE,51100.0,REIMS,51,454,KR,4,2,2.0,Appartement,25.0,2.0
1616038,21/01/2020,Vente,"95000,00",30.0,RUE,5940,MARLOT,51100.0,REIMS,51,454,IK,507,2,2.0,Appartement,39.0,1.0
1616041,10/01/2020,Vente,"265000,00",9.0,RUE,5230,LABORI,51100.0,REIMS,51,454,CK,323,2,2.0,Appartement,65.0,3.0
1616043,10/01/2020,Vente,"265000,00",4.0,RUE,0845,BERTRAND DE MUN,51100.0,REIMS,51,454,CN,573,2,2.0,Appartement,76.0,3.0
1616046,23/01/2020,Vente,"84400,00",36.0,AV,6730,DE PARIS,51100.0,REIMS,51,454,IO,438,1,2.0,Appartement,48.0,2.0
1616051,27/01/2020,Vente,"147000,00",2.0,RUE,4080,GILBERT,51100.0,REIMS,51,454,AR,224,1,2.0,Appartement,70.0,3.0
1616053,24/01/2020,Vente,"52000,00",15.0,RUE,6480,DE LA NEUVILLETTE,51100.0,REIMS,51,454,AX,405,1,2.0,Appartement,15.0,1.0
1616054,22/01/2020,Vente,"112500,00",53.0,RUE,6470,DE NEUFCHATEL,51100.0,REIMS,51,454,AX,912,1,2.0,Appartement,57.0,3.0
1616055,22/01/2020,Vente,"112500,00",53.0,RUE,6470,DE NEUFCHATEL,51100.0,REIMS,51,454,AX,912,1,2.0,Appartement,44.0,2.0
1616058,04/02/2020,Vente,"129000,00",7.0,RUE,2560,CROIX ST MARC,51100.0,REIMS,51,454,CV,1019,1,2.0,Appartement,53.0,3.0
1616068,27/01/2020,Vente,"86000,00",26.0,RUE,6270,MONTOISON,51100.0,REIMS,51,454,CX,440,1,2.0,Appartement,30.0,1.0
1616069,17/01/2020,Vente,"48000,00",135.0,RUE,2440,DE COURLANCY,51100.0,REIMS,51,454,HY,161,1,2.0,Appartement,20.0,1.0
1616070,28/01/2020,Vente,"79000,00",2.0,RUE,5770,MACQUART,51100.0,REIMS,51,454,BH,93,1,2.0,Appartement,37.0,1.0
1616072,23/01/2020,Vente en l'état futur d'achèvement,"245900,00",,RUE,5891,MARCEL THIL,51100.0,REIMS,51,454,AV,1091,1,2.0,Appartement,68.0,3.0
1616078,17/01/2020,Vente,"347500,00",8.0,RUE,0400,ARMONVILLE,51100.0,REIMS,51,454,CZ,317,2,2.0,Appartement,104.0,3.0
1616091,28/01/2020,Vente,"85000,00",12.0,RUE,0254,ANDRE FAIVRE,51100.0,REIMS,51,454,KP,16,1,2.0,Appartement,56.0,2.0
1616097,29/01/2020,Vente,"68200,00",18.0,PL,8110,ST TIMOTHEE,51100.0,REIMS,51,454,DM,73,1,2.0,Appartement,31.0,2.0
1616099,27/01/2020,Vente,"240000,00",28.0,RUE,5490,LIBERGIER,51100.0,REIMS,51,454,IK,875,3,2.0,Appartement,59.0,3.0
1616100,28/01/2020,Vente,"86500,00",1.0,RUE,4000,GEORGES CHARBONNEAUX,51100.0,REIMS,51,454,AY,34,2,2.0,Appartement,54.0,3.0
1616103,29/01/2020,Vente,"126000,00",8.0,RUE,8950,DE VENISE,51100.0,REIMS,51,454,IK,1335,1,2.0,Appartement,64.0,3.0
1616108,28/01/2020,Vente,"240000,00",7.0,CRS,4850,J B LANGLET,51100.0,REIMS,51,454,IL,112,1,2.0,Appartement,82.0,4.0
1616117,17/01/2020,Vente,"612700,00",7.0,RUE,8500,DE TALLEYRAND,51100.0,REIMS,51,454,IL,143,2,2.0,Appartement,208.0,6.0
1616142,05/02/2020,Vente,"241700,00",89.0,RUE,6230,DU MONT D ARENE,51100.0,REIMS,51,454,AT,9,1,2.0,Appartement,67.0,4.0
1616147,21/01/2020,Vente,"195000,00",22.0,RUE,4810,DES JARDINS,51100.0,REIMS,51,454,AS,356,2,2.0,Appartement,117.0,5.0
1616148,16/01/2020,Vente,"42000,00",21.0,AV,4455,HENRI FARMAN,51100.0,REIMS,51,454,DH,90,1,2.0,Appartement,17.0,1.0
1616151,05/02/2020,Vente,"103340,00",5.0,,3915,GPE GENERAL EISENHOWER,51100.0,REIMS,51,454,HS,216,2,2.0,Appartement,75.0,3.0
1616162,22/01/2020,Vente,"97000,00",51.0,BD,4550,HENRY VASNIER,51100.0,REIMS,51,454,CI,77,1,2.0,Appartement,29.0,1.0
1616166,24/01/2020,Vente,"80000,00",195.0,AV,4900,JEAN JAURES,51100.0,REIMS,51,454,BK,334,1,2.0,Appartement,40.0,2.0
1616168,29/01/2020,Vente,"117000,00",6.0,RUE,3610,FLIN DES OLIVIERS,51100.0,REIMS,51,454,HX,17,2,2.0,Appartement,43.0,2.0
1616170,29/01/2020,Vente,"67000,00",25.0,RUE,3180,EDOUARD MIGNOT,51100.0,REIMS,51,454,AT,374,1,2.0,Appartement,23.0,1.0
1616183,05/02/2020,Vente,"51000,00",36.0,RUE,4080,GILBERT,51100.0,REIMS,51,454,AR,812,1,2.0,Appartement,19.0,1.0
1616185,15/01/2020,Vente,"209700,00",8.0,AV,4900,JEAN JAURES,51100.0,REIMS,51,454,CW,52,4,2.0,Appartement,80.0,4.0
1616187,07/02/2020,Vente,"185600,00",10.0,AV,4900,JEAN JAURES,51100.0,REIMS,51,454,CW,55,3,2.0,Appartement,66.0,4.0
1616188,24/01/2020,Vente,"265000,00",3.0,RUE,1310,BUIRETTE,51100.0,REIMS,51,454,IM,84,3,2.0,Appartement,121.0,4.0
1616200,24/01/2020,Vente,"94050,00",45.0,RUE,4620,HOUZEAU MUIRON,51100.0,REIMS,51,454,CW,508,2,2.0,Appartement,30.0,1.0
1616201,22/01/2020,Vente,"71000,00",11.0,RUE,4880,JEAN DE LA FONTAINE,51100.0,REIMS,51,454,CV,445,2,2.0,Appartement,38.0,2.0
1616202,24/01/2020,Vente,"93000,00",15.0,RUE,8720,TOURNEBONNEAU,51100.0,REIMS,51,454,DM,630,2,2.0,Appartement,44.0,2.0
1616205,24/01/2020,Vente,"53000,00",76.0,AV,4900,JEAN JAURES,51100.0,REIMS,51,454,CW,190,1,2.0,Appartement,22.0,1.0
1616206,30/01/2020,Vente,"365000,00",14.0,RUE,7890,ST JEAN CESAREE,51100.0,REIMS,51,454,CZ,630,1,2.0,Appartement,114.0,4.0
1616209,21/01/2020,Vente,"147000,00",27.0,BD,6690,DE LA PAIX,51100.0,REIMS,51,454,CK,128,2,2.0,Appartement,50.0,2.0
1616215,07/02/2020,Vente,"112000,00",45.0,RUE,8430,DE STRASBOURG,51100.0,REIMS,51,454,CV,561,1,2.0,Appartement,26.0,1.0
1616216,07/02/2020,Vente,"112000,00",45.0,RUE,8430,DE STRASBOURG,51100.0,REIMS,51,454,CV,561,1,2.0,Appartement,26.0,1.0
1616218,20/01/2020,Vente,"125000,00",18.0,RUE,4810,DES JARDINS,51100.0,REIMS,51,454,AS,190,1,2.0,Appartement,48.0,2.0
1616220,10/02/2020,Vente,"168200,00",3.0,RUE,6740,PASSE DEMOISELLES,51100.0,REIMS,51,454,HX,441,2,2.0,Appartement,72.0,3.0
1616223,31/01/2020,Vente,"127000,00",28.0,RUE,9120,DU VIEUX COQ,51100.0,REIMS,51,454,AM,509,1,2.0,Appartement,65.0,3.0
1616241,21/01/2020,Vente,"72350,00",17.0,RUE,2430,DE COURCELLES,51100.0,REIMS,51,454,AT,156,1,2.0,Appartement,29.0,1.0
1616259,29/01/2020,Vente,"181000,00",23.0,BD,0710,DES BELGES,51100.0,REIMS,51,454,AM,89,1,2.0,Appartement,116.0,5.0
1616262,05/02/2020,Vente,"68000,00",133.0,RUE,2440,DE COURLANCY,51100.0,REIMS,51,454,HY,161,2,2.0,Appartement,27.0,1.0
1616264,20/01/2020,Vente,"115000,00",68.0,PROM,6867,DU PEIGNAGE,51100.0,REIMS,51,454,CT,531,2,2.0,Appartement,48.0,2.0
1616267,17/01/2020,Vente,"275000,00",2.0,RUE,0375,ARLETTE REMIA,51100.0,REIMS,51,454,HZ,183,1,2.0,Appartement,110.0,4.0
1616272,31/01/2020,Vente,"190000,00",6.0,BD,6690,DE LA PAIX,51100.0,REIMS,51,454,CX,94,1,2.0,Appartement,81.0,3.0
1616273,20/01/2020,Vente,"94000,00",52.0,RUE,8430,DE STRASBOURG,51100.0,REIMS,51,454,CV,599,1,2.0,Appartement,45.0,2.0
1616281,31/01/2020,Vente,"287000,00",78.0,RUE,9040,DE VESLE,51100.0,REIMS,51,454,IM,124,4,2.0,Appartement,92.0,4.0
1616283,21/01/2020,Vente,"114800,00",1.0,AV,4010,GEORGES CLEMENCEAU,51100.0,REIMS,51,454,CK,312,1,2.0,Appartement,59.0,3.0
1616286,24/01/2020,Vente,"55000,00",16.0,RUE,5050,JULES BRUNEAU,51100.0,REIMS,51,454,DT,658,2,2.0,Appartement,30.0,1.0
1616292,28/01/2020,Vente,"130000,00",131.0,BD,7140,POMMERY,51100.0,REIMS,51,454,CI,65,2,2.0,Appartement,79.0,3.0
1616296,22/01/2020,Vente,"310010,00",18.0,BD,6690,DE LA PAIX,51100.0,REIMS,51,454,CX,561,2,2.0,Appartement,126.0,4.0
1616297,22/01/2020,Vente,"129500,00",23.0,RUE,9020,DE VERZY,51100.0,REIMS,51,454,DV,15,1,2.0,Appartement,72.0,3.0
1616305,11/02/2020,Vente,"59000,00",54.0,RUE,1360,CAMILLE LENOIR,51100.0,REIMS,51,454,BH,151,1,2.0,Appartement,19.0,1.0
1616311,30/01/2020,Vente,"105000,00",2.0,PL,7016,PIERRE DE FERMAT,51100.0,REIMS,51,454,AE,117,2,2.0,Appartement,83.0,5.0
1616313,12/02/2020,Vente,"88000,00",6.0,RUE,8320,DE SILLERY,51100.0,REIMS,51,454,CI,116,1,2.0,Appartement,48.0,2.0
1616322,24/01/2020,Vente,"127000,00",4.0,RUE,0210,AMBROISE PETIT,51100.0,REIMS,51,454,DM,634,2,2.0,Appartement,83.0,5.0
1616333,30/01/2020,Vente,"110000,00",38.0,RUE,7710,RUINART DE BRIMONT,51100.0,REIMS,51,454,CW,112,1,2.0,Appartement,88.0,1.0
1616338,29/01/2020,Vente,"500000,00",10.0,RUE,1110,BOULARD,51100.0,REIMS,51,454,IK,561,0,2.0,Appartement,55.0,3.0
1616339,29/01/2020,Vente,"500000,00",10.0,RUE,1110,BOULARD,51100.0,REIMS,51,454,IK,561,0,2.0,Appartement,38.0,2.0
1616340,29/01/2020,Vente,"500000,00",10.0,RUE,1110,BOULARD,51100.0,REIMS,51,454,IK,561,0,2.0,Appartement,56.0,3.0
1616341,31/01/2020,Vente,"151650,00",1.0,RUE,8720,TOURNEBONNEAU,51100.0,REIMS,51,454,DM,628,1,2.0,Appartement,64.0,3.0
1616348,30/01/2020,Vente,"49000,00",6.0,RUE,5195,KERGUELEN,51100.0,REIMS,51,454,ET,559,2,2.0,Appartement,42.0,2.0
1616351,27/01/2020,Vente en l'état futur d'achèvement,"214000,00",40.0,RUE,7790,DE ST BRICE,51100.0,REIMS,51,454,AT,247,1,2.0,Appartement,66.0,3.0
1616357,30/01/2020,Vente,"87000,00",65.0,RUE,4770,DU JARD,51100.0,REIMS,51,454,IK,288,2,2.0,Appartement,32.0,1.0
1616361,04/02/2020,Vente,"200000,00",49.0,RUE,1620,CHABAUD,51100.0,REIMS,51,454,IK,714,1,2.0,Appartement,70.0,3.0
1616365,07/02/2020,Vente,"78000,00",144.0,RUE,4770,DU JARD,51100.0,REIMS,51,454,IK,1359,1,2.0,Appartement,37.0,1.0
1616367,31/01/2020,Vente,"95000,00",105.0,RUE,5340,LECOINTRE,51100.0,REIMS,51,454,AN,199,2,2.0,Appartement,66.0,3.0
1616373,31/01/2020,Vente,"123500,00",10.0,RUE,4035,GERARD PHILIPE,51100.0,REIMS,51,454,CI,70,2,2.0,Appartement,62.0,3.0
1616375,30/01/2020,Vente,"54500,00",22.0,RUE,8480,DE TAISSY,51100.0,REIMS,51,454,DK,235,2,2.0,Appartement,59.0,3.0
1616380,28/01/2020,Vente,"214000,00",36.0,RUE,1360,CAMILLE LENOIR,51100.0,REIMS,51,454,BH,162,2,2.0,Appartement,93.0,4.0
1616385,31/01/2020,Vente,"92000,00",333.0,AV,5300,DE LAON,51100.0,REIMS,51,454,AN,548,1,2.0,Appartement,81.0,3.0
1616406,03/02/2020,Vente,"82500,00",22.0,RUE,0600,DU BARBATRE,51100.0,REIMS,51,454,CY,29,1,2.0,Appartement,45.0,2.0
1616410,11/02/2020,Vente,"139000,00",61.0,BD,1510,CARTERET,51100.0,REIMS,51,454,CW,633,2,2.0,Appartement,74.0,3.0
1616415,06/02/2020,Vente,"138000,00",8.0,RUE,2280,DE CONTRAI,51100.0,REIMS,51,454,CY,8,1,2.0,Appartement,34.0,1.0
1616417,06/02/2020,Vente,"138000,00",8.0,RUE,2280,DE CONTRAI,51100.0,REIMS,51,454,CY,8,1,2.0,Appartement,30.0,1.0
1616423,30/01/2020,Vente,"209000,00",62.0,RUE,4355,HANNAH ARENDT,51100.0,REIMS,51,454,CR,61,1,2.0,Appartement,80.0,4.0
1616432,05/02/2020,Vente,"173000,00",7.0,RUE,1410,CARDINAL DE LORRAINE,51100.0,REIMS,51,454,CX,353,2,2.0,Appartement,57.0,3.0
1616435,05/02/2020,Vente,"128000,00",155.0,AV,4900,JEAN JAURES,51100.0,REIMS,51,454,BI,138,2,2.0,Appartement,17.0,1.0
1616436,05/02/2020,Vente,"128000,00",155.0,AV,4900,JEAN JAURES,51100.0,REIMS,51,454,BI,138,2,2.0,Appartement,17.0,1.0
1616437,31/01/2020,Vente,"143000,00",76.0,RUE,7710,RUINART DE BRIMONT,51100.0,REIMS,51,454,CW,506,2,2.0,Appartement,63.0,3.0
1616444,15/01/2020,Vente,"60800,00",2.0,RUE,4360,HANNEQUIN,51100.0,REIMS,51,454,AX,220,1,2.0,Appartement,69.0,3.0
1616445,31/01/2020,Vente,"97000,00",27.0,BD,6690,DE LA PAIX,51100.0,REIMS,51,454,CK,128,2,2.0,Appartement,35.0,1.0
1616446,23/01/2020,Vente,"67740,00",28.0,RUE,2290,COQUEBERT,51100.0,REIMS,51,454,BH,82,1,2.0,Appartement,19.0,1.0
1616455,30/01/2020,Vente,"176700,00",14.0,ESP,7433,REMI PELLOT,51100.0,REIMS,51,454,AN,169,1,2.0,Appartement,101.0,5.0
1616456,30/01/2020,Vente,"187000,00",24.0,RUE,8090,SAINT THIERRY,51100.0,REIMS,51,454,AV,647,2,2.0,Appartement,84.0,3.0
1616457,10/02/2020,Vente,"71500,00",6.0,RUE,4220,GRANDVAL,51100.0,REIMS,51,454,CL,984,1,2.0,Appartement,39.0,3.0
1616462,15/01/2020,Vente,"127800,00",2.0,RUE,4360,HANNEQUIN,51100.0,REIMS,51,454,AX,220,1,2.0,Appartement,69.0,3.0
1616466,23/01/2020,Vente,"152000,00",22.0,RUE,7720,DU RUISSELET,51100.0,REIMS,51,454,DM,663,2,2.0,Appartement,78.0,4.0
1616475,04/02/2020,Vente,"60000,00",58.0,RUE,6470,DE NEUFCHATEL,51100.0,REIMS,51,454,AL,328,1,2.0,Appartement,35.0,2.0
1616493,24/01/2020,Vente,"103000,00",12.0,RUE,2192,COMMANDANT ARNAUD,51100.0,REIMS,51,454,AL,402,2,2.0,Appartement,71.0,3.0
1616498,30/01/2020,Vente,"127000,00",51.0,RUE,5650,DE LOUVOIS,51100.0,REIMS,51,454,DV,726,1,2.0,Appartement,62.0,3.0
1616516,31/01/2020,Vente,"72000,00",18.0,RUE,5920,M CLEMENCE FOURIAUX,51100.0,REIMS,51,454,AV,367,2,2.0,Appartement,43.0,2.0
1616517,07/02/2020,Vente,"110000,00",23.0,RUE,5000,JOBERT LUCAS,51100.0,REIMS,51,454,AN,610,2,2.0,Appartement,53.0,3.0
1616520,27/01/2020,Vente,"136000,00",133.0,BD,7140,POMMERY,51100.0,REIMS,51,454,CI,65,2,2.0,Appartement,57.0,2.0
1616521,11/02/2020,Vente,"117000,00",7.0,RUE,1450,DES CARMELITES,51100.0,REIMS,51,454,IK,888,2,2.0,Appartement,38.0,1.0
1616537,28/01/2020,Vente,"203000,00",1.0,AV,4010,GEORGES CLEMENCEAU,51100.0,REIMS,51,454,CK,312,1,2.0,Appartement,103.0,5.0
1616544,05/02/2020,Vente,"75000,00",1.0,RUE,5950,DES MARMOUZETS,51100.0,REIMS,51,454,CX,55,2,2.0,Appartement,40.0,2.0
1616549,11/02/2020,Vente,"59000,00",31.0,RUE,3000,DOCTEUR THOMAS,51100.0,REIMS,51,454,AW,513,1,2.0,Appartement,38.0,1.0
1616550,07/02/2020,Vente,"77000,00",96.0,RUE,3280,EMILE ZOLA,51100.0,REIMS,51,454,AX,320,1,2.0,Appartement,25.0,2.0
1616563,10/02/2020,Vente,"274500,00",150.0,BD,7960,ST MARCEAUX,51100.0,REIMS,51,454,CK,147,3,2.0,Appartement,119.0,5.0
1616572,18/02/2020,Vente,"214000,00",60.0,RUE,6210,DES MOISSONS,51100.0,REIMS,51,454,CK,128,2,2.0,Appartement,91.0,4.0
1616578,06/02/2020,Vente,"114000,00",39.0,ESP,3590,FLECHAMBAULT,51100.0,REIMS,51,454,DM,631,2,2.0,Appartement,73.0,3.0
1616582,14/02/2020,Vente,"105000,00",33.0,RUE,6010,MARTIN PELLER,51100.0,REIMS,51,454,HX,545,2,2.0,Appartement,45.0,2.0
1616585,14/02/2020,Vente,"134000,00",70.0,PROM,6867,DU PEIGNAGE,51100.0,REIMS,51,454,CT,533,1,2.0,Appartement,46.0,2.0
1616591,11/02/2020,Vente,"190000,00",37.0,BD,2930,DOCTEUR HENRI HENROT,51100.0,REIMS,51,454,DM,663,2,2.0,Appartement,92.0,5.0
1616592,03/02/2020,Vente,"100500,00",6.0,RUE,2192,COMMANDANT ARNAUD,51100.0,REIMS,51,454,AL,402,2,2.0,Appartement,103.0,5.0
1616594,07/02/2020,Vente,"197000,00",4.0,RUE,7980,ST MAURICE,51100.0,REIMS,51,454,CZ,383,4,2.0,Appartement,90.0,4.0
1616595,04/02/2020,Vente,"148575,00",51.0,BD,7550,ROBESPIERRE,51100.0,REIMS,51,454,AY,509,1,2.0,Appartement,90.0,3.0
1616596,04/02/2020,Vente,"148575,00",51.0,BD,7550,ROBESPIERRE,51100.0,REIMS,51,454,AY,509,1,2.0,Appartement,70.0,3.0
1616597,04/02/2020,Vente,"232000,00",51.0,BD,7550,ROBESPIERRE,51100.0,REIMS,51,454,AY,509,1,2.0,Appartement,90.0,3.0
1616598,04/02/2020,Vente,"232000,00",51.0,BD,7550,ROBESPIERRE,51100.0,REIMS,51,454,AY,509,1,2.0,Appartement,70.0,3.0
1616601,13/02/2020,Vente,"89000,00",333.0,AV,5300,DE LAON,51100.0,REIMS,51,454,AN,548,1,2.0,Appartement,81.0,3.0
1616604,07/02/2020,Vente en l'état futur d'achèvement,"128000,00",14.0,RUE,0123,CAPITAINE ALFRED DREYFUS,51100.0,REIMS,51,454,AV,1091,1,2.0,Appartement,27.0,1.0
1616606,12/02/2020,Vente en l'état futur d'achèvement,"238000,00",28.0,CHS,0980,BOCQUAINE,51100.0,REIMS,51,454,HZ,172,1,2.0,Appartement,69.0,3.0
1616610,29/01/2020,Vente,"222000,00",137.0,BD,7140,POMMERY,51100.0,REIMS,51,454,CI,65,2,2.0,Appartement,89.0,4.0
1616614,13/02/2020,Vente,"258940,00",7.0,RUE,8580,DES TEMPLIERS,51100.0,REIMS,51,454,BH,346,2,2.0,Appartement,99.0,3.0
1616619,30/01/2020,Vente,"400000,00",51.0,BD,4550,HENRY VASNIER,51100.0,REIMS,51,454,CI,77,2,2.0,Appartement,123.0,5.0
1616625,05/02/2020,Vente,"151000,00",25.0,ESP,3590,FLECHAMBAULT,51100.0,REIMS,51,454,DM,631,2,2.0,Appartement,73.0,3.0
1616630,06/02/2020,Vente en l'état futur d'achèvement,"215000,00",,RUE,6490,DE NICE,51100.0,REIMS,51,454,CR,94,1,2.0,Appartement,90.0,4.0
1616633,06/02/2020,Vente,"130500,00",7.0,ESP,7433,REMI PELLOT,51100.0,REIMS,51,454,AN,169,1,2.0,Appartement,72.0,3.0
1616637,14/02/2020,Vente,"190000,00",35.0,RUE,5520,DES LILAS,51100.0,REIMS,51,454,AS,45,1,2.0,Appartement,61.0,3.0
1616645,29/01/2020,Vente,"87500,00",67.0,AV,4900,JEAN JAURES,51100.0,REIMS,51,454,BI,384,1,2.0,Appartement,49.0,3.0
1616646,10/02/2020,Vente,"36000,00",9.0,RUE,2975,DR LUCIEN BETTINGER,51100.0,REIMS,51,454,AE,283,2,2.0,Appartement,27.0,1.0
1616647,07/02/2020,Vente en l'état futur d'achèvement,"283851,00",35.0,RUE,6920,PETIT DELBOURG,51100.0,REIMS,51,454,CL,579,1,2.0,Appartement,76.0,2.0
1616651,31/01/2020,Vente,"64100,00",10.0,RUE,4610,HOURELLE,51100.0,REIMS,51,454,KO,26,2,2.0,Appartement,30.0,2.0
1616669,31/01/2020,Vente,"120000,00",15.0,RUE,0845,BERTRAND DE MUN,51100.0,REIMS,51,454,CM,145,2,2.0,Appartement,73.0,3.0
1616678,30/01/2020,Vente,"46000,00",145.0,RUE,2560,CROIX ST MARC,51100.0,REIMS,51,454,CV,230,1,2.0,Appartement,19.0,1.0
1616680,05/02/2020,Vente,"90000,00",4.0,RUE,7310,PRIEUR DE LA MARNE,51100.0,REIMS,51,454,BI,258,1,2.0,Appartement,38.0,2.0
1616681,05/02/2020,Vente,"90000,00",4.0,RUE,7310,PRIEUR DE LA MARNE,51100.0,REIMS,51,454,BI,258,1,2.0,Appartement,35.0,2.0
1616682,22/02/2020,Vente,"205000,00",51.0,RUE,4880,JEAN DE LA FONTAINE,51100.0,REIMS,51,454,CV,425,0,2.0,Appartement,28.0,1.0
1616683,22/02/2020,Vente,"205000,00",51.0,RUE,4880,JEAN DE LA FONTAINE,51100.0,REIMS,51,454,CV,425,0,2.0,Appartement,33.0,1.0
1616684,22/02/2020,Vente,"205000,00",51.0,RUE,4880,JEAN DE LA FONTAINE,51100.0,REIMS,51,454,CV,425,0,2.0,Appartement,22.0,1.0
1616686,17/02/2020,Vente,"430500,00",13.0,RUE,7021,PIERRE MAITRE,51100.0,REIMS,51,454,AP,106,0,2.0,Appartement,150.0,5.0
1616687,17/02/2020,Vente,"430500,00",13.0,RUE,7021,PIERRE MAITRE,51100.0,REIMS,51,454,AP,106,0,2.0,Appartement,146.0,3.0
1616690,14/02/2020,Vente,"110000,00",3.0,RUE,8720,TOURNEBONNEAU,51100.0,REIMS,51,454,DM,628,1,2.0,Appartement,64.0,3.0
1616692,17/02/2020,Vente,"221490,00",224.0,BD,7140,POMMERY,51100.0,REIMS,51,454,CI,21,2,2.0,Appartement,93.0,5.0
1616698,31/01/2020,Vente,"172000,00",1.0,AV,4010,GEORGES CLEMENCEAU,51100.0,REIMS,51,454,CK,312,1,2.0,Appartement,83.0,4.0
1616704,11/02/2020,Vente,"151500,00",3.0,RUE,8320,DE SILLERY,51100.0,REIMS,51,454,CK,316,1,2.0,Appartement,81.0,3.0
1616713,31/01/2020,Vente,"120000,00",6.0,RUE,7680,ROUILLE,51100.0,REIMS,51,454,IL,407,1,2.0,Appartement,28.0,1.0
1616715,10/02/2020,Vente,"175000,00",58.0,AV,3320,D EPERNAY,51100.0,REIMS,51,454,HW,50,2,2.0,Appartement,80.0,3.0
1616716,31/01/2020,Vente,"623900,00",20.0,PL,5390,LEON BOURGEOIS,51100.0,REIMS,51,454,BE,489,1,2.0,Appartement,189.0,6.0
1616723,18/02/2020,Vente en l'état futur d'achèvement,"200000,00",7.0,RUE,5260,LAMOUCHE,51100.0,REIMS,51,454,AV,754,1,2.0,Appartement,54.0,2.0
1616732,13/02/2020,Vente,"390000,00",84.0,RUE,4740,JACQUART,51100.0,REIMS,51,454,BI,583,0,2.0,Appartement,37.0,2.0
1616733,13/02/2020,Vente,"390000,00",84.0,RUE,4740,JACQUART,51100.0,REIMS,51,454,BI,583,0,2.0,Appartement,37.0,2.0
1616734,13/02/2020,Vente,"390000,00",84.0,RUE,4740,JACQUART,51100.0,REIMS,51,454,BI,583,0,2.0,Appartement,22.0,1.0
1616736,13/02/2020,Vente,"390000,00",86.0,RUE,4740,JACQUART,51100.0,REIMS,51,454,BI,584,0,2.0,Appartement,60.0,3.0
1616737,13/02/2020,Vente,"390000,00",86.0,RUE,4740,JACQUART,51100.0,REIMS,51,454,BI,584,0,2.0,Appartement,30.0,2.0
1616741,17/02/2020,Vente,"116850,00",1.0,RUE,8290,16E ET 22E DRAGONS,51100.0,REIMS,51,454,CK,17,1,2.0,Appartement,58.0,2.0
1616743,31/01/2020,Vente,"130000,00",7.0,RUE,1390,DES CAPUCINS,51100.0,REIMS,51,454,IK,1357,2,2.0,Appartement,56.0,2.0
1616749,14/02/2020,Vente,"245000,00",9.0,RUE,1056,DES BONS MALADES,51100.0,REIMS,51,454,IO,383,1,2.0,Appartement,70.0,3.0
1616757,12/02/2020,Vente,"81000,00",53.0,RUE,6470,DE NEUFCHATEL,51100.0,REIMS,51,454,AX,912,1,2.0,Appartement,44.0,2.0
1616758,12/02/2020,Vente,"81000,00",53.0,RUE,6470,DE NEUFCHATEL,51100.0,REIMS,51,454,AX,912,1,2.0,Appartement,57.0,3.0
1616759,12/02/2020,Vente,"115500,00",15.0,RUE,8890,DE L UNION FONCIERE,51100.0,REIMS,51,454,HX,220,2,2.0,Appartement,62.0,3.0
1616763,20/02/2020,Vente,"760000,00",11.0,RUE,7860,SAINT HILAIRE,51100.0,REIMS,51,454,BE,230,0,2.0,Appartement,131.0,5.0
1616764,20/02/2020,Vente,"760000,00",11.0,RUE,7860,SAINT HILAIRE,51100.0,REIMS,51,454,BE,230,0,2.0,Appartement,45.0,2.0
1616765,20/02/2020,Vente,"186200,00",1.0,RUE,4906,JEAN LE LOUP,51100.0,REIMS,51,454,IK,1348,1,2.0,Appartement,100.0,5.0
1616767,26/02/2020,Vente,"345000,00",92.0,BD,7550,ROBESPIERRE,51100.0,REIMS,51,454,AY,446,0,2.0,Appartement,53.0,3.0
1616768,26/02/2020,Vente,"345000,00",92.0,BD,7550,ROBESPIERRE,51100.0,REIMS,51,454,AY,446,0,2.0,Appartement,57.0,4.0
1616769,26/02/2020,Vente,"345000,00",92.0,BD,7550,ROBESPIERRE,51100.0,REIMS,51,454,AY,446,0,2.0,Appartement,62.0,3.0
1616774,14/02/2020,Vente,"123500,00",17.0,RUE,4100,DES GOBELINS,51100.0,REIMS,51,454,CV,981,1,2.0,Appartement,62.0,2.0
1616778,29/01/2020,Vente,"240000,00",8.0,RUE,1710,DE CHAMPIGNY,51100.0,REIMS,51,454,AR,873,0,2.0,Appartement,40.0,2.0
1616779,29/01/2020,Vente,"240000,00",8.0,RUE,1710,DE CHAMPIGNY,51100.0,REIMS,51,454,AR,873,0,2.0,Appartement,30.0,2.0
1616780,29/01/2020,Vente,"240000,00",8.0,RUE,1710,DE CHAMPIGNY,51100.0,REIMS,51,454,AR,873,0,2.0,Appartement,33.0,2.0
1616781,29/01/2020,Vente,"240000,00",8.0,RUE,1710,DE CHAMPIGNY,51100.0,REIMS,51,454,AR,873,0,2.0,Appartement,40.0,2.0
1616785,12/02/2020,Vente,"92000,00",65.0,PL,3040,DROUET D ERLON,51100.0,REIMS,51,454,IM,34,1,2.0,Appartement,28.0,1.0
1616789,14/02/2020,Vente,"150500,00",28.0,BD,5010,JOFFRE,51100.0,REIMS,51,454,IL,548,1,2.0,Appartement,67.0,2.0
1616792,18/02/2020,Vente,"55000,00",52.0,RUE,5920,M CLEMENCE FOURIAUX,51100.0,REIMS,51,454,AV,292,1,2.0,Appartement,36.0,2.0
1616797,14/02/2020,Vente,"107000,00",16.0,RUE,8480,DE TAISSY,51100.0,REIMS,51,454,DK,234,2,2.0,Appartement,69.0,4.0
1616798,18/02/2020,Vente,"135000,00",150.0,RUE,6830,P VAILLANT COUTURIER,51100.0,REIMS,51,454,AN,174,2,2.0,Appartement,78.0,4.0
1616803,11/02/2020,Vente,"167100,00",8.0,COUR,3110,DES ECHELLES,51100.0,REIMS,51,454,CW,81,1,2.0,Appartement,52.0,2.0
1616810,13/02/2020,Vente,"305000,00",95.0,RUE,8430,DE STRASBOURG,51100.0,REIMS,51,454,CV,646,0,2.0,Appartement,36.0,2.0
1616812,13/02/2020,Vente,"305000,00",95.0,RUE,8430,DE STRASBOURG,51100.0,REIMS,51,454,CV,646,0,2.0,Appartement,36.0,2.0
1616822,17/02/2020,Vente,"135000,00",1.0,RUE,4060,GERSON,51100.0,REIMS,51,454,AV,612,2,2.0,Appartement,70.0,2.0
1616825,24/02/2020,Vente,"238300,00",19.0,RUE,5190,KELLERMANN,51100.0,REIMS,51,454,BH,490,2,2.0,Appartement,83.0,3.0
1616829,14/02/2020,Vente,"160083,00",7.0,RUE,3517,DE LA FERME DES ANGLAIS,51100.0,REIMS,51,454,CT,606,1,2.0,Appartement,69.0,3.0
1616840,21/02/2020,Vente en l'état futur d'achèvement,"186900,00",14.0,RUE,0123,CAPITAINE ALFRED DREYFUS,51100.0,REIMS,51,454,AV,1091,1,2.0,Appartement,52.0,2.0
1616871,26/02/2020,Vente en l'état futur d'achèvement,"135253,00",52.0,RUE,5400,LEON FAUCHER,51100.0,REIMS,51,454,BC,269,1,2.0,Appartement,43.0,2.0
1616879,26/02/2020,Vente en l'état futur d'achèvement,"236744,00",52.0,RUE,5400,LEON FAUCHER,51100.0,REIMS,51,454,BC,269,1,2.0,Appartement,67.0,3.0
1616881,19/02/2020,Vente,"117500,00",23.0,RUE,8270,DE SEBASTOPOL,51100.0,REIMS,51,454,BI,734,1,2.0,Appartement,50.0,2.0
1616886,14/02/2020,Vente,"295000,00",24.0,RUE,2450,COURMEAUX,51100.0,REIMS,51,454,BE,71,3,2.0,Appartement,86.0,4.0
1616891,06/02/2020,Vente,"124000,00",9.0,RUE,5891,MARCEL THIL,51100.0,REIMS,51,454,AV,399,2,2.0,Appartement,57.0,3.0
1616893,13/02/2020,Vente,"59000,00",2.0,RUE,5770,MACQUART,51100.0,REIMS,51,454,BH,93,1,2.0,Appartement,28.0,1.0
1616898,03/03/2020,Vente,"95000,00",17.0,RUE,6720,DE PARGNY,51100.0,REIMS,51,454,HX,401,2,2.0,Appartement,68.0,4.0
1616899,14/02/2020,Vente,"80000,00",25.0,RUE,3770,FRANCOIS DOR,51100.0,REIMS,51,454,HX,390,2,2.0,Appartement,53.0,3.0
1616900,14/02/2020,Vente,"104950,00",150.0,RUE,6830,P VAILLANT COUTURIER,51100.0,REIMS,51,454,AN,174,2,2.0,Appartement,52.0,2.0
1616902,13/02/2020,Vente,"160650,00",25.0,RUE,6830,P VAILLANT COUTURIER,51100.0,REIMS,51,454,AV,228,2,2.0,Appartement,62.0,3.0
1616907,04/03/2020,Vente,"1600000,00",32.0,RUE,1250,DE BRIMONTEL,51100.0,REIMS,51,454,AY,582,0,2.0,Appartement,128.0,5.0
1616908,04/03/2020,Vente,"1600000,00",32.0,RUE,1250,DE BRIMONTEL,51100.0,REIMS,51,454,AY,582,0,2.0,Appartement,146.0,7.0
1616909,04/03/2020,Vente,"1600000,00",32.0,RUE,1250,DE BRIMONTEL,51100.0,REIMS,51,454,AY,582,0,2.0,Appartement,128.0,6.0
1616914,04/03/2020,Vente,"1600000,00",26.0,RUE,1250,DE BRIMONTEL,51100.0,REIMS,51,454,AY,587,0,2.0,Appartement,86.0,5.0
1616916,04/03/2020,Vente,"1600000,00",26.0,RUE,1250,DE BRIMONTEL,51100.0,REIMS,51,454,AY,587,0,2.0,Appartement,86.0,5.0
1616941,14/02/2020,Vente,"172000,00",60.0,RUE,4355,HANNAH ARENDT,51100.0,REIMS,51,454,CR,61,1,2.0,Appartement,71.0,3.0
1616943,13/02/2020,Vente,"107400,00",7.0,RUE,0450,AUGER,51100.0,REIMS,51,454,AI,222,2,2.0,Appartement,71.0,4.0
1616951,14/02/2020,Vente,"800000,00",9.0,RUE,1710,DE CHAMPIGNY,51100.0,REIMS,51,454,AR,318,0,2.0,Appartement,25.0,1.0
1616952,14/02/2020,Vente,"800000,00",9.0,RUE,1710,DE CHAMPIGNY,51100.0,REIMS,51,454,AR,318,0,2.0,Appartement,25.0,1.0
1616953,14/02/2020,Vente,"800000,00",9.0,RUE,1710,DE CHAMPIGNY,51100.0,REIMS,51,454,AR,318,0,2.0,Appartement,32.0,2.0
1616954,14/02/2020,Vente,"800000,00",9.0,RUE,1710,DE CHAMPIGNY,51100.0,REIMS,51,454,AR,318,0,2.0,Appartement,35.0,2.0
1616955,14/02/2020,Vente,"800000,00",9.0,RUE,1710,DE CHAMPIGNY,51100.0,REIMS,51,454,AR,318,0,2.0,Appartement,40.0,2.0
1616956,14/02/2020,Vente,"800000,00",9.0,RUE,1710,DE CHAMPIGNY,51100.0,REIMS,51,454,AR,318,0,2.0,Appartement,36.0,2.0
1616957,14/02/2020,Vente,"800000,00",9.0,RUE,1710,DE CHAMPIGNY,51100.0,REIMS,51,454,AR,318,0,2.0,Appartement,31.0,2.0
1616958,14/02/2020,Vente,"800000,00",9.0,RUE,1710,DE CHAMPIGNY,51100.0,REIMS,51,454,AR,318,0,2.0,Appartement,31.0,2.0
1616959,14/02/2020,Vente,"800000,00",9.0,RUE,1710,DE CHAMPIGNY,51100.0,REIMS,51,454,AR,318,0,2.0,Appartement,35.0,2.0
1616960,14/02/2020,Vente,"800000,00",9.0,RUE,1710,DE CHAMPIGNY,51100.0,REIMS,51,454,AR,318,0,2.0,Appartement,35.0,2.0
1616962,04/03/2020,Vente,"116700,00",16.0,RUE,2480,DES COUTURES,51100.0,REIMS,51,454,CK,232,2,2.0,Appartement,50.0,2.0
1616969,02/03/2020,Vente,"92650,00",4.0,RUE,2250,DE LA CONCORDE,51100.0,REIMS,51,454,IO,407,1,2.0,Appartement,43.0,1.0
1616971,02/03/2020,Vente,"135000,00",17.0,RUE,7090,PLUMET FOLLIART,51100.0,REIMS,51,454,AV,481,1,2.0,Appartement,26.0,1.0
1616972,02/03/2020,Vente,"135000,00",25.0,RUE,9090,VICTOR ROGELET,51100.0,REIMS,51,454,AW,166,1,2.0,Appartement,24.0,1.0
1616973,14/02/2020,Vente,"272000,00",67.0,RUE,4770,DU JARD,51100.0,REIMS,51,454,IK,288,2,2.0,Appartement,88.0,4.0
1616975,29/02/2020,Vente,"142900,00",3.0,RUE,4690,IRENEE LELIEVRE,51100.0,REIMS,51,454,HZ,200,1,2.0,Appartement,48.0,2.0
1616979,14/02/2020,Vente,"60000,00",74.0,RUE,6230,DU MONT D ARENE,51100.0,REIMS,51,454,AV,391,1,2.0,Appartement,45.0,3.0
1616980,11/02/2020,Vente,"60000,00",38.0,RUE,0610,BARON,51100.0,REIMS,51,454,CV,224,1,2.0,Appartement,26.0,1.0
1616982,14/02/2020,Vente,"118000,00",307.0,AV,5300,DE LAON,51100.0,REIMS,51,454,AN,643,1,2.0,Appartement,38.0,2.0
1616989,19/02/2020,Vente,"105400,00",82.0,RUE,6330,DES MOULINS,51100.0,REIMS,51,454,CY,617,2,2.0,Appartement,42.0,2.0
1616990,17/02/2020,Vente,"526620,00",90.0,RUE,1390,DES CAPUCINS,51100.0,REIMS,51,454,IK,276,0,2.0,Appartement,48.0,2.0
1616991,17/02/2020,Vente,"526620,00",90.0,RUE,1390,DES CAPUCINS,51100.0,REIMS,51,454,IK,276,0,2.0,Appartement,78.0,3.0
1616999,05/03/2020,Vente,"195000,00",13.0,RUE,3650,FOLLE PEINE,51100.0,REIMS,51,454,CY,454,1,2.0,Appartement,76.0,3.0
1617002,20/02/2020,Vente,"43700,00",60.0,RUE,2080,CLOVIS CHEZEL,51100.0,REIMS,51,454,DN,546,1,2.0,Appartement,20.0,1.0
1617014,19/02/2020,Vente,"49000,00",4.0,RUE,8480,DE TAISSY,51100.0,REIMS,51,454,DK,184,1,2.0,Appartement,37.0,1.0
1617038,25/02/2020,Vente,"142500,00",31.0,AV,4900,JEAN JAURES,51100.0,REIMS,51,454,BH,531,2,2.0,Appartement,66.0,3.0
1617040,26/02/2020,Vente,"87500,00",73.0,RUE,7160,PONSARDIN,51100.0,REIMS,51,454,CY,627,1,2.0,Appartement,24.0,1.0
1617043,18/02/2020,Vente,"89000,00",2.0,RUE,5750,DE MACON,51100.0,REIMS,51,454,CX,163,2,2.0,Appartement,30.0,1.0
1617045,26/02/2020,Vente,"110000,00",11.0,RUE,0175,ALPHONSE DAUDET,51100.0,REIMS,51,454,HV,978,2,2.0,Appartement,91.0,5.0
1617049,13/02/2020,Vente,"118000,00",52.0,RUE,1390,DES CAPUCINS,51100.0,REIMS,51,454,IK,426,1,2.0,Appartement,33.0,1.0
1617064,20/02/2020,Vente,"482000,00",38.0,CRS,4850,J B LANGLET,51100.0,REIMS,51,454,IL,57,1,2.0,Appartement,101.0,3.0
1617067,18/02/2020,Vente,"85900,00",116.0,RUE,7160,PONSARDIN,51100.0,REIMS,51,454,CY,131,3,2.0,Appartement,28.0,1.0
1617070,26/02/2020,Vente,"67600,00",333.0,AV,5300,DE LAON,51100.0,REIMS,51,454,AN,548,1,2.0,Appartement,52.0,2.0
1617076,03/03/2020,Vente,"155000,00",16.0,AV,4900,JEAN JAURES,51100.0,REIMS,51,454,CW,57,2,2.0,Appartement,68.0,3.0
1617078,24/02/2020,Vente,"185000,00",88.0,RUE,5490,LIBERGIER,51100.0,REIMS,51,454,IK,777,2,2.0,Appartement,70.0,3.0
1617087,28/02/2020,Vente,"119000,00",19.0,RUE,5019,JOLIOT CURIE,51100.0,REIMS,51,454,KT,290,2,2.0,Appartement,94.0,4.0
1617089,21/02/2020,Vente,"440000,00",9.0,RUE,4740,JACQUART,51100.0,REIMS,51,454,BH,549,0,2.0,Appartement,16.0,1.0
1617090,21/02/2020,Vente,"440000,00",9.0,RUE,4740,JACQUART,51100.0,REIMS,51,454,BH,549,0,2.0,Appartement,9.0,1.0
1617091,21/02/2020,Vente,"440000,00",9.0,RUE,4740,JACQUART,51100.0,REIMS,51,454,BH,549,0,2.0,Appartement,14.0,1.0
1617092,21/02/2020,Vente,"440000,00",9.0,RUE,4740,JACQUART,51100.0,REIMS,51,454,BH,549,0,2.0,Appartement,14.0,1.0
1617093,21/02/2020,Vente,"440000,00",9.0,RUE,4740,JACQUART,51100.0,REIMS,51,454,BH,549,0,2.0,Appartement,29.0,2.0
1617094,21/02/2020,Vente,"440000,00",9.0,RUE,4740,JACQUART,51100.0,REIMS,51,454,BH,549,0,2.0,Appartement,14.0,1.0
1617095,21/02/2020,Vente,"440000,00",9.0,RUE,4740,JACQUART,51100.0,REIMS,51,454,BH,549,0,2.0,Appartement,28.0,2.0
1617096,21/02/2020,Vente,"440000,00",9.0,RUE,4740,JACQUART,51100.0,REIMS,51,454,BH,549,0,2.0,Appartement,22.0,1.0
1617097,21/02/2020,Vente,"440000,00",9.0,RUE,4740,JACQUART,51100.0,REIMS,51,454,BH,549,0,2.0,Appartement,25.0,1.0
1617098,02/03/2020,Vente,"65000,00",96.0,AV,3320,D EPERNAY,51100.0,REIMS,51,454,HW,387,2,2.0,Appartement,38.0,1.0
1617100,06/03/2020,Vente,"90700,00",18.0,RUE,5920,M CLEMENCE FOURIAUX,51100.0,REIMS,51,454,AV,367,2,2.0,Appartement,37.0,2.0
1617101,20/02/2020,Vente,"97500,00",86.0,RUE,7010,PIERRE BROSSOLETTE,51100.0,REIMS,51,454,AV,538,2,2.0,Appartement,47.0,2.0
1617104,21/02/2020,Vente,"145000,00",4.0,RUE,5891,MARCEL THIL,51100.0,REIMS,51,454,AV,949,1,2.0,Appartement,55.0,2.0
1617105,26/02/2020,Vente,"67000,00",19.0,RUE,3850,GAMBETTA,51100.0,REIMS,51,454,CY,12,1,2.0,Appartement,35.0,1.0
1617109,04/03/2020,Vente,"120000,00",61.0,RUE,4740,JACQUART,51100.0,REIMS,51,454,BH,536,3,2.0,Appartement,70.0,3.0
1617112,21/02/2020,Vente,"200000,00",58.0,AV,3320,D EPERNAY,51100.0,REIMS,51,454,HW,50,2,2.0,Appartement,80.0,3.0
1617114,24/02/2020,Vente,"146000,00",12.0,RUE,3520,FERRAND DE MONTHELON,51100.0,REIMS,51,454,AD,10,2,2.0,Appartement,80.0,4.0
1617116,02/03/2020,Vente,"87800,00",38.0,RUE,2570,CROUTELLE,51100.0,REIMS,51,454,AV,111,2,2.0,Appartement,43.0,2.0
1617117,25/02/2020,Vente,"88000,00",4.0,RUE,1270,BRULART,51100.0,REIMS,51,454,CZ,266,1,2.0,Appartement,50.0,2.0
1617119,03/03/2020,Vente,"63830,00",59.0,RUE,6230,DU MONT D ARENE,51100.0,REIMS,51,454,AT,16,1,2.0,Appartement,22.0,1.0
1617124,02/03/2020,Vente,"623650,00",39.0,RUE,6740,PASSE DEMOISELLES,51100.0,REIMS,51,454,HY,147,6,2.0,Appartement,161.0,6.0
1617135,20/02/2020,Vente,"85700,00",2.0,ALL,2003,CLAUDE MONET,51100.0,REIMS,51,454,DK,198,1,2.0,Appartement,48.0,2.0
1617136,12/02/2020,Vente,"80000,00",74.0,RUE,6230,DU MONT D ARENE,51100.0,REIMS,51,454,AV,391,1,2.0,Appartement,46.0,3.0
1617139,14/02/2020,Vente,"83000,00",23.0,RUE,6470,DE NEUFCHATEL,51100.0,REIMS,51,454,AX,58,1,2.0,Appartement,46.0,2.0
1617144,24/02/2020,Vente,"312500,00",3.0,RUE,1310,BUIRETTE,51100.0,REIMS,51,454,IM,84,2,2.0,Appartement,114.0,4.0
1617155,27/02/2020,Vente,"79000,00",191.0,RUE,1590,DE CERNAY,51100.0,REIMS,51,454,CT,60,2,2.0,Appartement,33.0,2.0
1617171,28/02/2020,Vente,"64000,00",14.0,BD,2830,DIEU LUMIERE,51100.0,REIMS,51,454,DK,269,2,2.0,Appartement,33.0,1.0
1617175,12/02/2020,Vente,"52000,00",22.0,RUE,2570,CROUTELLE,51100.0,REIMS,51,454,AV,124,1,2.0,Appartement,23.0,1.0
1617194,19/02/2020,Vente,"110000,00",50.0,RUE,1360,CAMILLE LENOIR,51100.0,REIMS,51,454,BH,568,1,2.0,Appartement,46.0,1.0
1617197,10/03/2020,Vente,"137000,00",4.0,ESP,3590,FLECHAMBAULT,51100.0,REIMS,51,454,DM,636,2,2.0,Appartement,83.0,4.0
1617201,18/02/2020,Vente,"76000,00",5.0,RUE,8720,TOURNEBONNEAU,51100.0,REIMS,51,454,DM,628,1,2.0,Appartement,30.0,1.0
1617209,18/02/2020,Vente,"105000,00",40.0,RUE,2670,DAVID,51100.0,REIMS,51,454,CW,217,3,2.0,Appartement,42.0,3.0
1617210,20/02/2020,Vente,"157000,00",9.0,RUE,1667,DES CHAMPS NEUV,51100.0,REIMS,51,454,KI,243,1,2.0,Appartement,60.0,3.0
1617214,21/02/2020,Vente,"248000,00",1.0,IMP,5470,DU LEVANT,51100.0,REIMS,51,454,CX,617,2,2.0,Appartement,89.0,5.0
1617234,20/02/2020,Vente,"125000,00",24.0,RUE,3850,GAMBETTA,51100.0,REIMS,51,454,IK,1398,1,2.0,Appartement,48.0,2.0
1617235,27/02/2020,Vente,"94000,00",122.0,BD,7960,ST MARCEAUX,51100.0,REIMS,51,454,CK,176,2,2.0,Appartement,52.0,2.0
1617241,06/03/2020,Vente,"186004,00",1.0,AV,7295,DU PRESIDENT KENNEDY,51100.0,REIMS,51,454,KN,16,2,2.0,Appartement,115.0,5.0
1617242,10/03/2020,Vente,"90000,00",19.0,AV,3320,D EPERNAY,51100.0,REIMS,51,454,DP,460,2,2.0,Appartement,55.0,2.0
1617244,02/03/2020,Vente,"105430,00",67.0,RUE,3500,FAVART D HERBIGNY,51100.0,REIMS,51,454,CV,1134,1,2.0,Appartement,42.0,2.0
1617263,20/02/2020,Vente,"172500,00",7.0,IMP,1440,DES CARMELITES,51100.0,REIMS,51,454,IK,1347,1,2.0,Appartement,55.0,2.0
1617264,27/02/2020,Vente,"100000,00",98.0,RUE,3850,GAMBETTA,51100.0,REIMS,51,454,CY,336,1,2.0,Appartement,34.0,1.0
1617266,10/03/2020,Vente,"370000,00",149.0,AV,5300,DE LAON,51100.0,REIMS,51,454,AV,774,1,2.0,Appartement,159.0,4.0
1617274,25/02/2020,Vente,"62000,00",18.0,RUE,7340,DU PROGRES,51100.0,REIMS,51,454,AO,335,2,2.0,Appartement,39.0,1.0
1617282,06/03/2020,Vente,"86100,00",12.0,BD,5680,LUNDY,51100.0,REIMS,51,454,BH,572,1,2.0,Appartement,31.0,1.0
1617288,06/03/2020,Vente,"70000,00",75.0,RUE,1590,DE CERNAY,51100.0,REIMS,51,454,CW,340,2,2.0,Appartement,30.0,1.0
1617291,09/03/2020,Vente,"195000,00",8.0,RUE,8950,DE VENISE,51100.0,REIMS,51,454,IK,1335,1,2.0,Appartement,112.0,5.0
1617295,02/03/2020,Vente,"208440,00",43.0,RUE,7730,DE SACY,51100.0,REIMS,51,454,DO,294,2,2.0,Appartement,75.0,3.0
1617301,06/03/2020,Vente,"113000,00",34.0,BD,9070,VICTOR HUGO,51100.0,REIMS,51,454,CZ,190,2,2.0,Appartement,45.0,2.0
1617303,28/02/2020,Vente,"58850,00",30.0,RUE,5920,M CLEMENCE FOURIAUX,51100.0,REIMS,51,454,AV,353,1,2.0,Appartement,51.0,2.0
1617327,06/03/2020,Vente,"81000,00",6.0,RUE,8930,VAUTHIER LE NOIR,51100.0,REIMS,51,454,CX,317,1,2.0,Appartement,16.0,1.0
1617335,25/02/2020,Vente,"142000,00",32.0,RUE,6360,DES MURS,51100.0,REIMS,51,454,CY,67,2,2.0,Appartement,66.0,3.0
1617336,25/02/2020,Vente,"113250,00",5.0,RUE,1620,CHABAUD,51100.0,REIMS,51,454,IK,1029,3,2.0,Appartement,39.0,2.0
1617339,24/02/2020,Vente,"163400,00",17.0,RUE,3280,EMILE ZOLA,51100.0,REIMS,51,454,AW,426,2,2.0,Appartement,80.0,4.0
1617340,04/03/2020,Vente,"179000,00",26.0,RUE,1740,CHANZY,51100.0,REIMS,51,454,IK,74,3,2.0,Appartement,143.0,6.0
1617342,24/02/2020,Vente,"71000,00",5.0,RUE,6330,DES MOULINS,51100.0,REIMS,51,454,DM,633,2,2.0,Appartement,30.0,1.0
1617346,06/03/2020,Vente,"140000,00",8.0,RUE,6130,MENNESSON TONNELIER,51100.0,REIMS,51,454,AW,261,6,2.0,Appartement,60.0,4.0
1617353,04/03/2020,Vente,"134200,00",50.0,RUE,8820,DES 3 PILIERS,51100.0,REIMS,51,454,AW,59,1,2.0,Appartement,69.0,3.0
1617354,04/03/2020,Vente,"83900,00",79.0,RUE,4770,DU JARD,51100.0,REIMS,51,454,IK,295,1,2.0,Appartement,54.0,2.0
1617363,27/02/2020,Vente,"147000,00",1.0,RUE,4545,HENRI ROYER,51100.0,REIMS,51,454,HV,978,2,2.0,Appartement,106.0,6.0
1617365,03/03/2020,Vente,"205000,00",18.0,RUE,4035,GERARD PHILIPE,51100.0,REIMS,51,454,CI,67,2,2.0,Appartement,72.0,3.0
1617368,27/02/2020,Vente,"133500,00",37.0,RUE,4560,HINCMAR,51100.0,REIMS,51,454,IK,1267,2,2.0,Appartement,46.0,2.0
1617371,27/02/2020,Vente,"265000,00",8.0,COUR,3110,DES ECHELLES,51100.0,REIMS,51,454,CW,81,1,2.0,Appartement,70.0,3.0
1617373,03/03/2020,Vente,"103000,00",2.0,BD,1510,CARTERET,51100.0,REIMS,51,454,CW,303,1,2.0,Appartement,65.0,3.0
1617376,27/02/2020,Vente,"67000,00",5.0,RUE,3860,DE LA GARENNE,51100.0,REIMS,51,454,HW,385,1,2.0,Appartement,23.0,1.0
1617378,19/02/2020,Vente,"274000,00",47.0,RUE,8560,DES TELLIERS,51100.0,REIMS,51,454,IL,293,1,2.0,Appartement,82.0,5.0
1617381,10/03/2020,Vente,"439980,00",22.0,RUE,8500,DE TALLEYRAND,51100.0,REIMS,51,454,IL,509,2,2.0,Appartement,141.0,6.0
1617383,18/02/2020,Vente,"63500,00",25.0,RUE,3500,FAVART D HERBIGNY,51100.0,REIMS,51,454,CV,898,1,2.0,Appartement,26.0,2.0
1617384,16/03/2020,Vente,"48400,00",135.0,RUE,2440,DE COURLANCY,51100.0,REIMS,51,454,HY,161,1,2.0,Appartement,19.0,1.0
1617402,04/03/2020,Vente,"69000,00",15.0,RUE,6720,DE PARGNY,51100.0,REIMS,51,454,HX,399,1,2.0,Appartement,50.0,2.0
1617403,21/02/2020,Vente,"75000,00",12.0,ESP,6772,PAUL CEZANNE,51100.0,REIMS,51,454,KR,4,2,2.0,Appartement,74.0,4.0
1617412,11/03/2020,Vente,"84000,00",45.0,RUE,5340,LECOINTRE,51100.0,REIMS,51,454,AV,783,1,2.0,Appartement,45.0,2.0
1617414,29/01/2020,Vente,"70000,00",25.0,RUE,3180,EDOUARD MIGNOT,51100.0,REIMS,51,454,AT,374,1,2.0,Appartement,22.0,1.0
1617431,05/03/2020,Vente,"170000,00",87.0,RUE,6230,DU MONT D ARENE,51100.0,REIMS,51,454,AT,9,1,2.0,Appartement,63.0,3.0
1617432,03/03/2020,Vente,"60000,00",74.0,RUE,6230,DU MONT D ARENE,51100.0,REIMS,51,454,AV,391,1,2.0,Appartement,34.0,2.0
1617435,21/02/2020,Vente,"81500,00",1.0,RUE,8290,16E ET 22E DRAGONS,51100.0,REIMS,51,454,CK,17,1,2.0,Appartement,31.0,1.0
1617437,03/03/2020,Vente,"147500,00",26.0,RUE,7190,DE PONTGIVART,51100.0,REIMS,51,454,AY,412,2,2.0,Appartement,67.0,3.0
1617440,05/03/2020,Vente,"107000,00",27.0,RUE,0200,D ALSACE LORRAINE,51100.0,REIMS,51,454,CT,392,2,2.0,Appartement,82.0,4.0
1617441,06/03/2020,Vente,"91000,00",15.0,AV,3320,D EPERNAY,51100.0,REIMS,51,454,DP,459,1,2.0,Appartement,26.0,1.0
1617463,05/03/2020,Vente,"90000,00",29.0,RUE,9090,VICTOR ROGELET,51100.0,REIMS,51,454,AW,168,3,2.0,Appartement,41.0,3.0
1617464,24/02/2020,Vente,"83300,00",116.0,RUE,9040,DE VESLE,51100.0,REIMS,51,454,IM,154,1,2.0,Appartement,30.0,1.0
1617474,02/03/2020,Vente,"141000,00",1.0,RUE,8720,TOURNEBONNEAU,51100.0,REIMS,51,454,DM,628,1,2.0,Appartement,64.0,3.0
1617476,28/02/2020,Vente,"97300,00",28.0,BD,5570,LOUIS BARTHOU,51100.0,REIMS,51,454,DT,671,2,2.0,Appartement,53.0,3.0
1617479,10/03/2020,Vente,"154500,00",37.0,BD,2930,DOCTEUR HENRI HENROT,51100.0,REIMS,51,454,DM,663,2,2.0,Appartement,92.0,5.0
1617492,16/03/2020,Vente,"250000,00",17.0,RUE,3800,DES FUSELIERS,51100.0,REIMS,51,454,CX,501,2,2.0,Appartement,75.0,3.0
1617495,02/03/2020,Vente,"41000,00",41.0,RUE,3820,DE GABES,51100.0,REIMS,51,454,BL,332,2,2.0,Appartement,24.0,1.0
1617498,19/02/2020,Vente,"59000,00",19.0,RUE,0820,DE BERRU,51100.0,REIMS,51,454,CV,808,1,2.0,Appartement,33.0,2.0
1617510,09/03/2020,Vente,"104500,00",9.0,RUE,1056,DES BONS MALADES,51100.0,REIMS,51,454,IO,383,1,2.0,Appartement,51.0,2.0
1617511,06/03/2020,Vente,"113000,00",1.0,RUE,8250,DE SAVOYE,51100.0,REIMS,51,454,BH,333,2,2.0,Appartement,41.0,2.0
1617512,16/03/2020,Vente,"66000,00",9.0,RUE,2975,DR LUCIEN BETTINGER,51100.0,REIMS,51,454,AE,283,2,2.0,Appartement,59.0,3.0
1617516,05/03/2020,Vente,"300000,00",31.0,RUE,7040,PIERRET,51100.0,REIMS,51,454,AW,506,0,2.0,Appartement,25.0,1.0
1617517,05/03/2020,Vente,"300000,00",31.0,RUE,7040,PIERRET,51100.0,REIMS,51,454,AW,506,0,2.0,Appartement,23.0,1.0
1617518,05/03/2020,Vente,"300000,00",31.0,RUE,7040,PIERRET,51100.0,REIMS,51,454,AW,506,0,2.0,Appartement,23.0,1.0
1617519,05/03/2020,Vente,"300000,00",31.0,RUE,7040,PIERRET,51100.0,REIMS,51,454,AW,506,0,2.0,Appartement,20.0,1.0
1617520,05/03/2020,Vente,"300000,00",31.0,RUE,7040,PIERRET,51100.0,REIMS,51,454,AW,506,0,2.0,Appartement,22.0,1.0
1617521,05/03/2020,Vente,"300000,00",31.0,RUE,7040,PIERRET,51100.0,REIMS,51,454,AW,506,0,2.0,Appartement,10.0,1.0
1617522,06/03/2020,Vente,"95000,00",25.0,ESP,3590,FLECHAMBAULT,51100.0,REIMS,51,454,DM,631,2,2.0,Appartement,73.0,3.0
1617543,22/02/2020,Vente,"63950,00",22.0,RUE,7150,DE LA POMPELLE,51100.0,REIMS,51,454,CL,707,1,2.0,Appartement,19.0,1.0
1617545,09/03/2020,Vente,"78000,00",61.0,RUE,6230,DU MONT D ARENE,51100.0,REIMS,51,454,AT,15,2,2.0,Appartement,32.0,2.0
1617563,16/03/2020,Vente,"300000,00",18.0,CRS,4850,J B LANGLET,51100.0,REIMS,51,454,IL,501,2,2.0,Appartement,99.0,4.0
1617564,03/03/2020,Vente,"300000,00",58.0,RUE,4220,GRANDVAL,51100.0,REIMS,51,454,CL,203,0,2.0,Appartement,59.0,3.0
1617565,03/03/2020,Vente,"300000,00",58.0,RUE,4220,GRANDVAL,51100.0,REIMS,51,454,CL,203,0,2.0,Appartement,53.0,3.0
1617566,03/03/2020,Vente,"300000,00",58.0,RUE,4220,GRANDVAL,51100.0,REIMS,51,454,CL,203,0,2.0,Appartement,59.0,3.0
1617568,09/03/2020,Vente,"63000,00",10.0,RUE,5270,LANDOUZY,51100.0,REIMS,51,454,AW,286,1,2.0,Appartement,40.0,1.0
1617571,12/03/2020,Vente en l'état futur d'achèvement,"250000,00",7.0,RUE,5260,LAMOUCHE,51100.0,REIMS,51,454,AV,754,1,2.0,Appartement,64.0,3.0
1617581,26/02/2020,Vente,"80000,00",4.0,RUE,5460,LESAGE,51100.0,REIMS,51,454,AW,247,2,2.0,Appartement,53.0,2.0
1617594,20/03/2020,Vente,"144000,00",7.0,RUE,3180,EDOUARD MIGNOT,51100.0,REIMS,51,454,AT,415,1,2.0,Appartement,55.0,2.0
1617616,05/03/2020,Vente,"155800,00",6.0,RUE,0400,ARMONVILLE,51100.0,REIMS,51,454,CZ,600,1,2.0,Appartement,65.0,3.0
1617631,28/02/2020,Vente,"92000,00",25.0,RUE,4160,DE LA GOULETTE,51100.0,REIMS,51,454,BL,469,2,2.0,Appartement,83.0,4.0
1617640,06/03/2020,Vente,"139000,00",9.0,ALL,1725,CH NICOLAS ROLAND,51100.0,REIMS,51,454,DM,239,2,2.0,Appartement,69.0,3.0
1617643,13/03/2020,Vente,"72000,00",16.0,RUE,6230,DU MONT D ARENE,51100.0,REIMS,51,454,AV,794,1,2.0,Appartement,44.0,1.0
1617646,26/02/2020,Vente,"420000,00",20.0,RUE,4540,HENRI IV,51100.0,REIMS,51,454,BE,361,5,2.0,Appartement,136.0,7.0
1617650,26/02/2020,Vente,"185000,00",2.0,RUE,1020,BONHOMME,51100.0,REIMS,51,454,BE,85,2,2.0,Appartement,60.0,4.0
1617658,10/03/2020,Vente,"76460,00",25.0,RUE,3180,EDOUARD MIGNOT,51100.0,REIMS,51,454,AT,374,1,2.0,Appartement,24.0,1.0
1617659,06/03/2020,Vente,"63000,00",42.0,RUE,5920,M CLEMENCE FOURIAUX,51100.0,REIMS,51,454,AV,297,2,2.0,Appartement,39.0,2.0
1617661,04/03/2020,Vente,"225000,00",8.0,RUE,0270,ANDRIEUX,51100.0,REIMS,51,454,BE,41,2,2.0,Appartement,75.0,3.0
1617663,06/03/2020,Vente,"119000,00",2.0,RUE,4740,JACQUART,51100.0,REIMS,51,454,BI,386,1,2.0,Appartement,45.0,2.0
1617667,03/03/2020,Vente,"120000,00",19.0,ESP,5446,LE ROUET,51100.0,REIMS,51,454,CT,390,1,2.0,Appartement,84.0,4.0
1617669,10/03/2020,Vente,"57500,00",8.0,CHS,0980,BOCQUAINE,51100.0,REIMS,51,454,HZ,103,1,2.0,Appartement,22.0,1.0
1617673,06/03/2020,Vente,"72000,00",136.0,RUE,1590,DE CERNAY,51100.0,REIMS,51,454,CV,620,2,2.0,Appartement,35.0,1.0
1617678,13/03/2020,Vente,"53500,00",60.0,RUE,6210,DES MOISSONS,51100.0,REIMS,51,454,CK,128,2,2.0,Appartement,20.0,1.0
1617680,11/03/2020,Vente,"68000,00",1.0,IMP,2340,CORMICY,51100.0,REIMS,51,454,AV,222,3,2.0,Appartement,39.0,1.0
1617681,10/03/2020,Vente,"123400,00",1.0,AV,8030,ST POL,51100.0,REIMS,51,454,DM,332,2,2.0,Appartement,59.0,3.0
1617683,09/03/2020,Vente,"104900,00",132.0,RUE,7010,PIERRE BROSSOLETTE,51100.0,REIMS,51,454,AO,739,1,2.0,Appartement,63.0,3.0
1617697,16/03/2020,Vente en l'état futur d'achèvement,"236180,00",28.0,CHS,0980,BOCQUAINE,51100.0,REIMS,51,454,HZ,172,1,2.0,Appartement,69.0,3.0
1617699,04/03/2020,Vente,"277000,00",136.0,BD,7140,POMMERY,51100.0,REIMS,51,454,CL,1030,0,2.0,Appartement,73.0,3.0
1617700,04/03/2020,Vente,"277000,00",136.0,BD,7140,POMMERY,51100.0,REIMS,51,454,CL,1030,0,2.0,Appartement,58.0,3.0
1617702,05/03/2020,Vente,"54000,00",15.0,RUE,4910,JEAN MACE,51100.0,REIMS,51,454,AX,87,3,2.0,Appartement,29.0,1.0
1617706,04/03/2020,Vente,"97000,00",2.0,RUE,5770,MACQUART,51100.0,REIMS,51,454,BH,93,1,2.0,Appartement,51.0,2.0
1617713,09/03/2020,Vente,"69000,00",26.0,RUE,7890,ST JEAN CESAREE,51100.0,REIMS,51,454,CZ,609,1,2.0,Appartement,34.0,1.0
1617716,12/03/2020,Vente,"410000,00",5.0,RUE,1590,DE CERNAY,51100.0,REIMS,51,454,CW,76,2,2.0,Appartement,127.0,6.0
1617733,11/03/2020,Vente,"121700,00",25.0,RUE,5460,LESAGE,51100.0,REIMS,51,454,AW,319,2,2.0,Appartement,65.0,3.0
1617739,16/03/2020,Vente,"88500,00",129.0,RUE,0600,DU BARBATRE,51100.0,REIMS,51,454,CY,706,1,2.0,Appartement,37.0,1.0
1617741,16/03/2020,Vente en l'état futur d'achèvement,"417000,00",7.0,RUE,5260,LAMOUCHE,51100.0,REIMS,51,454,AV,754,1,2.0,Appartement,106.0,5.0
1617742,16/03/2020,Vente en l'état futur d'achèvement,"156522,00",215.0,RUE,2440,DE COURLANCY,51100.0,REIMS,51,454,DN,253,1,2.0,Appartement,41.0,2.0
1617743,17/03/2020,Vente,"223000,00",15.0,RUE,2290,COQUEBERT,51100.0,REIMS,51,454,BH,533,2,2.0,Appartement,113.0,4.0
1617755,09/03/2020,Vente en l'état futur d'achèvement,"290000,00",25.0,RUE,3210,DES ELUS,51100.0,REIMS,51,454,IL,117,1,2.0,Appartement,51.0,2.0
1617763,02/03/2020,Vente,"115000,00",13.0,ESP,5446,LE ROUET,51100.0,REIMS,51,454,CT,390,1,2.0,Appartement,73.0,5.0
1617765,13/03/2020,Vente,"61250,00",30.0,RUE,2450,COURMEAUX,51100.0,REIMS,51,454,BE,43,1,2.0,Appartement,26.0,1.0
1617766,12/03/2020,Vente,"350000,00",4.0,PL,0380,ARISTIDE BRIAND,51100.0,REIMS,51,454,CX,85,2,2.0,Appartement,123.0,4.0
1617776,02/03/2020,Vente,"360700,00",5.0,RUE,7710,RUINART DE BRIMONT,51100.0,REIMS,51,454,CW,187,0,2.0,Appartement,16.0,1.0
1617777,02/03/2020,Vente,"360700,00",5.0,RUE,7710,RUINART DE BRIMONT,51100.0,REIMS,51,454,CW,187,0,2.0,Appartement,20.0,1.0
1617778,02/03/2020,Vente,"360700,00",5.0,RUE,7710,RUINART DE BRIMONT,51100.0,REIMS,51,454,CW,187,0,2.0,Appartement,41.0,2.0
1617779,02/03/2020,Vente,"360700,00",5.0,RUE,7710,RUINART DE BRIMONT,51100.0,REIMS,51,454,CW,187,0,2.0,Appartement,24.0,1.0
1617780,02/03/2020,Vente,"360700,00",5.0,RUE,7710,RUINART DE BRIMONT,51100.0,REIMS,51,454,CW,187,0,2.0,Appartement,24.0,1.0
1617781,02/03/2020,Vente,"360700,00",5.0,RUE,7710,RUINART DE BRIMONT,51100.0,REIMS,51,454,CW,187,0,2.0,Appartement,16.0,1.0
1617785,12/03/2020,Vente,"150000,00",24.0,RUE,8330,SIMON,51100.0,REIMS,51,454,DM,636,2,2.0,Appartement,111.0,6.0
1617786,06/03/2020,Vente,"122000,00",13.0,RUE,5230,LABORI,51100.0,REIMS,51,454,CK,229,2,2.0,Appartement,64.0,3.0
1617788,25/03/2020,Vente,"284000,00",35.0,RUE,1740,CHANZY,51100.0,REIMS,51,454,CX,418,2,2.0,Appartement,56.0,3.0
1617798,29/02/2020,Vente,"96780,00",30.0,RUE,5616,LOUIS PAUL BOCQUET,51100.0,REIMS,51,454,DO,687,1,2.0,Appartement,66.0,3.0
1617802,02/03/2020,Vente,"138000,00",53.0,RUE,5460,LESAGE,51100.0,REIMS,51,454,AW,249,3,2.0,Appartement,65.0,3.0
1617814,02/03/2020,Vente,"42500,00",15.0,BD,1510,CARTERET,51100.0,REIMS,51,454,CV,841,1,2.0,Appartement,14.0,1.0
1617815,02/03/2020,Vente,"78000,00",4.0,RUE,8230,DES SALINES,51100.0,REIMS,51,454,CZ,174,1,2.0,Appartement,34.0,2.0
1617817,03/03/2020,Vente,"105600,00",7.0,RUE,2760,DESBUREAUX,51100.0,REIMS,51,454,AL,419,1,2.0,Appartement,103.0,5.0
1617826,16/03/2020,Vente,"250000,00",144.0,RUE,4770,DU JARD,51100.0,REIMS,51,454,IK,1359,1,2.0,Appartement,98.0,4.0
1617855,11/03/2020,Vente,"150000,00",21.0,RUE,3390,DE L ETAPE,51100.0,REIMS,51,454,IL,623,1,2.0,Appartement,58.0,3.0
1617856,06/03/2020,Vente,"137800,00",16.0,ALL,8718,DES TOURANGEAUX,51100.0,REIMS,51,454,KT,179,2,2.0,Appartement,113.0,5.0
1617864,16/03/2020,Vente,"440000,00",10.0,AV,6730,DE PARIS,51100.0,REIMS,51,454,IO,192,1,2.0,Appartement,159.0,5.0
1617866,11/03/2020,Vente,"44500,00",2.0,RUE,3000,DOCTEUR THOMAS,51100.0,REIMS,51,454,AW,360,1,2.0,Appartement,24.0,1.0
1617868,13/03/2020,Vente en l'état futur d'achèvement,"234000,00",21.0,RUE,7860,SAINT HILAIRE,51100.0,REIMS,51,454,BE,220,1,2.0,Appartement,47.0,2.0
1617872,16/03/2020,Vente,"80000,00",96.0,AV,3320,D EPERNAY,51100.0,REIMS,51,454,HW,387,1,2.0,Appartement,37.0,1.0
1617874,12/03/2020,Vente,"378000,00",2.0,RUE,1620,CHABAUD,51100.0,REIMS,51,454,IK,826,2,2.0,Appartement,122.0,5.0
1617884,26/03/2020,Vente,"192000,00",123.0,RUE,1590,DE CERNAY,51100.0,REIMS,51,454,CV,473,2,2.0,Appartement,114.0,4.0
1617886,13/03/2020,Vente,"50000,00",34.0,RUE,0630,DU BASTION,51100.0,REIMS,51,454,CW,277,1,2.0,Appartement,25.0,2.0
1617902,16/03/2020,Vente,"105000,00",5.0,BD,9070,VICTOR HUGO,51100.0,REIMS,51,454,CZ,607,2,2.0,Appartement,43.0,2.0
1617914,11/03/2020,Vente,"141000,00",25.0,RUE,6330,DES MOULINS,51100.0,REIMS,51,454,DM,663,2,2.0,Appartement,67.0,3.0
1617920,13/03/2020,Vente,"67600,00",333.0,AV,5300,DE LAON,51100.0,REIMS,51,454,AN,548,1,2.0,Appartement,52.0,2.0
1617925,11/03/2020,Vente,"77330,00",1.0,RUE,0200,D ALSACE LORRAINE,51100.0,REIMS,51,454,CT,128,1,2.0,Appartement,28.0,1.0
1617931,16/03/2020,Vente,"157500,00",158.0,AV,4900,JEAN JAURES,51100.0,REIMS,51,454,CV,981,1,2.0,Appartement,84.0,3.0
1617943,31/03/2020,Vente,"96000,00",67.0,AV,4900,JEAN JAURES,51100.0,REIMS,51,454,BI,384,1,2.0,Appartement,46.0,3.0
1617946,17/03/2020,Vente,"120000,00",19.0,RUE,6010,MARTIN PELLER,51100.0,REIMS,51,454,HX,99,1,2.0,Appartement,56.0,2.0
1617947,16/03/2020,Vente,"142000,00",13.0,RUE,2760,DESBUREAUX,51100.0,REIMS,51,454,AL,419,2,2.0,Appartement,103.0,5.0
1617950,27/03/2020,Vente,"220000,00",1.0,RUE,3000,DOCTEUR THOMAS,51100.0,REIMS,51,454,AW,393,1,2.0,Appartement,75.0,3.0
1617951,06/03/2020,Vente,"67800,00",29.0,RUE,7310,PRIEUR DE LA MARNE,51100.0,REIMS,51,454,BI,105,3,2.0,Appartement,41.0,2.0
1617952,12/03/2020,Vente,"235000,00",113.0,RUE,9040,DE VESLE,51100.0,REIMS,51,454,IK,1347,1,2.0,Appartement,81.0,2.0
1617959,30/03/2020,Vente,"175000,00",28.0,RUE,6864,PAYEN,51100.0,REIMS,51,454,HZ,22,1,2.0,Appartement,50.0,2.0
1617960,30/03/2020,Vente,"648822,80",32.0,RUE,8620,THIERS,51100.0,REIMS,51,454,IL,471,4,2.0,Appartement,188.0,6.0
1617965,23/03/2020,Vente,"188000,00",17.0,RUE,8500,DE TALLEYRAND,51100.0,REIMS,51,454,IL,174,1,2.0,Appartement,69.0,3.0
1617967,13/03/2020,Vente,"65500,00",17.0,RUE,3280,EMILE ZOLA,51100.0,REIMS,51,454,AW,426,1,2.0,Appartement,19.0,1.0
1617968,12/03/2020,Vente,"97000,00",57.0,RUE,2630,DANTON,51100.0,REIMS,51,454,AX,577,1,2.0,Appartement,52.0,1.0
1617975,13/03/2020,Vente,"224200,00",58.0,AV,3320,D EPERNAY,51100.0,REIMS,51,454,HW,50,2,2.0,Appartement,103.0,3.0
1617977,01/04/2020,Vente,"55500,00",34.0,RUE,6160,DE METZ,51100.0,REIMS,51,454,CV,521,1,2.0,Appartement,17.0,1.0
1617978,11/03/2020,Vente,"79000,00",21.0,AV,3320,D EPERNAY,51100.0,REIMS,51,454,DP,460,2,2.0,Appartement,38.0,1.0
1617987,19/03/2020,Vente,"236000,00",184.0,RUE,9040,DE VESLE,51100.0,REIMS,51,454,IN,34,1,2.0,Appartement,76.0,3.0
1618008,26/03/2020,Vente,"83900,00",45.0,RUE,5340,LECOINTRE,51100.0,REIMS,51,454,AV,783,1,2.0,Appartement,45.0,2.0
1618010,12/03/2020,Vente,"62000,00",11.0,RUE,7017,PIERRE LAPLACE,51100.0,REIMS,51,454,AE,285,2,2.0,Appartement,46.0,2.0
1618015,16/03/2020,Vente,"138000,00",27.0,RUE,3390,DE L ETAPE,51100.0,REIMS,51,454,IL,560,2,2.0,Appartement,34.0,2.0
1618027,17/03/2020,Vente,"712000,00",4.0,RUE,3210,DES ELUS,51100.0,REIMS,51,454,IL,87,2,2.0,Appartement,208.0,7.0
1618043,02/04/2020,Vente,"120000,00",3.0,RUE,4690,IRENEE LELIEVRE,51100.0,REIMS,51,454,HZ,200,1,2.0,Appartement,42.0,2.0
1618044,06/04/2020,Vente,"136000,00",3.0,RUE,6740,PASSE DEMOISELLES,51100.0,REIMS,51,454,HX,441,2,2.0,Appartement,72.0,3.0
1618052,16/03/2020,Vente,"105000,00",48.0,BD,7550,ROBESPIERRE,51100.0,REIMS,51,454,AY,329,4,2.0,Appartement,75.0,3.0
1618053,27/03/2020,Vente,"116500,00",99.0,AV,5300,DE LAON,51100.0,REIMS,51,454,AV,247,2,2.0,Appartement,49.0,2.0
1618060,12/03/2020,Vente,"150000,00",4.0,AV,3455,DE L EUROPE,51100.0,REIMS,51,454,CM,118,2,2.0,Appartement,90.0,4.0
1618062,03/04/2020,Vente en l'état futur d'achèvement,"298000,00",7.0,RUE,5260,LAMOUCHE,51100.0,REIMS,51,454,AV,754,1,2.0,Appartement,82.0,3.0
1618064,08/04/2020,Vente,"467500,00",17.0,RUE,1480,CARNOT,51100.0,REIMS,51,454,CX,23,3,2.0,Appartement,150.0,6.0
1618067,16/03/2020,Vente,"293000,00",39.0,RUE,6210,DES MOISSONS,51100.0,REIMS,51,454,CW,598,1,2.0,Appartement,106.0,4.0
1618072,16/03/2020,Vente,"58000,00",5.0,RUE,3860,DE LA GARENNE,51100.0,REIMS,51,454,HW,385,1,2.0,Appartement,24.0,1.0
1618073,16/03/2020,Vente,"60000,00",5.0,RUE,3860,DE LA GARENNE,51100.0,REIMS,51,454,HW,385,1,2.0,Appartement,26.0,1.0
1618079,16/03/2020,Vente,"85000,00",48.0,BD,7550,ROBESPIERRE,51100.0,REIMS,51,454,AY,329,4,2.0,Appartement,59.0,3.0
1618080,13/03/2020,Vente,"395000,00",96.0,RUE,1590,DE CERNAY,51100.0,REIMS,51,454,CV,810,1,2.0,Appartement,68.0,3.0
1618081,13/03/2020,Vente,"395000,00",96.0,RUE,1590,DE CERNAY,51100.0,REIMS,51,454,CV,810,1,2.0,Appartement,47.0,2.0
1618082,13/03/2020,Vente,"395000,00",96.0,RUE,1590,DE CERNAY,51100.0,REIMS,51,454,CV,810,1,2.0,Appartement,32.0,1.0
1618083,13/03/2020,Vente,"395000,00",96.0,RUE,1590,DE CERNAY,51100.0,REIMS,51,454,CV,810,1,2.0,Appartement,35.0,1.0
1618084,13/03/2020,Vente,"395000,00",96.0,RUE,1590,DE CERNAY,51100.0,REIMS,51,454,CV,810,1,2.0,Appartement,22.0,1.0
1618085,13/03/2020,Vente,"395000,00",96.0,RUE,1590,DE CERNAY,51100.0,REIMS,51,454,CV,810,1,2.0,Appartement,35.0,2.0
1618095,26/03/2020,Vente,"158400,00",35.0,RUE,2070,CLOVIS,51100.0,REIMS,51,454,IK,623,1,2.0,Appartement,44.0,2.0
1618106,16/03/2020,Vente,"210000,00",114.0,RUE,6830,P VAILLANT COUTURIER,51100.0,REIMS,51,454,AV,22,1,2.0,Appartement,76.0,3.0
1618108,02/04/2020,Vente,"68000,00",66.0,RUE,6480,DE LA NEUVILLETTE,51100.0,REIMS,51,454,AX,866,2,2.0,Appartement,32.0,2.0
1618109,18/03/2020,Vente,"310000,00",31.0,RUE,1830,CHARLIER,51100.0,REIMS,51,454,BI,226,0,2.0,Appartement,28.0,1.0
1618110,18/03/2020,Vente,"310000,00",31.0,RUE,1830,CHARLIER,51100.0,REIMS,51,454,BI,226,0,2.0,Appartement,43.0,2.0
1618111,18/03/2020,Vente,"310000,00",31.0,RUE,1830,CHARLIER,51100.0,REIMS,51,454,BI,226,0,2.0,Appartement,40.0,2.0
1618112,18/03/2020,Vente,"310000,00",31.0,RUE,1830,CHARLIER,51100.0,REIMS,51,454,BI,226,0,2.0,Appartement,27.0,1.0
1618113,18/03/2020,Vente,"310000,00",31.0,RUE,1830,CHARLIER,51100.0,REIMS,51,454,BI,226,0,2.0,Appartement,40.0,1.0
1618114,31/03/2020,Vente,"7000,00",86.0,RUE,1390,DES CAPUCINS,51100.0,REIMS,51,454,IK,278,1,2.0,Appartement,50.0,2.0
1618121,17/03/2020,Vente,"110000,00",7.0,RUE,0450,AUGER,51100.0,REIMS,51,454,AI,222,2,2.0,Appartement,60.0,3.0
1618126,03/04/2020,Vente,"168500,00",12.0,RUE,0910,DE BEZANNES,51100.0,REIMS,51,454,HW,386,2,2.0,Appartement,80.0,4.0
1618129,13/03/2020,Vente,"119000,00",14.0,RUE,4100,DES GOBELINS,51100.0,REIMS,51,454,CV,582,5,2.0,Appartement,85.0,4.0
1618136,03/04/2020,Vente,"49496,00",34.0,RUE,6230,DU MONT D ARENE,51100.0,REIMS,51,454,AV,370,1,2.0,Appartement,9.0,1.0
1618144,17/03/2020,Vente,"122000,00",9.0,RUE,5891,MARCEL THIL,51100.0,REIMS,51,454,AV,399,2,2.0,Appartement,55.0,3.0
1618149,26/03/2020,Vente,"214000,00",11.0,RUE,1530,CAZIN,51100.0,REIMS,51,454,HX,181,1,2.0,Appartement,24.0,1.0
1618151,26/03/2020,Vente,"214000,00",11.0,RUE,1530,CAZIN,51100.0,REIMS,51,454,HX,181,1,2.0,Appartement,17.0,1.0
1618153,26/03/2020,Vente,"214000,00",11.0,RUE,1530,CAZIN,51100.0,REIMS,51,454,HX,181,1,2.0,Appartement,25.0,1.0
1618154,26/03/2020,Vente,"214000,00",11.0,RUE,1530,CAZIN,51100.0,REIMS,51,454,HX,181,1,2.0,Appartement,17.0,1.0
1618155,26/03/2020,Vente,"214000,00",11.0,RUE,1530,CAZIN,51100.0,REIMS,51,454,HX,181,1,2.0,Appartement,20.0,1.0
1618160,30/03/2020,Vente,"109000,00",29.0,RUE,2430,DE COURCELLES,51100.0,REIMS,51,454,AT,162,2,2.0,Appartement,60.0,2.0
1618161,31/03/2020,Vente,"130000,00",25.0,RUE,3850,GAMBETTA,51100.0,REIMS,51,454,CY,16,2,2.0,Appartement,65.0,2.0
1618162,31/03/2020,Vente,"72150,00",18.0,PL,8110,ST TIMOTHEE,51100.0,REIMS,51,454,DM,73,2,2.0,Appartement,30.0,2.0
1618166,14/04/2020,Vente,"149100,00",10.0,RUE,8555,DES TEINTURIERS,51100.0,REIMS,51,454,CT,536,1,2.0,Appartement,60.0,3.0
1618173,03/04/2020,Vente,"700000,00",28.0,RUE,5420,LEON MATHIEU,51100.0,REIMS,51,454,HW,101,0,2.0,Appartement,16.0,1.0
1618174,03/04/2020,Vente,"700000,00",28.0,RUE,5420,LEON MATHIEU,51100.0,REIMS,51,454,HW,101,0,2.0,Appartement,15.0,1.0
1618175,03/04/2020,Vente,"700000,00",28.0,RUE,5420,LEON MATHIEU,51100.0,REIMS,51,454,HW,101,0,2.0,Appartement,18.0,1.0
1618176,03/04/2020,Vente,"700000,00",28.0,RUE,5420,LEON MATHIEU,51100.0,REIMS,51,454,HW,101,0,2.0,Appartement,14.0,1.0
1618177,03/04/2020,Vente,"700000,00",28.0,RUE,5420,LEON MATHIEU,51100.0,REIMS,51,454,HW,101,0,2.0,Appartement,15.0,1.0
1618178,03/04/2020,Vente,"700000,00",28.0,RUE,5420,LEON MATHIEU,51100.0,REIMS,51,454,HW,101,0,2.0,Appartement,12.0,1.0
1618179,03/04/2020,Vente,"700000,00",28.0,RUE,5420,LEON MATHIEU,51100.0,REIMS,51,454,HW,101,0,2.0,Appartement,17.0,1.0
1618180,03/04/2020,Vente,"700000,00",28.0,RUE,5420,LEON MATHIEU,51100.0,REIMS,51,454,HW,101,0,2.0,Appartement,14.0,1.0
1618181,03/04/2020,Vente,"700000,00",28.0,RUE,5420,LEON MATHIEU,51100.0,REIMS,51,454,HW,101,0,2.0,Appartement,18.0,1.0
1618182,03/04/2020,Vente,"700000,00",28.0,RUE,5420,LEON MATHIEU,51100.0,REIMS,51,454,HW,101,0,2.0,Appartement,18.0,1.0
1618183,03/04/2020,Vente,"700000,00",28.0,RUE,5420,LEON MATHIEU,51100.0,REIMS,51,454,HW,101,0,2.0,Appartement,16.0,1.0
1618184,03/04/2020,Vente,"700000,00",28.0,RUE,5420,LEON MATHIEU,51100.0,REIMS,51,454,HW,101,0,2.0,Appartement,12.0,1.0
1618185,03/04/2020,Vente,"700000,00",28.0,RUE,5420,LEON MATHIEU,51100.0,REIMS,51,454,HW,101,0,2.0,Appartement,15.0,1.0
1618186,03/04/2020,Vente,"700000,00",28.0,RUE,5420,LEON MATHIEU,51100.0,REIMS,51,454,HW,101,0,2.0,Appartement,22.0,1.0
1618187,03/04/2020,Vente,"700000,00",28.0,RUE,5420,LEON MATHIEU,51100.0,REIMS,51,454,HW,101,0,2.0,Appartement,12.0,1.0
1618188,03/04/2020,Vente,"700000,00",28.0,RUE,5420,LEON MATHIEU,51100.0,REIMS,51,454,HW,101,0,2.0,Appartement,19.0,1.0
1618189,03/04/2020,Vente,"700000,00",28.0,RUE,5420,LEON MATHIEU,51100.0,REIMS,51,454,HW,101,0,2.0,Appartement,20.0,1.0
1618191,03/04/2020,Vente,"700000,00",28.0,RUE,5420,LEON MATHIEU,51100.0,REIMS,51,454,HW,101,0,2.0,Appartement,15.0,1.0
1618192,03/04/2020,Vente,"700000,00",28.0,RUE,5420,LEON MATHIEU,51100.0,REIMS,51,454,HW,101,0,2.0,Appartement,17.0,1.0
1618193,03/04/2020,Vente,"700000,00",28.0,RUE,5420,LEON MATHIEU,51100.0,REIMS,51,454,HW,101,0,2.0,Appartement,17.0,1.0
1618194,03/04/2020,Vente,"700000,00",28.0,RUE,5420,LEON MATHIEU,51100.0,REIMS,51,454,HW,101,0,2.0,Appartement,15.0,1.0
1618195,03/04/2020,Vente,"700000,00",28.0,RUE,5420,LEON MATHIEU,51100.0,REIMS,51,454,HW,101,0,2.0,Appartement,22.0,1.0
1618196,03/04/2020,Vente,"700000,00",28.0,RUE,5420,LEON MATHIEU,51100.0,REIMS,51,454,HW,101,0,2.0,Appartement,17.0,1.0
1618197,03/04/2020,Vente,"700000,00",28.0,RUE,5420,LEON MATHIEU,51100.0,REIMS,51,454,HW,101,0,2.0,Appartement,11.0,1.0
1618198,03/04/2020,Vente,"700000,00",28.0,RUE,5420,LEON MATHIEU,51100.0,REIMS,51,454,HW,101,0,2.0,Appartement,15.0,1.0
1618199,03/04/2020,Vente,"700000,00",28.0,RUE,5420,LEON MATHIEU,51100.0,REIMS,51,454,HW,101,0,2.0,Appartement,12.0,1.0
1618200,03/04/2020,Vente,"700000,00",28.0,RUE,5420,LEON MATHIEU,51100.0,REIMS,51,454,HW,101,0,2.0,Appartement,17.0,1.0
1618203,09/04/2020,Vente,"121000,00",71.0,AV,4900,JEAN JAURES,51100.0,REIMS,51,454,BI,380,2,2.0,Appartement,53.0,2.0
1618204,15/04/2020,Vente,"88000,00",2.0,RUE,5770,MACQUART,51100.0,REIMS,51,454,BH,93,1,2.0,Appartement,40.0,1.0
1618215,15/04/2020,Vente,"46000,00",21.0,AV,4455,HENRI FARMAN,51100.0,REIMS,51,454,DH,90,1,2.0,Appartement,17.0,1.0
1618216,27/03/2020,Vente,"87000,00",28.0,RUE,0600,DU BARBATRE,51100.0,REIMS,51,454,CY,26,2,2.0,Appartement,32.0,1.0
1618217,23/04/2020,Vente,"117000,00",18.0,RUE,4810,DES JARDINS,51100.0,REIMS,51,454,AS,190,1,2.0,Appartement,39.0,2.0
1618220,17/04/2020,Vente,"180000,00",11.0,IMP,2410,DE COURCELLES,51100.0,REIMS,51,454,AR,910,1,2.0,Appartement,68.0,3.0
1618221,17/04/2020,Vente,"64000,00",23.0,RUE,6830,P VAILLANT COUTURIER,51100.0,REIMS,51,454,AV,223,1,2.0,Appartement,21.0,1.0
1618230,09/04/2020,Vente,"139000,00",71.0,AV,4900,JEAN JAURES,51100.0,REIMS,51,454,BI,380,1,2.0,Appartement,46.0,2.0
1618233,16/04/2020,Vente,"144000,00",79.0,RUE,8950,DE VENISE,51100.0,REIMS,51,454,CY,434,1,2.0,Appartement,74.0,3.0
1618254,10/04/2020,Vente,"100050,00",1.0,RUE,0108,ALFRED DE VIGNY,51100.0,REIMS,51,454,AD,566,2,2.0,Appartement,34.0,3.0
1618256,14/04/2020,Vente,"140000,00",5.0,RUE,4906,JEAN LE LOUP,51100.0,REIMS,51,454,IK,1348,1,2.0,Appartement,68.0,3.0
1618265,15/04/2020,Vente,"61000,00",74.0,BD,7140,POMMERY,51100.0,REIMS,51,454,CL,960,1,2.0,Appartement,33.0,1.0
1618266,15/04/2020,Vente,"206000,00",8.0,AV,4900,JEAN JAURES,51100.0,REIMS,51,454,CW,53,2,2.0,Appartement,75.0,3.0
1618268,15/04/2020,Vente,"74000,00",6.0,RUE,4070,GERUZEZ,51100.0,REIMS,51,454,AV,454,3,2.0,Appartement,36.0,2.0
1618269,15/04/2020,Vente,"60000,00",96.0,AV,3320,D EPERNAY,51100.0,REIMS,51,454,HW,387,2,2.0,Appartement,38.0,1.0
1618271,17/03/2020,Vente,"159900,00",25.0,BD,6690,DE LA PAIX,51100.0,REIMS,51,454,CK,128,2,2.0,Appartement,70.0,3.0
1618277,27/04/2020,Vente,"173700,00",21.0,RUE,0550,BACQUENOIS,51100.0,REIMS,51,454,IM,261,2,2.0,Appartement,61.0,3.0
1618278,20/04/2020,Vente,"39000,00",66.0,RUE,1670,DU CHAMP DE MARS,51100.0,REIMS,51,454,BI,590,1,2.0,Appartement,15.0,1.0
1618282,16/03/2020,Vente,"310000,00",47.0,RUE,8500,DE TALLEYRAND,51100.0,REIMS,51,454,IL,620,2,2.0,Appartement,38.0,1.0
1618283,16/03/2020,Vente,"310000,00",47.0,RUE,8500,DE TALLEYRAND,51100.0,REIMS,51,454,IL,620,2,2.0,Appartement,90.0,1.0
1618284,16/03/2020,Vente,"310000,00",47.0,RUE,8500,DE TALLEYRAND,51100.0,REIMS,51,454,IL,620,2,2.0,Appartement,45.0,1.0
1618287,23/04/2020,Vente,"212000,00",23.0,BD,6750,PASTEUR,51100.0,REIMS,51,454,CK,310,2,2.0,Appartement,94.0,5.0
1618292,21/04/2020,Vente,"47000,00",21.0,AV,4455,HENRI FARMAN,51100.0,REIMS,51,454,DH,90,1,2.0,Appartement,17.0,1.0
1618296,02/04/2020,Vente,"268000,00",1.0,RUE,8224,DE LA SALLE,51100.0,REIMS,51,454,IL,119,2,2.0,Appartement,88.0,4.0
1618297,08/04/2020,Vente,"110000,00",44.0,RUE,3800,DES FUSELIERS,51100.0,REIMS,51,454,CX,559,1,2.0,Appartement,38.0,2.0
1618300,15/04/2020,Vente,"1290000,00",55.0,RUE,1360,CAMILLE LENOIR,51100.0,REIMS,51,454,BH,62,0,2.0,Appartement,55.0,2.0
1618301,15/04/2020,Vente,"1290000,00",55.0,RUE,1360,CAMILLE LENOIR,51100.0,REIMS,51,454,BH,62,0,2.0,Appartement,56.0,3.0
1618304,15/04/2020,Vente,"1290000,00",55.0,RUE,1360,CAMILLE LENOIR,51100.0,REIMS,51,454,BH,62,0,2.0,Appartement,54.0,2.0
1618305,15/04/2020,Vente,"1290000,00",55.0,RUE,1360,CAMILLE LENOIR,51100.0,REIMS,51,454,BH,62,0,2.0,Appartement,25.0,1.0
1618306,15/04/2020,Vente,"1290000,00",55.0,RUE,1360,CAMILLE LENOIR,51100.0,REIMS,51,454,BH,62,0,2.0,Appartement,65.0,3.0
1618308,15/04/2020,Vente,"1290000,00",55.0,RUE,1360,CAMILLE LENOIR,51100.0,REIMS,51,454,BH,62,0,2.0,Appartement,53.0,3.0
1618309,15/04/2020,Vente,"1290000,00",55.0,RUE,1360,CAMILLE LENOIR,51100.0,REIMS,51,454,BH,62,0,2.0,Appartement,65.0,3.0
1618310,15/04/2020,Vente,"1290000,00",55.0,RUE,1360,CAMILLE LENOIR,51100.0,REIMS,51,454,BH,62,0,2.0,Appartement,51.0,2.0
1618311,15/04/2020,Vente,"1290000,00",55.0,RUE,1360,CAMILLE LENOIR,51100.0,REIMS,51,454,BH,62,0,2.0,Appartement,85.0,3.0
1618312,15/04/2020,Vente,"1290000,00",55.0,RUE,1360,CAMILLE LENOIR,51100.0,REIMS,51,454,BH,62,0,2.0,Appartement,54.0,3.0
1618313,15/04/2020,Vente,"1290000,00",55.0,RUE,1360,CAMILLE LENOIR,51100.0,REIMS,51,454,BH,62,0,2.0,Appartement,62.0,2.0
1618314,15/04/2020,Vente,"1290000,00",55.0,RUE,1360,CAMILLE LENOIR,51100.0,REIMS,51,454,BH,62,0,2.0,Appartement,35.0,1.0
1618315,15/04/2020,Vente,"1290000,00",55.0,RUE,1360,CAMILLE LENOIR,51100.0,REIMS,51,454,BH,62,0,2.0,Appartement,74.0,3.0
1618316,15/04/2020,Vente,"1290000,00",55.0,RUE,1360,CAMILLE LENOIR,51100.0,REIMS,51,454,BH,62,0,2.0,Appartement,25.0,1.0
1618323,24/04/2020,Vente,"197000,00",10.0,RUE,4120,GOIOT,51100.0,REIMS,51,454,CZ,695,1,2.0,Appartement,75.0,3.0
1618326,24/04/2020,Vente,"163500,00",38.0,RUE,2430,DE COURCELLES,51100.0,REIMS,51,454,AR,332,0,2.0,Appartement,31.0,2.0
1618327,24/04/2020,Vente,"163500,00",38.0,RUE,2430,DE COURCELLES,51100.0,REIMS,51,454,AR,332,0,2.0,Appartement,29.0,2.0
1618328,24/04/2020,Vente,"163500,00",38.0,RUE,2430,DE COURCELLES,51100.0,REIMS,51,454,AR,332,0,2.0,Appartement,35.0,2.0
1618341,23/04/2020,Vente,"129210,00",160.0,RUE,0600,DU BARBATRE,51100.0,REIMS,51,454,CZ,277,1,2.0,Appartement,69.0,4.0
1618345,29/04/2020,Vente,"92500,00",4.0,ALL,2003,CLAUDE MONET,51100.0,REIMS,51,454,DK,198,1,2.0,Appartement,48.0,2.0
1618347,29/04/2020,Vente,"115000,00",128.0,BD,8925,VASCO DE GAMA,51100.0,REIMS,51,454,EV,594,2,2.0,Appartement,88.0,4.0
1618353,02/03/2020,Vente,"125000,00",10.0,RUE,8330,SIMON,51100.0,REIMS,51,454,DM,637,1,2.0,Appartement,74.0,3.0
1618362,09/03/2020,Vente,"82500,00",1.0,RUE,8290,16E ET 22E DRAGONS,51100.0,REIMS,51,454,CK,17,1,2.0,Appartement,31.0,1.0
1618366,30/04/2020,Vente,"166200,00",1.0,RUE,6310,MOULIN BRULE,51100.0,REIMS,51,454,IO,168,2,2.0,Appartement,88.0,4.0
1618369,24/03/2020,Vente,"148000,00",4.0,RUE,7790,DE ST BRICE,51100.0,REIMS,51,454,AT,522,1,2.0,Appartement,69.0,3.0
1618378,10/03/2020,Vente,"133000,00",3.0,RUE,1310,BUIRETTE,51100.0,REIMS,51,454,IM,84,2,2.0,Appartement,52.0,2.0
1618380,10/03/2020,Vente,"122000,00",3.0,RUE,7070,DU PISTOLET,51100.0,REIMS,51,454,DM,632,2,2.0,Appartement,46.0,2.0
1618381,28/04/2020,Vente,"82000,00",3.0,RUE,4740,JACQUART,51100.0,REIMS,51,454,BH,202,2,2.0,Appartement,55.0,2.0
1618385,30/04/2020,Vente,"170000,00",27.0,BD,6690,DE LA PAIX,51100.0,REIMS,51,454,CK,128,2,2.0,Appartement,70.0,3.0
1618393,22/04/2020,Vente,"450000,00",3.0,RUE,1400,CAQUE,51100.0,REIMS,51,454,IM,319,3,2.0,Appartement,49.0,2.0
1618394,22/04/2020,Vente,"450000,00",3.0,RUE,1400,CAQUE,51100.0,REIMS,51,454,IM,319,3,2.0,Appartement,53.0,2.0
1618395,22/04/2020,Vente,"450000,00",3.0,RUE,1400,CAQUE,51100.0,REIMS,51,454,IM,319,3,2.0,Appartement,62.0,2.0
1618396,22/04/2020,Vente,"450000,00",3.0,RUE,1400,CAQUE,51100.0,REIMS,51,454,IM,319,2,2.0,Appartement,32.0,2.0
1618397,04/05/2020,Vente,"150400,00",11.0,BD,1510,CARTERET,51100.0,REIMS,51,454,CV,843,2,2.0,Appartement,69.0,2.0
1618401,20/04/2020,Vente en l'état futur d'achèvement,"220000,00",7.0,RUE,5260,LAMOUCHE,51100.0,REIMS,51,454,AV,754,1,2.0,Appartement,64.0,3.0
1618403,24/04/2020,Vente,"104200,00",132.0,RUE,7010,PIERRE BROSSOLETTE,51100.0,REIMS,51,454,AO,739,1,2.0,Appartement,63.0,3.0
1618419,08/04/2020,Vente,"104000,00",75.0,RUE,1590,DE CERNAY,51100.0,REIMS,51,454,CW,340,2,2.0,Appartement,48.0,2.0
1618423,21/04/2020,Vente,"139000,00",217.0,RUE,0600,DU BARBATRE,51100.0,REIMS,51,454,CZ,603,2,2.0,Appartement,55.0,3.0
1618426,24/04/2020,Vente,"161000,00",4.0,RUE,1590,DE CERNAY,51100.0,REIMS,51,454,CW,638,2,2.0,Appartement,67.0,4.0
1618448,30/04/2020,Vente,"103200,00",3.0,RUE,1710,DE CHAMPIGNY,51100.0,REIMS,51,454,AR,321,2,2.0,Appartement,70.0,2.0
1618450,29/04/2020,Vente,"114300,00",1.0,RUE,4545,HENRI ROYER,51100.0,REIMS,51,454,HV,978,2,2.0,Appartement,81.0,4.0
1618451,30/04/2020,Vente,"114500,00",14.0,RUE,2192,COMMANDANT ARNAUD,51100.0,REIMS,51,454,AL,419,2,2.0,Appartement,71.0,3.0
1618453,05/05/2020,Vente,"97300,00",124.0,BD,8925,VASCO DE GAMA,51100.0,REIMS,51,454,EV,594,1,2.0,Appartement,79.0,4.0
1618454,05/05/2020,Vente,"97300,00",122.0,BD,8925,VASCO DE GAMA,51100.0,REIMS,51,454,EV,594,1,2.0,Appartement,79.0,4.0
1618457,07/05/2020,Vente,"52010,00",15.0,PL,5700,LUTON,51100.0,REIMS,51,454,AX,362,1,2.0,Appartement,31.0,1.0
1618463,07/05/2020,Vente,"88000,00",51.0,BD,7550,ROBESPIERRE,51100.0,REIMS,51,454,AY,509,1,2.0,Appartement,53.0,1.0
1618464,30/04/2020,Vente,"255000,00",74.0,RUE,8090,SAINT THIERRY,51100.0,REIMS,51,454,AN,255,0,2.0,Appartement,30.0,1.0
1618465,30/04/2020,Vente,"255000,00",74.0,RUE,8090,SAINT THIERRY,51100.0,REIMS,51,454,AN,255,0,2.0,Appartement,35.0,2.0
1618466,30/04/2020,Vente,"255000,00",74.0,RUE,8090,SAINT THIERRY,51100.0,REIMS,51,454,AN,255,0,2.0,Appartement,40.0,2.0
1618467,30/04/2020,Vente,"255000,00",74.0,RUE,8090,SAINT THIERRY,51100.0,REIMS,51,454,AN,255,0,2.0,Appartement,20.0,1.0
1618468,30/04/2020,Vente,"255000,00",74.0,RUE,8090,SAINT THIERRY,51100.0,REIMS,51,454,AN,255,0,2.0,Appartement,40.0,2.0
1618470,19/03/2020,Vente,"228000,00",18.0,BD,6690,DE LA PAIX,51100.0,REIMS,51,454,CX,561,2,2.0,Appartement,77.0,3.0
1618499,30/04/2020,Vente,"76000,00",3.0,ALL,7019,PIERRE GRANDREMY,51100.0,REIMS,51,454,HT,90,2,2.0,Appartement,49.0,2.0
1618502,29/04/2020,Vente,"94000,00",155.0,AV,4900,JEAN JAURES,51100.0,REIMS,51,454,BI,138,2,2.0,Appartement,26.0,2.0
1618504,29/04/2020,Vente,"335000,00",21.0,RUE,3390,DE L ETAPE,51100.0,REIMS,51,454,IL,623,1,2.0,Appartement,58.0,3.0
1618505,29/04/2020,Vente,"335000,00",21.0,RUE,3390,DE L ETAPE,51100.0,REIMS,51,454,IL,623,1,2.0,Appartement,74.0,3.0
1618508,28/04/2020,Vente,"175000,00",57.0,PL,3040,DROUET D ERLON,51100.0,REIMS,51,454,IM,38,1,2.0,Appartement,70.0,3.0
1618510,30/04/2020,Vente,"92000,00",4.0,RUE,8480,DE TAISSY,51100.0,REIMS,51,454,DK,184,1,2.0,Appartement,78.0,4.0
1618519,22/04/2020,Vente,"118000,00",20.0,RUE,7010,PIERRE BROSSOLETTE,51100.0,REIMS,51,454,AV,857,1,2.0,Appartement,25.0,1.0
1618520,22/04/2020,Vente,"118000,00",20.0,RUE,7010,PIERRE BROSSOLETTE,51100.0,REIMS,51,454,AV,857,1,2.0,Appartement,25.0,2.0
1618524,24/04/2020,Vente,"293000,00",49.0,RUE,1620,CHABAUD,51100.0,REIMS,51,454,IK,714,1,2.0,Appartement,96.0,4.0
1618529,29/04/2020,Vente,"124000,00",51.0,BD,4550,HENRY VASNIER,51100.0,REIMS,51,454,CI,77,1,2.0,Appartement,34.0,2.0
1618541,29/04/2020,Vente,"139000,00",2.0,AV,3913,DU GENERAL DE GAULLE,51100.0,REIMS,51,454,HX,547,1,2.0,Appartement,66.0,3.0
1618542,28/04/2020,Vente,"87500,00",50.0,RUE,8430,DE STRASBOURG,51100.0,REIMS,51,454,CV,598,2,2.0,Appartement,42.0,2.0
1618546,28/04/2020,Vente,"93000,00",172.0,AV,4900,JEAN JAURES,51100.0,REIMS,51,454,CV,1006,3,2.0,Appartement,63.0,3.0
1618547,30/04/2020,Vente,"85000,00",30.0,RUE,7010,PIERRE BROSSOLETTE,51100.0,REIMS,51,454,AV,416,1,2.0,Appartement,35.0,1.0
1618560,05/05/2020,Vente,"115000,00",51.0,RUE,5650,DE LOUVOIS,51100.0,REIMS,51,454,DV,726,1,2.0,Appartement,45.0,2.0
1618563,05/05/2020,Vente,"322500,00",24.0,RUE,0470,DES AUGUSTINS,51100.0,REIMS,51,454,CK,119,4,2.0,Appartement,150.0,8.0
1618567,30/04/2020,Vente,"80500,00",21.0,RUE,1590,DE CERNAY,51100.0,REIMS,51,454,CW,124,1,2.0,Appartement,35.0,1.0
1618581,17/04/2020,Vente,"145000,00",34.0,RUE,6080,MAUCROIX,51100.0,REIMS,51,454,AT,55,0,2.0,Appartement,55.0,3.0
1618582,17/04/2020,Vente,"145000,00",34.0,RUE,6080,MAUCROIX,51100.0,REIMS,51,454,AT,55,0,2.0,Appartement,24.0,1.0
1618583,17/04/2020,Vente,"145000,00",34.0,RUE,6080,MAUCROIX,51100.0,REIMS,51,454,AT,55,0,2.0,Appartement,20.0,1.0
1618584,17/04/2020,Vente,"145000,00",34.0,RUE,6080,MAUCROIX,51100.0,REIMS,51,454,AT,55,0,2.0,Appartement,20.0,1.0
1618585,17/04/2020,Vente,"145000,00",34.0,RUE,6080,MAUCROIX,51100.0,REIMS,51,454,AT,55,0,2.0,Appartement,24.0,1.0
1618587,13/05/2020,Vente,"62000,00",124.0,RUE,3280,EMILE ZOLA,51100.0,REIMS,51,454,AX,842,1,2.0,Appartement,26.0,1.0
1618590,28/04/2020,Vente,"68500,00",67.0,RUE,3500,FAVART D HERBIGNY,51100.0,REIMS,51,454,CV,1134,1,2.0,Appartement,22.0,1.0
1618595,30/04/2020,Vente,"114500,00",98.0,RUE,7160,PONSARDIN,51100.0,REIMS,51,454,CY,618,1,2.0,Appartement,36.0,1.0
1618598,07/05/2020,Vente,"115000,00",2.0,ALL,7615,RONSARD,51100.0,REIMS,51,454,DK,184,1,2.0,Appartement,90.0,5.0
1618608,30/04/2020,Vente,"360000,00",30.0,RUE,9040,DE VESLE,51100.0,REIMS,51,454,IL,148,2,2.0,Appartement,122.0,5.0
1618618,30/04/2020,Vente,"129400,00",23.0,BD,6750,PASTEUR,51100.0,REIMS,51,454,CK,310,2,2.0,Appartement,66.0,4.0
1618623,11/05/2020,Vente,"230000,00",6.0,RUE,7160,PONSARDIN,51100.0,REIMS,51,454,CX,69,1,2.0,Appartement,69.0,3.0
1618626,30/04/2020,Vente,"163000,00",23.0,RUE,2170,DU COLONEL FABIEN,51100.0,REIMS,51,454,HZ,89,1,2.0,Appartement,66.0,2.0
1618628,29/04/2020,Vente,"155000,00",2.0,RUE,8950,DE VENISE,51100.0,REIMS,51,454,IK,173,2,2.0,Appartement,60.0,3.0
1618629,30/04/2020,Vente,"140880,00",21.0,RUE,6890,PERSEVAL,51100.0,REIMS,51,454,CW,148,2,2.0,Appartement,47.0,2.0
1618633,14/05/2020,Vente,"237000,00",107.0,RUE,6830,P VAILLANT COUTURIER,51100.0,REIMS,51,454,AN,200,1,2.0,Appartement,100.0,5.0
1618637,12/05/2020,Vente,"443000,00",5.0,RUE,4503,HENRI LELARGE,51100.0,REIMS,51,454,KD,92,0,2.0,Appartement,110.0,3.0
1618642,15/05/2020,Vente,"122800,00",3.0,BD,9070,VICTOR HUGO,51100.0,REIMS,51,454,CZ,607,2,2.0,Appartement,65.0,3.0
1618646,07/05/2020,Vente,"222500,00",2.0,AV,3913,DU GENERAL DE GAULLE,51100.0,REIMS,51,454,HX,547,1,2.0,Appartement,88.0,4.0
1618651,07/05/2020,Vente,"177670,00",474.0,AV,5300,DE LAON,51100.0,REIMS,51,454,AE,312,1,2.0,Appartement,62.0,3.0
1618653,07/05/2020,Vente,"85000,00",6.0,RUE,0150,D ALGER,51100.0,REIMS,51,454,CS,25,1,2.0,Appartement,39.0,2.0
1618656,15/05/2020,Vente,"200000,00",30.0,RUE,1880,CHAVAILLIAUD,51100.0,REIMS,51,454,CV,585,1,2.0,Appartement,109.0,3.0
1618659,14/05/2020,Vente en l'état futur d'achèvement,"230000,00",7.0,RUE,5260,LAMOUCHE,51100.0,REIMS,51,454,AV,754,1,2.0,Appartement,64.0,3.0
1618662,13/05/2020,Vente,"45221,00",145.0,RUE,2560,CROIX ST MARC,51100.0,REIMS,51,454,CV,230,1,2.0,Appartement,19.0,1.0
1618665,29/04/2020,Vente,"117500,00",2.0,RUE,1980,DE CLAIRMARAIS,51100.0,REIMS,51,454,AT,210,1,2.0,Appartement,57.0,2.0
1618666,13/05/2020,Vente,"399000,00",32.0,RUE,8620,THIERS,51100.0,REIMS,51,454,IL,471,3,2.0,Appartement,129.0,5.0
1618667,13/05/2020,Vente,"132000,00",26.0,RUE,3360,ERNEST RENAN,51100.0,REIMS,51,454,AR,483,3,2.0,Appartement,52.0,2.0
1618671,13/05/2020,Vente,"352000,00",7.0,RUE,1080,DES BOUCHERIES,51100.0,REIMS,51,454,IL,55,1,2.0,Appartement,100.0,5.0
1618672,13/05/2020,Vente,"247500,00",8.0,RUE,5880,DU MARC,51100.0,REIMS,51,454,BE,525,1,2.0,Appartement,62.0,2.0
1618674,19/05/2020,Vente,"130000,00",15.0,RUE,5920,M CLEMENCE FOURIAUX,51100.0,REIMS,51,454,AT,84,2,2.0,Appartement,70.0,3.0
1618678,04/05/2020,Vente,"89000,00",1.0,RUE,2250,DE LA CONCORDE,51100.0,REIMS,51,454,IO,16,1,2.0,Appartement,41.0,2.0
1618683,15/05/2020,Vente,"109500,00",21.0,RUE,0390,ARMAND GUERY,51100.0,REIMS,51,454,AV,1030,2,2.0,Appartement,51.0,3.0
1618696,13/05/2020,Vente,"80000,00",22.0,RUE,2190,DU COLONEL MOLL,51100.0,REIMS,51,454,AX,616,1,2.0,Appartement,46.0,2.0
1618713,16/05/2020,Vente,"47000,00",21.0,AV,4455,HENRI FARMAN,51100.0,REIMS,51,454,DH,90,1,2.0,Appartement,17.0,1.0
1618719,07/05/2020,Vente,"124500,00",11.0,RUE,2440,DE COURLANCY,51100.0,REIMS,51,454,HX,550,1,2.0,Appartement,47.0,2.0
1618721,18/05/2020,Vente,"64130,00",42.0,RUE,6230,DU MONT D ARENE,51100.0,REIMS,51,454,AV,378,1,2.0,Appartement,24.0,1.0
1618722,30/04/2020,Vente,"146500,00",31.0,RUE,4890,JEAN JACQUES ROUSSEAU,51100.0,REIMS,51,454,BE,194,2,2.0,Appartement,20.0,1.0
1618723,30/04/2020,Vente,"146500,00",31.0,RUE,4890,JEAN JACQUES ROUSSEAU,51100.0,REIMS,51,454,BE,194,2,2.0,Appartement,29.0,1.0
1618725,30/04/2020,Vente,"800000,00",15.0,RUE,1480,CARNOT,51100.0,REIMS,51,454,CX,24,0,2.0,Appartement,129.0,5.0
1618727,30/04/2020,Vente,"800000,00",15.0,RUE,1480,CARNOT,51100.0,REIMS,51,454,CX,24,0,2.0,Appartement,80.0,3.0
1618729,29/04/2020,Vente,"120000,00",5.0,RUE,7330,DE LA PROCESSION,51100.0,REIMS,51,454,CI,135,1,2.0,Appartement,40.0,2.0
1618731,07/05/2020,Vente,"122700,00",37.0,RUE,5840,MALDAN,51100.0,REIMS,51,454,AR,270,2,2.0,Appartement,57.0,2.0
1618732,29/04/2020,Vente,"110000,00",99.0,AV,5300,DE LAON,51100.0,REIMS,51,454,AV,247,2,2.0,Appartement,50.0,2.0
1618735,06/05/2020,Vente,"33500,00",10.0,RUE,7405,RAYMOND POINCARE,51100.0,REIMS,51,454,AE,117,2,2.0,Appartement,25.0,1.0
1618738,18/05/2020,Vente,"220202,00",171.0,RUE,0600,DU BARBATRE,51100.0,REIMS,51,454,CZ,408,3,2.0,Appartement,72.0,3.0
1618739,05/05/2020,Vente,"60000,00",29.0,RUE,9090,VICTOR ROGELET,51100.0,REIMS,51,454,AW,168,4,2.0,Appartement,37.0,2.0
1618746,04/05/2020,Vente,"147000,00",10.0,RUE,6270,MONTOISON,51100.0,REIMS,51,454,CX,160,2,2.0,Appartement,56.0,3.0
1618750,12/05/2020,Vente,"68000,00",64.0,RUE,3280,EMILE ZOLA,51100.0,REIMS,51,454,AW,85,1,2.0,Appartement,35.0,2.0
1618766,04/05/2020,Vente,"108000,00",91.0,BD,3950,DU GENERAL LECLERC,51100.0,REIMS,51,454,IN,22,2,2.0,Appartement,46.0,2.0
1618769,11/03/2020,Vente,"70000,00",71.0,RUE,8820,DES 3 PILIERS,51100.0,REIMS,51,454,AW,51,2,2.0,Appartement,40.0,2.0
1618775,24/04/2020,Vente,"58000,00",34.0,RUE,0630,DU BASTION,51100.0,REIMS,51,454,CW,277,1,2.0,Appartement,22.0,1.0
1618781,04/05/2020,Vente,"68000,00",29.0,BD,7960,ST MARCEAUX,51100.0,REIMS,51,454,CK,312,1,2.0,Appartement,30.0,1.0
1618782,13/05/2020,Vente en l'état futur d'achèvement,"200000,00",25.0,RUE,3210,DES ELUS,51100.0,REIMS,51,454,IL,117,1,2.0,Appartement,39.0,1.0
1618784,30/04/2020,Vente,"180000,00",67.0,RUE,3000,DOCTEUR THOMAS,51100.0,REIMS,51,454,AW,218,0,2.0,Appartement,24.0,1.0
1618785,30/04/2020,Vente,"180000,00",67.0,RUE,3000,DOCTEUR THOMAS,51100.0,REIMS,51,454,AW,218,0,2.0,Appartement,36.0,2.0
1618786,30/04/2020,Vente,"180000,00",67.0,RUE,3000,DOCTEUR THOMAS,51100.0,REIMS,51,454,AW,218,0,2.0,Appartement,36.0,2.0
1618787,30/04/2020,Vente,"180000,00",67.0,RUE,3000,DOCTEUR THOMAS,51100.0,REIMS,51,454,AW,218,0,2.0,Appartement,35.0,2.0
1618788,07/05/2020,Vente,"148000,00",67.0,AV,4900,JEAN JAURES,51100.0,REIMS,51,454,BI,384,1,2.0,Appartement,105.0,4.0
1618792,12/05/2020,Vente,"350000,00",15.0,RUE,8060,ST SIXTE,51100.0,REIMS,51,454,CZ,184,0,2.0,Appartement,70.0,2.0
1618793,12/05/2020,Vente,"350000,00",15.0,RUE,8060,ST SIXTE,51100.0,REIMS,51,454,CZ,184,0,2.0,Appartement,32.0,2.0
1618795,12/05/2020,Vente,"350000,00",15.0,RUE,8060,ST SIXTE,51100.0,REIMS,51,454,CZ,184,0,2.0,Appartement,60.0,4.0
1618796,12/05/2020,Vente,"350000,00",15.0,RUE,8060,ST SIXTE,51100.0,REIMS,51,454,CZ,184,0,2.0,Appartement,32.0,2.0
1618800,18/05/2020,Vente,"175000,00",16.0,RUE,8330,SIMON,51100.0,REIMS,51,454,DM,637,1,2.0,Appartement,123.0,6.0
1618804,15/05/2020,Vente,"108000,00",12.0,RUE,5270,LANDOUZY,51100.0,REIMS,51,454,AW,286,1,2.0,Appartement,35.0,1.0
1618805,15/05/2020,Vente,"108000,00",12.0,RUE,5270,LANDOUZY,51100.0,REIMS,51,454,AW,286,1,2.0,Appartement,25.0,1.0
1618808,18/05/2020,Vente,"113000,00",38.0,RUE,8430,DE STRASBOURG,51100.0,REIMS,51,454,CV,589,1,2.0,Appartement,54.0,3.0
1618809,18/05/2020,Vente,"113000,00",38.0,RUE,8430,DE STRASBOURG,51100.0,REIMS,51,454,CV,589,1,2.0,Appartement,55.0,3.0
1618811,20/05/2020,Vente,"182000,00",42.0,RUE,3850,GAMBETTA,51100.0,REIMS,51,454,IK,171,2,2.0,Appartement,69.0,3.0
1618823,04/05/2020,Vente,"175000,00",31.0,RUE,3990,GEORGES BOUSSINESQ,51100.0,REIMS,51,454,CL,909,1,2.0,Appartement,66.0,3.0
1618832,22/05/2020,Vente,"60000,00",39.0,AV,4455,HENRI FARMAN,51100.0,REIMS,51,454,EK,6,1,2.0,Appartement,18.0,1.0
1618834,20/05/2020,Vente,"147500,00",301.0,AV,5300,DE LAON,51100.0,REIMS,51,454,AN,711,1,2.0,Appartement,82.0,4.0
1618836,11/05/2020,Vente,"64000,00",74.0,RUE,6230,DU MONT D ARENE,51100.0,REIMS,51,454,AV,391,1,2.0,Appartement,35.0,1.0
1618837,12/05/2020,Vente en l'état futur d'achèvement,"205000,00",60.0,RUE,4355,HANNAH ARENDT,51100.0,REIMS,51,454,CR,61,1,2.0,Appartement,88.0,4.0
1618839,11/05/2020,Vente,"60500,00",63.0,RUE,1590,DE CERNAY,51100.0,REIMS,51,454,CW,321,1,2.0,Appartement,22.0,1.0
1618841,13/05/2020,Vente,"164000,00",2.0,RUE,0375,ARLETTE REMIA,51100.0,REIMS,51,454,HZ,183,1,2.0,Appartement,66.0,2.0
1618851,19/05/2020,Vente,"160000,00",31.0,RUE,5860,MANSUY,51100.0,REIMS,51,454,AM,820,1,2.0,Appartement,79.0,3.0
1618853,18/05/2020,Vente,"177000,00",450.0,AV,5300,DE LAON,51100.0,REIMS,51,454,AE,93,1,2.0,Appartement,76.0,3.0
1618854,18/05/2020,Vente,"96350,00",6.0,RUE,7405,RAYMOND POINCARE,51100.0,REIMS,51,454,AE,117,2,2.0,Appartement,83.0,5.0
1618859,15/05/2020,Vente,"70000,00",40.0,RUE,7310,PRIEUR DE LA MARNE,51100.0,REIMS,51,454,BI,111,1,2.0,Appartement,22.0,1.0
1618864,15/05/2020,Vente,"188500,00",158.0,AV,4900,JEAN JAURES,51100.0,REIMS,51,454,CV,981,1,2.0,Appartement,95.0,4.0
1618879,19/05/2020,Vente,"271200,00",28.0,RUE,8510,DE TAMBOUR,51100.0,REIMS,51,454,BE,264,2,2.0,Appartement,87.0,4.0
1618883,20/05/2020,Vente,"89000,00",333.0,AV,5300,DE LAON,51100.0,REIMS,51,454,AN,548,1,2.0,Appartement,80.0,3.0
1618888,20/05/2020,Vente,"89000,00",333.0,AV,5300,DE LAON,51100.0,REIMS,51,454,AN,548,1,2.0,Appartement,81.0,3.0
1618890,26/05/2020,Vente,"220000,00",8.0,BD,5680,LUNDY,51100.0,REIMS,51,454,BH,309,2,2.0,Appartement,86.0,4.0
1618893,26/05/2020,Vente,"96000,00",1.0,RUE,8870,DES TUILERIES,51100.0,REIMS,51,454,DM,559,2,2.0,Appartement,39.0,1.0
1618895,13/03/2020,Vente,"122000,00",52.0,RUE,2570,CROUTELLE,51100.0,REIMS,51,454,AV,105,2,2.0,Appartement,41.0,2.0
1618896,07/05/2020,Vente,"123000,00",9.0,RUE,6360,DES MURS,51100.0,REIMS,51,454,CX,271,1,2.0,Appartement,39.0,2.0
1618901,13/05/2020,Vente,"347000,00",2.0,RUE,8900,DE L UNIVERSITE,51100.0,REIMS,51,454,CX,326,2,2.0,Appartement,103.0,4.0
1618902,05/05/2020,Vente,"141700,00",51.0,BD,4550,HENRY VASNIER,51100.0,REIMS,51,454,CI,77,1,2.0,Appartement,44.0,2.0
1618914,01/04/2020,Vente,"185000,00",38.0,RUE,7710,RUINART DE BRIMONT,51100.0,REIMS,51,454,CW,112,1,2.0,Appartement,141.0,1.0
1618916,11/05/2020,Vente,"168000,00",44.0,RUE,3800,DES FUSELIERS,51100.0,REIMS,51,454,CX,559,1,2.0,Appartement,57.0,3.0
1618929,08/04/2020,Vente,"180000,00",8.0,RUE,7640,ROSSET,51100.0,REIMS,51,454,AM,890,1,2.0,Appartement,78.0,3.0
1618938,03/04/2020,Vente,"76000,00",4.0,RUE,8230,DES SALINES,51100.0,REIMS,51,454,CZ,174,1,2.0,Appartement,40.0,2.0
1618946,19/05/2020,Vente,"158000,00",113.0,RUE,5460,LESAGE,51100.0,REIMS,51,454,AY,241,1,2.0,Appartement,66.0,3.0
1618956,13/05/2020,Vente,"174800,00",31.0,RUE,1100,BOUDET,51100.0,REIMS,51,454,AX,708,1,2.0,Appartement,61.0,3.0
1618958,13/05/2020,Vente,"124200,00",21.0,RUE,9210,DE WITRY,51100.0,REIMS,51,454,CT,186,2,2.0,Appartement,63.0,3.0
1618959,13/05/2020,Vente,"651050,00",5.0,RUE,1350,DU CADRAN ST PIERRE,51100.0,REIMS,51,454,IL,253,1,2.0,Appartement,252.0,6.0
1618961,15/05/2020,Vente,"134500,00",85.0,RUE,2290,COQUEBERT,51100.0,REIMS,51,454,BI,824,1,2.0,Appartement,70.0,3.0
1618967,18/05/2020,Vente,"88700,00",16.0,RUE,5050,JULES BRUNEAU,51100.0,REIMS,51,454,DT,658,2,2.0,Appartement,44.0,2.0
1618985,14/05/2020,Vente,"183500,00",44.0,RUE,1670,DU CHAMP DE MARS,51100.0,REIMS,51,454,BH,1,2,2.0,Appartement,75.0,5.0
1618989,15/05/2020,Vente,"85000,00",16.0,RUE,6720,DE PARGNY,51100.0,REIMS,51,454,HX,391,2,2.0,Appartement,62.0,3.0
1618999,19/05/2020,Vente,"62000,00",12.0,ESP,6772,PAUL CEZANNE,51100.0,REIMS,51,454,KR,4,2,2.0,Appartement,74.0,4.0
1619005,13/05/2020,Vente,"45000,00",64.0,RUE,3280,EMILE ZOLA,51100.0,REIMS,51,454,AW,85,1,2.0,Appartement,30.0,1.0
1619009,14/05/2020,Vente en l'état futur d'achèvement,"485000,00",,IMP,5470,DU LEVANT,51100.0,REIMS,51,454,CX,495,1,2.0,Appartement,118.0,4.0
1619012,15/05/2020,Vente,"188000,00",21.0,RUE,3390,DE L ETAPE,51100.0,REIMS,51,454,IL,623,1,2.0,Appartement,73.0,3.0
1619019,18/05/2020,Vente,"126000,00",33.0,BD,7960,ST MARCEAUX,51100.0,REIMS,51,454,CK,98,2,2.0,Appartement,67.0,3.0
1619031,14/05/2020,Vente en l'état futur d'achèvement,"388000,00",,IMP,5470,DU LEVANT,51100.0,REIMS,51,454,CX,495,1,2.0,Appartement,99.0,4.0
1619034,19/05/2020,Vente,"119000,00",12.0,BD,4550,HENRY VASNIER,51100.0,REIMS,51,454,CZ,11,1,2.0,Appartement,74.0,3.0
1619037,28/05/2020,Vente,"126000,00",27.0,AV,4010,GEORGES CLEMENCEAU,51100.0,REIMS,51,454,CL,560,2,2.0,Appartement,56.0,3.0
1619042,13/05/2020,Vente,"183000,00",78.0,RUE,5460,LESAGE,51100.0,REIMS,51,454,AY,172,1,2.0,Appartement,64.0,3.0
1619045,27/05/2020,Vente,"227000,00",139.0,RUE,1590,DE CERNAY,51100.0,REIMS,51,454,CV,355,2,2.0,Appartement,101.0,1.0
1619049,27/05/2020,Vente,"145000,00",92.0,RUE,7160,PONSARDIN,51100.0,REIMS,51,454,CY,195,1,2.0,Appartement,65.0,3.0
1619052,22/05/2020,Vente,"180000,00",2.0,RUE,8430,DE STRASBOURG,51100.0,REIMS,51,454,CV,937,2,2.0,Appartement,93.0,4.0
1619110,19/05/2020,Vente,"126000,00",28.0,RUE,0375,ARLETTE REMIA,51100.0,REIMS,51,454,HZ,183,1,2.0,Appartement,73.0,2.0
1619112,14/05/2020,Vente,"99000,00",13.0,RUE,1640,DU CHALET,51100.0,REIMS,51,454,BK,323,2,2.0,Appartement,40.0,2.0
1619114,30/05/2020,Vente,"117300,00",26.0,RUE,1070,BOUCHER DE PERTHES,51100.0,REIMS,51,454,CV,918,1,2.0,Appartement,36.0,2.0
1619116,19/05/2020,Vente,"101000,00",65.0,BD,2930,DOCTEUR HENRI HENROT,51100.0,REIMS,51,454,DM,458,2,2.0,Appartement,67.0,3.0
1619119,29/05/2020,Vente,"225000,00",27.0,RUE,3210,DES ELUS,51100.0,REIMS,51,454,IL,128,1,2.0,Appartement,47.0,2.0
1619120,19/05/2020,Vente,"105350,00",121.0,RUE,1590,DE CERNAY,51100.0,REIMS,51,454,CV,474,2,2.0,Appartement,47.0,2.0
1619122,26/05/2020,Vente,"247500,00",87.0,RUE,6230,DU MONT D ARENE,51100.0,REIMS,51,454,AT,9,1,2.0,Appartement,66.0,3.0
1619129,28/05/2020,Vente,"155000,00",1.0,RUE,8870,DES TUILERIES,51100.0,REIMS,51,454,DM,559,1,2.0,Appartement,108.0,5.0
1619130,20/05/2020,Vente,"297000,00",18.0,PAS,7870,ST JACQUES,51100.0,REIMS,51,454,IL,147,1,2.0,Appartement,97.0,4.0
1619133,18/05/2020,Vente,"149000,00",1.0,RUE,6760,PAUL ADAM,51100.0,REIMS,51,454,IK,1431,1,2.0,Appartement,63.0,3.0
1619138,20/05/2020,Vente,"90000,00",76.0,RUE,5615,LOUIS PASTEUR NEUV,51100.0,REIMS,51,454,KI,231,1,2.0,Appartement,44.0,2.0
1619156,29/05/2020,Vente,"195500,00",3.0,RUE,1640,DU CHALET,51100.0,REIMS,51,454,BK,328,1,2.0,Appartement,98.0,5.0
1619158,25/05/2020,Vente,"102000,00",6.0,RUE,4034,GERARD DE NERVAL,51100.0,REIMS,51,454,EX,121,1,2.0,Appartement,66.0,2.0
1619178,22/05/2020,Vente,"82000,00",21.0,AV,3320,D EPERNAY,51100.0,REIMS,51,454,DP,460,2,2.0,Appartement,39.0,1.0
1619181,22/05/2020,Vente en l'état futur d'achèvement,"228580,00",,RUE,4220,GRANDVAL,51100.0,REIMS,51,454,CL,1000,2,2.0,Appartement,62.0,3.0
1619183,27/05/2020,Vente,"1000000,00",10.0,RUE,7080,PLUCHE,51100.0,REIMS,51,454,BE,158,1,2.0,Appartement,410.0,9.0
1619189,25/05/2020,Vente,"40000,00",5.0,RUE,0600,DU BARBATRE,51100.0,REIMS,51,454,CY,41,1,2.0,Appartement,31.0,2.0
1619195,13/05/2020,Vente,"150000,00",200.0,RUE,5350,LEDRU ROLLIN,51100.0,REIMS,51,454,DW,72,1,2.0,Appartement,66.0,3.0
1619202,14/05/2020,Vente,"500000,00",143.0,AV,4900,JEAN JAURES,51100.0,REIMS,51,454,BI,836,0,2.0,Appartement,18.0,2.0
1619203,14/05/2020,Vente,"500000,00",143.0,AV,4900,JEAN JAURES,51100.0,REIMS,51,454,BI,836,0,2.0,Appartement,49.0,3.0
1619204,14/05/2020,Vente,"500000,00",143.0,AV,4900,JEAN JAURES,51100.0,REIMS,51,454,BI,836,0,2.0,Appartement,40.0,2.0
1619206,14/05/2020,Vente,"500000,00",143.0,AV,4900,JEAN JAURES,51100.0,REIMS,51,454,BI,836,0,2.0,Appartement,48.0,3.0
1619207,14/05/2020,Vente,"500000,00",143.0,AV,4900,JEAN JAURES,51100.0,REIMS,51,454,BI,836,0,2.0,Appartement,36.0,2.0
1619212,22/05/2020,Vente,"77000,00",16.0,RUE,5050,JULES BRUNEAU,51100.0,REIMS,51,454,DT,658,2,2.0,Appartement,55.0,3.0
1619222,25/05/2020,Vente,"90000,00",36.0,RUE,2430,DE COURCELLES,51100.0,REIMS,51,454,AR,331,3,2.0,Appartement,35.0,2.0
1619230,20/05/2020,Vente,"151700,00",3.0,AV,4010,GEORGES CLEMENCEAU,51100.0,REIMS,51,454,CK,29,2,2.0,Appartement,60.0,3.0
1619243,14/05/2020,Vente,"74000,00",10.0,RUE,6000,MARTEAU,51100.0,REIMS,51,454,CV,1179,1,2.0,Appartement,32.0,2.0
1619249,14/05/2020,Vente,"100000,00",25.0,RUE,2480,DES COUTURES,51100.0,REIMS,51,454,CI,10,2,2.0,Appartement,67.0,2.0
1619250,19/05/2020,Vente,"94400,00",59.0,RUE,1920,DE CHEVIGNE,51100.0,REIMS,51,454,CL,33,2,2.0,Appartement,52.0,2.0
1619260,25/05/2020,Vente,"172300,00",29.0,RUE,5891,MARCEL THIL,51100.0,REIMS,51,454,AV,431,1,2.0,Appartement,69.0,3.0
1619264,25/05/2020,Vente,"240000,00",11.0,RUE,3180,EDOUARD MIGNOT,51100.0,REIMS,51,454,AT,415,1,2.0,Appartement,80.0,3.0
1619265,25/05/2020,Vente,"119880,00",22.0,RUE,5400,LEON FAUCHER,51100.0,REIMS,51,454,BC,23,2,2.0,Appartement,65.0,4.0
1619267,26/05/2020,Vente,"205000,00",3.0,RUE,7060,PIPER,51100.0,REIMS,51,454,CW,12,1,2.0,Appartement,68.0,3.0
1619272,26/05/2020,Vente,"106680,00",24.0,RUE,7520,DE RILLY LA MONTAGNE,51100.0,REIMS,51,454,HS,222,2,2.0,Appartement,76.0,4.0
1619286,14/05/2020,Vente,"83000,00",15.0,RUE,8320,DE SILLERY,51100.0,REIMS,51,454,CK,233,1,2.0,Appartement,24.0,1.0
1619287,19/05/2020,Vente,"112000,00",9.0,RUE,3090,DURUY,51100.0,REIMS,51,454,AX,315,2,2.0,Appartement,40.0,2.0
1619290,13/05/2020,Vente,"100000,00",14.0,RUE,7015,PIERRE DE COUBERTIN,51100.0,REIMS,51,454,AE,292,2,2.0,Appartement,56.0,3.0
1619300,03/06/2020,Vente,"98000,00",12.0,RUE,6260,MONTLAURENT,51100.0,REIMS,51,454,CZ,427,1,2.0,Appartement,41.0,2.0
1619301,03/06/2020,Vente,"110000,00",2.0,RUE,7980,ST MAURICE,51100.0,REIMS,51,454,CZ,384,1,2.0,Appartement,47.0,2.0
1619319,15/05/2020,Vente,"156000,00",29.0,BD,7960,ST MARCEAUX,51100.0,REIMS,51,454,CK,312,1,2.0,Appartement,74.0,3.0
1619321,06/05/2020,Vente,"230000,00",20.0,RUE,2120,COLBERT,51100.0,REIMS,51,454,BE,281,2,2.0,Appartement,72.0,4.0
1619325,28/05/2020,Vente,"265000,00",2.0,RUE,0375,ARLETTE REMIA,51100.0,REIMS,51,454,HZ,183,1,2.0,Appartement,110.0,4.0
1619328,29/05/2020,Vente,"113000,00",213.0,AV,4900,JEAN JAURES,51100.0,REIMS,51,454,BK,274,2,2.0,Appartement,72.0,4.0
1619332,27/05/2020,Vente,"121050,00",6.0,ALL,0788,B FRANKLIN NEUV,51100.0,REIMS,51,454,KK,684,2,2.0,Appartement,64.0,3.0
1619340,20/05/2020,Vente,"135000,00",10.0,RUE,0846,RUE BERTRAND DE VOGUE,51100.0,REIMS,51,454,DK,238,1,2.0,Appartement,73.0,4.0
1619346,25/05/2020,Vente,"128000,00",11.0,RUE,8580,DES TEMPLIERS,51100.0,REIMS,51,454,BH,528,2,2.0,Appartement,80.0,4.0
1619362,29/05/2020,Vente,"107750,00",60.0,RUE,2080,CLOVIS CHEZEL,51100.0,REIMS,51,454,DN,444,1,2.0,Appartement,48.0,2.0
1619364,28/05/2020,Vente,"60000,00",10.0,RUE,4120,GOIOT,51100.0,REIMS,51,454,CZ,695,1,2.0,Appartement,98.0,1.0
1619368,14/05/2020,Vente,"36000,00",13.0,RUE,7405,RAYMOND POINCARE,51100.0,REIMS,51,454,AE,117,2,2.0,Appartement,27.0,1.0
1619373,22/05/2020,Vente,"130000,00",2.0,RUE,4150,GOSSET,51100.0,REIMS,51,454,BD,99,1,2.0,Appartement,67.0,3.0
1619376,26/05/2020,Vente,"190500,00",450.0,AV,5300,DE LAON,51100.0,REIMS,51,454,AE,93,1,2.0,Appartement,81.0,4.0
1619379,29/05/2020,Vente,"114217,00",13.0,RUE,2450,COURMEAUX,51100.0,REIMS,51,454,BE,154,2,2.0,Appartement,36.0,2.0
1619384,20/05/2020,Vente,"149000,00",404.0,AV,5300,DE LAON,51100.0,REIMS,51,454,AE,69,1,2.0,Appartement,66.0,3.0
1619391,15/04/2020,Vente,"294000,00",6.0,RUE,8560,DES TELLIERS,51100.0,REIMS,51,454,IL,270,2,2.0,Appartement,108.0,4.0
1619398,30/04/2020,Vente,"190000,00",88.0,RUE,3850,GAMBETTA,51100.0,REIMS,51,454,CY,331,1,2.0,Appartement,79.0,3.0
1619399,29/05/2020,Vente,"139000,00",16.0,RUE,2192,COMMANDANT ARNAUD,51100.0,REIMS,51,454,AL,419,2,2.0,Appartement,71.0,3.0
1619402,29/04/2020,Vente,"104000,00",7.0,PL,5894,MAL DE LATTRE DE TASSIGNY,51100.0,REIMS,51,454,CO,415,2,2.0,Appartement,64.0,4.0
1619408,29/05/2020,Vente,"160000,00",115.0,RUE,5460,LESAGE,51100.0,REIMS,51,454,AY,494,1,2.0,Appartement,63.0,3.0
1619412,06/05/2020,Vente,"88500,00",13.0,RUE,8720,TOURNEBONNEAU,51100.0,REIMS,51,454,DM,630,1,2.0,Appartement,34.0,1.0
1619414,27/05/2020,Vente,"118000,00",8.0,RUE,0254,ANDRE FAIVRE,51100.0,REIMS,51,454,KP,30,1,2.0,Appartement,82.0,4.0
1619418,29/05/2020,Vente,"136700,00",71.0,BD,6790,PAUL DOUMER,51100.0,REIMS,51,454,IK,335,2,2.0,Appartement,56.0,2.0
1619420,18/05/2020,Vente,"165450,00",19.0,AV,3320,D EPERNAY,51100.0,REIMS,51,454,DP,460,2,2.0,Appartement,90.0,4.0
1619423,15/05/2020,Vente,"44500,00",33.0,RUE,5270,LANDOUZY,51100.0,REIMS,51,454,AW,372,1,2.0,Appartement,18.0,1.0
1619424,15/05/2020,Vente,"69200,00",31.0,RUE,3000,DOCTEUR THOMAS,51100.0,REIMS,51,454,AW,513,2,2.0,Appartement,45.0,2.0
1619425,20/05/2020,Vente,"125800,00",37.0,RUE,6470,DE NEUFCHATEL,51100.0,REIMS,51,454,AX,804,2,2.0,Appartement,41.0,2.0
1619426,02/06/2020,Vente,"153500,00",8.0,RUE,8330,SIMON,51100.0,REIMS,51,454,DM,637,1,2.0,Appartement,74.0,3.0
1619430,26/05/2020,Vente,"107000,00",1.0,RUE,1822,CHARLES PEGUY,51100.0,REIMS,51,454,AI,664,2,2.0,Appartement,73.0,4.0
1619434,29/05/2020,Vente,"158000,00",17.0,RUE,3800,DES FUSELIERS,51100.0,REIMS,51,454,CX,501,2,2.0,Appartement,76.0,2.0
1619436,18/05/2020,Vente,"134500,00",16.0,RUE,6830,P VAILLANT COUTURIER,51100.0,REIMS,51,454,AV,252,1,2.0,Appartement,61.0,3.0
1619437,25/05/2020,Vente,"300000,00",2.0,RUE,2260,CONDORCET,51100.0,REIMS,51,454,IL,173,1,2.0,Appartement,92.0,4.0
1619450,08/06/2020,Vente,"150490,00",15.0,RUE,5090,JULES GUICHARD,51100.0,REIMS,51,454,AV,660,1,2.0,Appartement,63.0,3.0
1619455,29/05/2020,Vente,"68500,00",28.0,RUE,5270,LANDOUZY,51100.0,REIMS,51,454,AW,210,1,2.0,Appartement,25.0,1.0
1619457,20/05/2020,Vente,"63930,00",9.0,RUE,3090,DURUY,51100.0,REIMS,51,454,AX,315,1,2.0,Appartement,18.0,1.0
1619458,08/06/2020,Vente,"77000,00",53.0,AV,6823,PAUL MARCHANDEAU,51100.0,REIMS,51,454,DO,38,1,2.0,Appartement,36.0,1.0
1619471,29/05/2020,Vente,"380000,00",14.0,RUE,2280,DE CONTRAI,51100.0,REIMS,51,454,CY,643,0,2.0,Appartement,48.0,2.0
1619472,29/05/2020,Vente,"380000,00",14.0,RUE,2280,DE CONTRAI,51100.0,REIMS,51,454,CY,643,0,2.0,Appartement,18.0,1.0
1619473,29/05/2020,Vente,"380000,00",14.0,RUE,2280,DE CONTRAI,51100.0,REIMS,51,454,CY,643,0,2.0,Appartement,48.0,2.0
1619474,29/05/2020,Vente,"380000,00",14.0,RUE,2280,DE CONTRAI,51100.0,REIMS,51,454,CY,643,0,2.0,Appartement,48.0,2.0
1619480,03/06/2020,Vente,"229000,00",87.0,RUE,6230,DU MONT D ARENE,51100.0,REIMS,51,454,AT,9,1,2.0,Appartement,62.0,3.0
1619482,12/05/2020,Vente,"179840,00",1.0,RUE,6540,NOEL,51100.0,REIMS,51,454,IL,607,1,2.0,Appartement,56.0,2.0
1619483,12/05/2020,Vente,"179840,00",3.0,RUE,6540,NOEL,51100.0,REIMS,51,454,IL,607,1,2.0,Appartement,45.0,1.0
1619486,15/05/2020,Vente,"124000,00",3.0,RUE,6330,DES MOULINS,51100.0,REIMS,51,454,DM,632,2,2.0,Appartement,59.0,3.0
1619490,08/06/2020,Vente,"80000,00",57.0,RUE,5270,LANDOUZY,51100.0,REIMS,51,454,AW,408,3,2.0,Appartement,38.0,3.0
1619494,08/06/2020,Vente en l'état futur d'achèvement,"290000,00",7.0,RUE,5260,LAMOUCHE,51100.0,REIMS,51,454,AV,754,1,2.0,Appartement,82.0,3.0
1619497,02/06/2020,Vente en l'état futur d'achèvement,"350000,00",7.0,RUE,5260,LAMOUCHE,51100.0,REIMS,51,454,AV,754,1,2.0,Appartement,103.0,5.0
1619499,10/06/2020,Vente,"411500,00",13.0,BD,5680,LUNDY,51100.0,REIMS,51,454,BE,41,2,2.0,Appartement,163.0,5.0
1619500,05/06/2020,Vente,"86000,00",1.0,RUE,3340,DE L EQUERRE,51100.0,REIMS,51,454,CY,569,2,2.0,Appartement,50.0,2.0
1619504,03/06/2020,Vente,"97000,00",22.0,RUE,3048,DUMONT D URVILLE,51100.0,REIMS,51,454,ET,199,2,2.0,Appartement,96.0,4.0
1619505,05/06/2020,Vente,"65600,00",10.0,RUE,7405,RAYMOND POINCARE,51100.0,REIMS,51,454,AE,117,2,2.0,Appartement,47.0,2.0
1619506,08/06/2020,Vente en l'état futur d'achèvement,"143319,00",215.0,RUE,2440,DE COURLANCY,51100.0,REIMS,51,454,DN,253,1,2.0,Appartement,43.0,2.0
1619522,29/05/2020,Vente,"220000,00",3.0,RUE,1310,BUIRETTE,51100.0,REIMS,51,454,IM,84,2,2.0,Appartement,73.0,3.0
1619524,05/06/2020,Vente,"71000,00",1.0,PL,5894,MAL DE LATTRE DE TASSIGNY,51100.0,REIMS,51,454,CO,415,2,2.0,Appartement,54.0,3.0
1619528,05/06/2020,Vente,"224000,00",83.0,RUE,6230,DU MONT D ARENE,51100.0,REIMS,51,454,AT,9,1,2.0,Appartement,60.0,3.0
1619534,29/05/2020,Vente,"131180,00",4.0,RUE,0035,DE L ADRIATIQUE,51100.0,REIMS,51,454,CN,577,2,2.0,Appartement,113.0,5.0
1619535,29/05/2020,Vente,"459000,00",4.0,RUE,2070,CLOVIS,51100.0,REIMS,51,454,IK,861,2,2.0,Appartement,107.0,4.0
1619539,15/05/2020,Vente,"68000,00",2.0,ALL,3045,DU BELLAY,51100.0,REIMS,51,454,DK,184,2,2.0,Appartement,36.0,1.0
1619542,29/05/2020,Vente,"120000,00",59.0,RUE,1920,DE CHEVIGNE,51100.0,REIMS,51,454,CL,33,2,2.0,Appartement,74.0,4.0
1619544,15/05/2020,Vente,"245000,00",21.0,RUE,6740,PASSE DEMOISELLES,51100.0,REIMS,51,454,HY,184,1,2.0,Appartement,80.0,3.0
1619548,15/05/2020,Vente,"320000,00",12.0,RUE,5930,MARIE STUART,51100.0,REIMS,51,454,CX,617,2,2.0,Appartement,132.0,6.0
1619549,29/05/2020,Vente,"184000,00",8.0,RUE,8297,DES SERGIERS,51100.0,REIMS,51,454,CT,533,2,2.0,Appartement,74.0,3.0
1619552,02/06/2020,Vente,"229500,00",86.0,RUE,1390,DES CAPUCINS,51100.0,REIMS,51,454,IK,278,2,2.0,Appartement,50.0,2.0
1619555,15/05/2020,Vente,"108500,00",48.0,RUE,4560,HINCMAR,51100.0,REIMS,51,454,IK,743,1,2.0,Appartement,30.0,1.0
1619556,22/05/2020,Vente,"57700,00",14.0,BD,2830,DIEU LUMIERE,51100.0,REIMS,51,454,DK,269,2,2.0,Appartement,30.0,1.0
1619558,15/05/2020,Vente,"304000,00",8.0,RUE,2450,COURMEAUX,51100.0,REIMS,51,454,BE,100,1,2.0,Appartement,53.0,2.0
1619594,04/06/2020,Vente,"125000,00",43.0,RUE,6740,PASSE DEMOISELLES,51100.0,REIMS,51,454,HY,152,1,2.0,Appartement,52.0,2.0
1619610,28/05/2020,Vente,"118000,00",31.0,RUE,7010,PIERRE BROSSOLETTE,51100.0,REIMS,51,454,AR,206,2,2.0,Appartement,65.0,3.0
1619611,02/06/2020,Vente,"245560,00",1.0,RUE,3000,DOCTEUR THOMAS,51100.0,REIMS,51,454,AW,393,1,2.0,Appartement,88.0,5.0
1619617,03/06/2020,Vente,"215000,00",19.0,RUE,3650,FOLLE PEINE,51100.0,REIMS,51,454,CY,737,2,2.0,Appartement,94.0,5.0
1619619,20/05/2020,Vente,"106000,00",55.0,RUE,7160,PONSARDIN,51100.0,REIMS,51,454,CY,97,1,2.0,Appartement,38.0,2.0
1619621,18/05/2020,Vente,"122000,00",450.0,AV,5300,DE LAON,51100.0,REIMS,51,454,AE,93,1,2.0,Appartement,51.0,2.0
1619624,20/05/2020,Vente en l'état futur d'achèvement,"274000,00",14.0,RUE,4180,GOULIN,51100.0,REIMS,51,454,AW,445,1,2.0,Appartement,80.0,3.0
1619625,28/05/2020,Vente,"99000,00",2.0,ALL,3165,EDOUARD DEKETELAERE,51100.0,REIMS,51,454,AN,668,2,2.0,Appartement,66.0,4.0
1619626,29/05/2020,Vente,"75000,00",33.0,RUE,6010,MARTIN PELLER,51100.0,REIMS,51,454,HX,545,2,2.0,Appartement,44.0,2.0
1619634,20/05/2020,Vente,"205000,00",13.0,BD,6790,PAUL DOUMER,51100.0,REIMS,51,454,HZ,22,1,2.0,Appartement,45.0,2.0
1619636,25/05/2020,Vente,"79000,00",31.0,RUE,3000,DOCTEUR THOMAS,51100.0,REIMS,51,454,AW,513,2,2.0,Appartement,32.0,2.0
1619637,20/05/2020,Vente,"158000,00",9.0,ALL,1725,CH NICOLAS ROLAND,51100.0,REIMS,51,454,DM,239,2,2.0,Appartement,69.0,3.0
1619649,09/06/2020,Vente,"275000,00",26.0,RUE,6864,PAYEN,51100.0,REIMS,51,454,HZ,21,2,2.0,Appartement,84.0,4.0
1619652,03/06/2020,Vente,"122650,00",6.0,ALL,0788,B FRANKLIN NEUV,51100.0,REIMS,51,454,KK,684,2,2.0,Appartement,64.0,3.0
1619655,04/06/2020,Vente,"265250,00",3.0,RUE,7060,PIPER,51100.0,REIMS,51,454,CW,12,2,2.0,Appartement,80.0,4.0
1619657,09/06/2020,Vente,"53500,00",4.0,RUE,0630,DU BASTION,51100.0,REIMS,51,454,CW,268,2,2.0,Appartement,25.0,1.0
1619673,03/06/2020,Vente,"112900,00",11.0,RUE,8580,DES TEMPLIERS,51100.0,REIMS,51,454,BH,528,2,2.0,Appartement,44.0,2.0
1619676,03/06/2020,Vente,"84000,00",333.0,AV,5300,DE LAON,51100.0,REIMS,51,454,AN,548,1,2.0,Appartement,80.0,3.0
1619679,01/06/2020,Vente,"137000,00",15.0,PL,8711,TOULOUSE LAUTREC,51100.0,REIMS,51,454,KR,29,2,2.0,Appartement,79.0,4.0
1619681,22/05/2020,Vente,"222300,00",49.0,RUE,8500,DE TALLEYRAND,51100.0,REIMS,51,454,IL,353,2,2.0,Appartement,101.0,4.0
1619689,20/05/2020,Vente,"53000,00",16.0,RUE,5050,JULES BRUNEAU,51100.0,REIMS,51,454,DT,658,2,2.0,Appartement,23.0,1.0
1619690,08/06/2020,Vente,"145000,00",12.0,RUE,8230,DES SALINES,51100.0,REIMS,51,454,CZ,181,2,2.0,Appartement,66.0,3.0
1619698,05/06/2020,Vente,"153000,00",1.0,RUE,8870,DES TUILERIES,51100.0,REIMS,51,454,DM,559,2,2.0,Appartement,69.0,3.0
1619703,03/06/2020,Vente,"111665,00",2.0,RUE,8605,THEOPHILE GAUTIER,51100.0,REIMS,51,454,AD,829,2,2.0,Appartement,65.0,3.0
1619708,29/05/2020,Vente,"89000,00",36.0,ALL,4337,GUY DE MAUPASSANT,51100.0,REIMS,51,454,HK,1287,1,2.0,Appartement,56.0,2.0
1619718,08/06/2020,Vente,"177000,00",1.0,BD,9070,VICTOR HUGO,51100.0,REIMS,51,454,CZ,450,2,2.0,Appartement,96.0,6.0
1619719,22/05/2020,Vente,"132100,00",12.0,RUE,3680,FORTEL,51100.0,REIMS,51,454,AR,470,2,2.0,Appartement,73.0,3.0
1619721,19/05/2020,Vente,"136050,00",5.0,RUE,7070,DU PISTOLET,51100.0,REIMS,51,454,DM,632,2,2.0,Appartement,61.0,3.0
1619732,09/06/2020,Vente,"160000,00",6.0,RUE,3100,DE L ECAILLE,51100.0,REIMS,51,454,DM,629,2,2.0,Appartement,89.0,4.0
1619734,29/05/2020,Vente,"276000,00",10.0,AV,4900,JEAN JAURES,51100.0,REIMS,51,454,CW,55,2,2.0,Appartement,100.0,6.0
1619735,20/05/2020,Vente,"129000,00",55.0,RUE,1360,CAMILLE LENOIR,51100.0,REIMS,51,454,BH,62,2,2.0,Appartement,54.0,3.0
1619741,09/06/2020,Vente,"170000,00",38.0,RUE,5250,LAGRIVE,51100.0,REIMS,51,454,CK,318,2,2.0,Appartement,79.0,4.0
1619746,02/06/2020,Vente,"271500,00",32.0,BD,4550,HENRY VASNIER,51100.0,REIMS,51,454,CZ,18,2,2.0,Appartement,112.0,5.0
1619758,20/05/2020,Vente,"90500,00",5.0,RUE,8260,SCULPTEURS JACQUES,51100.0,REIMS,51,454,HW,278,1,2.0,Appartement,55.0,3.0
1619759,09/06/2020,Vente,"239000,00",83.0,RUE,6230,DU MONT D ARENE,51100.0,REIMS,51,454,AT,9,1,2.0,Appartement,60.0,3.0
1619762,27/04/2020,Vente,"245900,00",3.0,PL,3870,GASTON POITEVIN,51100.0,REIMS,51,454,IK,387,1,2.0,Appartement,72.0,4.0
1619763,04/06/2020,Vente,"55000,00",57.0,RUE,2630,DANTON,51100.0,REIMS,51,454,AX,577,1,2.0,Appartement,21.0,1.0
1619765,03/06/2020,Vente,"79000,00",312.0,AV,5300,DE LAON,51100.0,REIMS,51,454,AM,720,1,2.0,Appartement,47.0,1.0
1619776,25/05/2020,Vente,"79000,00",70.0,RUE,4740,JACQUART,51100.0,REIMS,51,454,BI,575,1,2.0,Appartement,33.0,2.0
1619781,27/05/2020,Vente,"167000,00",93.0,RUE,3850,GAMBETTA,51100.0,REIMS,51,454,CY,631,1,2.0,Appartement,55.0,2.0
1619786,25/05/2020,Vente,,62.0,RUE,4355,HANNAH ARENDT,51100.0,REIMS,51,454,CR,61,1,2.0,Appartement,84.0,4.0
1619793,25/05/2020,Vente,"138900,00",53.0,RUE,1920,DE CHEVIGNE,51100.0,REIMS,51,454,CL,35,1,2.0,Appartement,65.0,3.0
1619801,19/05/2020,Vente,"193000,00",71.0,BD,3950,DU GENERAL LECLERC,51100.0,REIMS,51,454,IM,333,1,2.0,Appartement,50.0,4.0
1619803,09/06/2020,Vente,"142000,00",50.0,RUE,8820,DES 3 PILIERS,51100.0,REIMS,51,454,AW,59,1,2.0,Appartement,69.0,3.0
1619809,28/05/2020,Vente,"176000,00",8.0,AV,6730,DE PARIS,51100.0,REIMS,51,454,IO,192,1,2.0,Appartement,79.0,3.0
1619812,29/05/2020,Vente,"158000,00",8.0,RUE,8250,DE SAVOYE,51100.0,REIMS,51,454,BH,56,6,2.0,Appartement,73.0,3.0
1619814,20/05/2020,Vente,"133170,00",29.0,RUE,2790,DEVILLE,51100.0,REIMS,51,454,AV,115,1,2.0,Appartement,52.0,3.0
1619815,15/06/2020,Vente,"123000,00",40.0,RUE,3570,DE FISMES,51100.0,REIMS,51,454,AR,56,2,2.0,Appartement,57.0,3.0
1619818,02/06/2020,Vente,"74615,00",4.0,RUE,0845,BERTRAND DE MUN,51100.0,REIMS,51,454,CN,573,2,2.0,Appartement,90.0,4.0
1619819,01/06/2020,Vente,"180000,00",3.0,RUE,8290,16E ET 22E DRAGONS,51100.0,REIMS,51,454,CK,17,2,2.0,Appartement,85.0,4.0
1619822,05/06/2020,Vente,"70000,00",2.0,RUE,5770,MACQUART,51100.0,REIMS,51,454,BH,93,1,2.0,Appartement,31.0,1.0
1619827,20/05/2020,Vente,"90600,00",3.0,ALL,2003,CLAUDE MONET,51100.0,REIMS,51,454,DK,198,1,2.0,Appartement,48.0,2.0
1619831,04/06/2020,Vente,"51500,00",65.0,RUE,1590,DE CERNAY,51100.0,REIMS,51,454,CW,346,1,2.0,Appartement,20.0,1.0
1619834,03/06/2020,Vente,"150000,00",16.0,RUE,6210,DES MOISSONS,51100.0,REIMS,51,454,CW,21,1,2.0,Appartement,51.0,2.0
1619844,28/05/2020,Vente,"52000,00",16.0,RUE,7015,PIERRE DE COUBERTIN,51100.0,REIMS,51,454,AE,292,2,2.0,Appartement,56.0,3.0
1619857,25/05/2020,Vente,"75000,00",20.0,RUE,8480,DE TAISSY,51100.0,REIMS,51,454,DK,234,2,2.0,Appartement,69.0,4.0
1619858,27/05/2020,Vente,"67000,00",145.0,RUE,2560,CROIX ST MARC,51100.0,REIMS,51,454,CV,230,1,2.0,Appartement,23.0,1.0
1619866,26/05/2020,Vente,"132500,00",23.0,BD,0710,DES BELGES,51100.0,REIMS,51,454,AM,89,1,2.0,Appartement,92.0,4.0
1619869,05/06/2020,Vente,"114900,00",3.0,AV,4010,GEORGES CLEMENCEAU,51100.0,REIMS,51,454,CK,29,2,2.0,Appartement,70.0,4.0
1619874,05/06/2020,Vente,"365000,00",38.0,CRS,4850,J B LANGLET,51100.0,REIMS,51,454,IL,57,2,2.0,Appartement,101.0,3.0
1619877,22/05/2020,Vente,"215000,00",60.0,RUE,4100,DES GOBELINS,51100.0,REIMS,51,454,CV,1048,1,2.0,Appartement,86.0,4.0
1619882,15/06/2020,Vente,"190000,00",60.0,PL,3040,DROUET D ERLON,51100.0,REIMS,51,454,IL,337,2,2.0,Appartement,53.0,2.0
1619907,08/06/2020,Vente,"66000,00",7.0,RUE,5885,MARCEL CHATTON,51100.0,REIMS,51,454,HT,199,2,2.0,Appartement,49.0,2.0
1619908,17/06/2020,Vente,"290000,00",6.0,RUE,7310,PRIEUR DE LA MARNE,51100.0,REIMS,51,454,BI,863,0,2.0,Appartement,34.0,2.0
1619909,17/06/2020,Vente,"290000,00",6.0,RUE,7310,PRIEUR DE LA MARNE,51100.0,REIMS,51,454,BI,863,0,2.0,Appartement,34.0,2.0
1619910,17/06/2020,Vente,"290000,00",6.0,RUE,7310,PRIEUR DE LA MARNE,51100.0,REIMS,51,454,BI,863,0,2.0,Appartement,38.0,2.0
1619911,17/06/2020,Vente,"290000,00",6.0,RUE,7310,PRIEUR DE LA MARNE,51100.0,REIMS,51,454,BI,863,0,2.0,Appartement,34.0,2.0
1619912,17/06/2020,Vente,"290000,00",6.0,RUE,7310,PRIEUR DE LA MARNE,51100.0,REIMS,51,454,BI,863,0,2.0,Appartement,34.0,2.0
1619913,18/06/2020,Vente,"76000,00",12.0,RUE,6260,MONTLAURENT,51100.0,REIMS,51,454,CZ,427,1,2.0,Appartement,28.0,2.0
1619914,29/05/2020,Vente,"78000,00",9.0,PL,8711,TOULOUSE LAUTREC,51100.0,REIMS,51,454,KR,27,2,2.0,Appartement,30.0,1.0
1619920,08/06/2020,Vente,"112000,00",6.0,ALL,0788,B FRANKLIN NEUV,51100.0,REIMS,51,454,KK,684,2,2.0,Appartement,64.0,3.0
1619923,27/05/2020,Vente,"79000,00",37.0,RUE,4160,DE LA GOULETTE,51100.0,REIMS,51,454,BL,624,2,2.0,Appartement,63.0,2.0
1619925,05/06/2020,Vente,"80000,00",25.0,RUE,8500,DE TALLEYRAND,51100.0,REIMS,51,454,IL,229,1,2.0,Appartement,26.0,1.0
1619927,11/06/2020,Vente,"244700,00",14.0,RUE,0123,CAPITAINE ALFRED DREYFUS,51100.0,REIMS,51,454,AV,1091,1,2.0,Appartement,68.0,3.0
1619932,04/06/2020,Vente,"162000,00",337.0,AV,5300,DE LAON,51100.0,REIMS,51,454,AN,6,1,2.0,Appartement,132.0,5.0
1619942,27/05/2020,Vente,"58900,00",3.0,RUE,5785,MAGELLAN,51100.0,REIMS,51,454,EV,589,1,2.0,Appartement,42.0,2.0
1619943,27/05/2020,Vente,"58900,00",3.0,RUE,5785,MAGELLAN,51100.0,REIMS,51,454,EV,589,1,2.0,Appartement,42.0,2.0
1619946,29/05/2020,Vente,"90000,00",16.0,RUE,8480,DE TAISSY,51100.0,REIMS,51,454,DK,234,2,2.0,Appartement,59.0,3.0
1619947,26/05/2020,Vente,"89055,00",40.0,RUE,0100,ALEXANDRE HENROT,51100.0,REIMS,51,454,AO,849,1,2.0,Appartement,43.0,1.0
1619948,05/06/2020,Vente,"220000,00",31.0,RUE,3150,DE L ECU,51100.0,REIMS,51,454,CW,639,3,2.0,Appartement,79.0,3.0
1619951,28/05/2020,Vente,"300000,00",19.0,RUE,6850,PAULIN PARIS,51100.0,REIMS,51,454,AW,123,1,2.0,Appartement,107.0,6.0
1619952,28/05/2020,Vente,"300000,00",65.0,RUE,7040,PIERRET,51100.0,REIMS,51,454,AW,123,1,2.0,Appartement,26.0,1.0
1619954,28/05/2020,Vente,"300000,00",65.0,RUE,7040,PIERRET,51100.0,REIMS,51,454,AW,123,1,2.0,Appartement,32.0,1.0
1619955,19/06/2020,Vente,"156500,00",11.0,ESP,5446,LE ROUET,51100.0,REIMS,51,454,CT,390,2,2.0,Appartement,95.0,5.0
1619958,27/05/2020,Vente,"76000,00",3.0,RUE,4620,HOUZEAU MUIRON,51100.0,REIMS,51,454,CW,554,2,2.0,Appartement,20.0,1.0
1619960,19/06/2020,Vente,"222000,00",9.0,RUE,3180,EDOUARD MIGNOT,51100.0,REIMS,51,454,AT,415,1,2.0,Appartement,76.0,3.0
1619965,28/05/2020,Vente,"160000,00",23.0,BD,6750,PASTEUR,51100.0,REIMS,51,454,CK,310,2,2.0,Appartement,80.0,5.0
1619966,29/05/2020,Vente,"94000,00",84.0,RUE,4150,GOSSET,51100.0,REIMS,51,454,BC,154,2,2.0,Appartement,64.0,4.0
1619970,11/06/2020,Vente en l'état futur d'achèvement,"147835,00",52.0,RUE,5400,LEON FAUCHER,51100.0,REIMS,51,454,BC,269,1,2.0,Appartement,39.0,2.0
1619978,29/05/2020,Vente en l'état futur d'achèvement,"202000,00",14.0,RUE,4180,GOULIN,51100.0,REIMS,51,454,AW,445,1,2.0,Appartement,64.0,3.0
1619979,03/06/2020,Vente,"75000,00",32.0,RUE,4890,JEAN JACQUES ROUSSEAU,51100.0,REIMS,51,454,BE,189,2,2.0,Appartement,20.0,1.0
1619981,18/06/2020,Vente,"150000,00",21.0,RUE,2120,COLBERT,51100.0,REIMS,51,454,IL,36,2,2.0,Appartement,44.0,2.0
1619985,29/05/2020,Vente,"144000,00",1.0,AV,4010,GEORGES CLEMENCEAU,51100.0,REIMS,51,454,CK,312,1,2.0,Appartement,75.0,3.0
1619994,05/06/2020,Vente,"53050,00",66.0,RUE,9040,DE VESLE,51100.0,REIMS,51,454,IM,119,1,2.0,Appartement,13.0,1.0
1620000,29/05/2020,Vente,"58500,00",6.0,RUE,5195,KERGUELEN,51100.0,REIMS,51,454,ET,559,2,2.0,Appartement,42.0,2.0
1620003,28/05/2020,Vente,"90000,00",1.0,BD,1800,CHARLES ARNOULD,51100.0,REIMS,51,454,AV,2,2,2.0,Appartement,33.0,2.0
1620008,29/05/2020,Vente,"135400,00",36.0,BD,4760,JAMIN,51100.0,REIMS,51,454,BI,705,2,2.0,Appartement,64.0,3.0
1620026,11/06/2020,Vente,"85000,00",4.0,RUE,0254,ANDRE FAIVRE,51100.0,REIMS,51,454,KP,30,1,2.0,Appartement,55.0,2.0
1620031,29/05/2020,Vente,"154000,00",49.0,AV,4900,JEAN JAURES,51100.0,REIMS,51,454,BH,537,1,2.0,Appartement,66.0,3.0
1620039,29/05/2020,Vente,"358000,00",11.0,BD,3640,FOCH,51100.0,REIMS,51,454,IL,571,1,2.0,Appartement,132.0,5.0
1620047,09/06/2020,Vente,"128000,00",77.0,BD,3950,DU GENERAL LECLERC,51100.0,REIMS,51,454,IM,330,3,2.0,Appartement,52.0,2.0
1620048,20/06/2020,Vente,"88500,00",119.0,RUE,2070,CLOVIS,51100.0,REIMS,51,454,IK,309,1,2.0,Appartement,37.0,2.0
1620052,10/06/2020,Vente,"128000,00",21.0,RUE,0550,BACQUENOIS,51100.0,REIMS,51,454,IM,261,2,2.0,Appartement,53.0,2.0
1620053,02/06/2020,Vente,"295000,00",26.0,RUE,5090,JULES GUICHARD,51100.0,REIMS,51,454,AV,176,0,2.0,Appartement,69.0,4.0
1620054,02/06/2020,Vente,"295000,00",26.0,RUE,5090,JULES GUICHARD,51100.0,REIMS,51,454,AV,176,0,2.0,Appartement,61.0,4.0
1620055,02/06/2020,Vente,"295000,00",26.0,RUE,5090,JULES GUICHARD,51100.0,REIMS,51,454,AV,176,0,2.0,Appartement,60.0,3.0
1620061,26/05/2020,Vente,"106000,00",29.0,RUE,5891,MARCEL THIL,51100.0,REIMS,51,454,AV,431,1,2.0,Appartement,39.0,1.0
1620068,12/06/2020,Vente,"85650,00",117.0,AV,4900,JEAN JAURES,51100.0,REIMS,51,454,BI,729,1,2.0,Appartement,36.0,2.0
1620069,22/06/2020,Vente,"107000,00",56.0,RUE,0630,DU BASTION,51100.0,REIMS,51,454,CW,287,2,2.0,Appartement,56.0,2.0
1620072,18/06/2020,Vente,"130000,00",39.0,RUE,0330,ANTOINE GOUSSIEZ,51100.0,REIMS,51,454,AM,769,1,2.0,Appartement,54.0,2.0
1620076,28/05/2020,Vente,"169000,00",3.0,RUE,6740,PASSE DEMOISELLES,51100.0,REIMS,51,454,HX,441,2,2.0,Appartement,74.0,3.0
1620079,15/06/2020,Vente,"1000000,00",3.0,PL,4600,DE L HOTEL DE VILLE,51100.0,REIMS,51,454,IL,42,0,2.0,Appartement,58.0,3.0
1620080,15/06/2020,Vente,"1000000,00",3.0,PL,4600,DE L HOTEL DE VILLE,51100.0,REIMS,51,454,IL,42,0,2.0,Appartement,100.0,5.0
1620081,15/06/2020,Vente,"1000000,00",3.0,PL,4600,DE L HOTEL DE VILLE,51100.0,REIMS,51,454,IL,42,0,2.0,Appartement,100.0,5.0
1620090,29/05/2020,Vente,"196000,00",55.0,BD,1510,CARTERET,51100.0,REIMS,51,454,CW,328,2,2.0,Appartement,75.0,3.0
1620091,11/06/2020,Vente,"166250,00",63.0,RUE,1590,DE CERNAY,51100.0,REIMS,51,454,CW,321,2,2.0,Appartement,39.0,2.0
1620140,05/06/2020,Vente,"537550,00",61.0,RUE,8640,DE THILLOIS,51100.0,REIMS,51,454,IM,171,2,2.0,Appartement,156.0,5.0
1620145,11/06/2020,Vente,"175000,00",17.0,RUE,8670,DE TINQUEUX,51100.0,REIMS,51,454,IO,66,1,2.0,Appartement,70.0,3.0
1620154,04/06/2020,Vente,"186950,00",4.0,RUE,0845,BERTRAND DE MUN,51100.0,REIMS,51,454,CN,573,2,2.0,Appartement,106.0,5.0
1620158,27/05/2020,Vente,"121000,00",29.0,RUE,7100,DES POISSONNIERS,51100.0,REIMS,51,454,IM,219,1,2.0,Appartement,35.0,2.0
1620189,11/06/2020,Vente,"82000,00",57.0,RUE,2630,DANTON,51100.0,REIMS,51,454,AX,577,1,2.0,Appartement,35.0,2.0
1620190,11/06/2020,Vente,"82000,00",57.0,RUE,2630,DANTON,51100.0,REIMS,51,454,AX,577,1,2.0,Appartement,36.0,2.0
1620199,15/06/2020,Vente,"150000,00",52.0,RUE,1390,DES CAPUCINS,51100.0,REIMS,51,454,IK,426,1,2.0,Appartement,57.0,2.0
1620202,22/06/2020,Vente,"112000,00",1.0,ESP,5446,LE ROUET,51100.0,REIMS,51,454,CT,390,1,2.0,Appartement,61.0,3.0
1620206,26/06/2020,Vente,"87900,00",1.0,BD,2830,DIEU LUMIERE,51100.0,REIMS,51,454,DM,638,2,2.0,Appartement,48.0,2.0
1620210,23/06/2020,Vente,"48500,00",84.0,AV,5300,DE LAON,51100.0,REIMS,51,454,AW,438,1,2.0,Appartement,16.0,1.0
1620211,03/06/2020,Vente,"58000,00",26.0,RUE,8480,DE TAISSY,51100.0,REIMS,51,454,DK,235,2,2.0,Appartement,45.0,2.0
1620213,10/06/2020,Vente,"191100,00",6.0,RUE,8320,DE SILLERY,51100.0,REIMS,51,454,CI,116,1,2.0,Appartement,90.0,4.0
1620222,02/06/2020,Vente,"127000,00",250.0,AV,4900,JEAN JAURES,51100.0,REIMS,51,454,CT,390,2,2.0,Appartement,76.0,4.0
1620224,04/06/2020,Vente,"105000,00",53.0,RUE,3000,DOCTEUR THOMAS,51100.0,REIMS,51,454,AW,213,1,2.0,Appartement,29.0,2.0
1620230,12/06/2020,Vente,"228000,00",15.0,RUE,5920,M CLEMENCE FOURIAUX,51100.0,REIMS,51,454,AT,84,2,2.0,Appartement,103.0,4.0
1620233,13/06/2020,Vente,"300000,00",4.0,RUE,4270,DE LA GRUE,51100.0,REIMS,51,454,CX,39,1,2.0,Appartement,60.0,1.0
1620235,13/06/2020,Vente,"2055000,00",4.0,RUE,1550,CERES,51100.0,REIMS,51,454,CX,39,1,2.0,Appartement,256.0,7.0
1620237,09/06/2020,Vente en l'état futur d'achèvement,"126000,00",14.0,RUE,4180,GOULIN,51100.0,REIMS,51,454,AW,445,1,2.0,Appartement,42.0,2.0
1620239,12/06/2020,Vente,"118000,00",27.0,RUE,0200,D ALSACE LORRAINE,51100.0,REIMS,51,454,CT,392,2,2.0,Appartement,82.0,4.0
1620242,05/06/2020,Vente,"159500,00",1.0,BD,9070,VICTOR HUGO,51100.0,REIMS,51,454,CZ,450,2,2.0,Appartement,80.0,5.0
1620245,05/06/2020,Vente,"140000,00",1.0,RUE,0340,DE L ARBALETE,51100.0,REIMS,51,454,IL,77,2,2.0,Appartement,85.0,3.0
1620249,09/06/2020,Vente en l'état futur d'achèvement,"482800,00",14.0,RUE,4180,GOULIN,51100.0,REIMS,51,454,AW,445,1,2.0,Appartement,139.0,5.0
1620255,29/05/2020,Vente,"173900,00",11.0,RUE,7150,DE LA POMPELLE,51100.0,REIMS,51,454,CL,35,1,2.0,Appartement,88.0,4.0
1620259,02/06/2020,Vente,"92900,00",1.0,RUE,4610,HOURELLE,51100.0,REIMS,51,454,KO,49,1,2.0,Appartement,42.0,2.0
1620269,03/06/2020,Vente,"58000,00",59.0,RUE,6230,DU MONT D ARENE,51100.0,REIMS,51,454,AT,16,1,2.0,Appartement,19.0,1.0
1620270,02/06/2020,Vente,"200000,00",79.0,RUE,8950,DE VENISE,51100.0,REIMS,51,454,CY,434,2,2.0,Appartement,96.0,5.0
1620273,25/06/2020,Vente,"204000,00",22.0,RUE,5460,LESAGE,51100.0,REIMS,51,454,AW,239,1,2.0,Appartement,67.0,4.0
1620274,23/06/2020,Vente en l'état futur d'achèvement,"235000,00",28.0,CHS,0980,BOCQUAINE,51100.0,REIMS,51,454,HZ,172,1,2.0,Appartement,63.0,3.0
1620283,11/06/2020,Vente,"73000,00",25.0,RUE,8500,DE TALLEYRAND,51100.0,REIMS,51,454,IL,229,1,2.0,Appartement,24.0,1.0
1620284,26/05/2020,Vente,"249000,00",3.0,RUE,3970,DU GENERAL SARRAIL,51100.0,REIMS,51,454,IL,416,1,2.0,Appartement,78.0,4.0
1620300,18/06/2020,Vente,"77000,00",1.0,RUE,0010,ABBE DE L EPEE,51100.0,REIMS,51,454,IK,288,2,2.0,Appartement,58.0,2.0
1620316,03/06/2020,Vente,"230000,00",2.0,RUE,3500,FAVART D HERBIGNY,51100.0,REIMS,51,454,CV,850,2,2.0,Appartement,90.0,3.0
1620351,18/05/2020,Vente,"97500,00",53.0,RUE,6160,DE METZ,51100.0,REIMS,51,454,CV,466,1,2.0,Appartement,43.0,2.0
1620360,23/06/2020,Vente,"156000,00",113.0,RUE,5460,LESAGE,51100.0,REIMS,51,454,AY,241,1,2.0,Appartement,66.0,3.0
1620361,04/06/2020,Vente,"69000,00",26.0,RUE,8480,DE TAISSY,51100.0,REIMS,51,454,DK,235,2,2.0,Appartement,45.0,2.0
1620362,29/06/2020,Vente,"49000,00",34.0,RUE,0630,DU BASTION,51100.0,REIMS,51,454,CW,277,1,2.0,Appartement,18.0,1.0
1620364,01/07/2020,Vente,"54000,00",113.0,RUE,9040,DE VESLE,51100.0,REIMS,51,454,IK,1347,1,2.0,Appartement,24.0,1.0
1620366,26/05/2020,Vente,"108000,00",45.0,RUE,0060,ALBERT THOMAS,51100.0,REIMS,51,454,DK,20,2,2.0,Appartement,51.0,2.0
1620371,23/06/2020,Vente,"54500,00",34.0,BD,9070,VICTOR HUGO,51100.0,REIMS,51,454,CZ,190,2,2.0,Appartement,31.0,1.0
1620378,24/06/2020,Vente,"146000,00",143.0,RUE,2440,DE COURLANCY,51100.0,REIMS,51,454,HY,38,1,2.0,Appartement,76.0,3.0
1620387,02/06/2020,Vente,"402800,00",15.0,RUE,2430,DE COURCELLES,51100.0,REIMS,51,454,AT,300,1,2.0,Appartement,8.0,0.0
1620395,18/06/2020,Vente,"198000,00",36.0,RUE,1360,CAMILLE LENOIR,51100.0,REIMS,51,454,BH,162,1,2.0,Appartement,87.0,4.0
1620396,18/06/2020,Vente,"86202,00",6.0,PL,7990,ST NICAISE,51100.0,REIMS,51,454,CZ,130,1,2.0,Appartement,31.0,1.0
1620400,19/06/2020,Vente,"116000,00",255.0,RUE,2440,DE COURLANCY,51100.0,REIMS,51,454,DN,547,5,2.0,Appartement,46.0,2.0
1620404,27/05/2020,Vente,"79000,00",8.0,RUE,8330,SIMON,51100.0,REIMS,51,454,DM,637,1,2.0,Appartement,45.0,2.0
1620405,26/05/2020,Vente,"455000,00",64.0,RUE,4220,GRANDVAL,51100.0,REIMS,51,454,CL,200,0,2.0,Appartement,34.0,2.0
1620406,26/05/2020,Vente,"455000,00",64.0,RUE,4220,GRANDVAL,51100.0,REIMS,51,454,CL,200,0,2.0,Appartement,34.0,2.0
1620408,26/05/2020,Vente,"455000,00",64.0,RUE,4220,GRANDVAL,51100.0,REIMS,51,454,CL,200,0,2.0,Appartement,37.0,2.0
1620409,26/05/2020,Vente,"455000,00",64.0,RUE,4220,GRANDVAL,51100.0,REIMS,51,454,CL,200,0,2.0,Appartement,34.0,2.0
1620410,26/05/2020,Vente,"455000,00",64.0,RUE,4220,GRANDVAL,51100.0,REIMS,51,454,CL,200,0,2.0,Appartement,46.0,2.0
1620411,26/05/2020,Vente,"455000,00",64.0,RUE,4220,GRANDVAL,51100.0,REIMS,51,454,CL,200,0,2.0,Appartement,34.0,2.0
1620412,26/05/2020,Vente,"455000,00",64.0,RUE,4220,GRANDVAL,51100.0,REIMS,51,454,CL,200,0,2.0,Appartement,50.0,1.0
1620413,26/06/2020,Vente,"273100,00",14.0,RUE,0300,ANQUETIL,51100.0,REIMS,51,454,AV,213,0,2.0,Appartement,24.0,1.0
1620414,26/06/2020,Vente,"273100,00",14.0,RUE,0300,ANQUETIL,51100.0,REIMS,51,454,AV,213,0,2.0,Appartement,25.0,1.0
1620415,26/06/2020,Vente,"273100,00",14.0,RUE,0300,ANQUETIL,51100.0,REIMS,51,454,AV,213,0,2.0,Appartement,26.0,1.0
1620416,26/06/2020,Vente,"273100,00",14.0,RUE,0300,ANQUETIL,51100.0,REIMS,51,454,AV,213,0,2.0,Appartement,24.0,1.0
1620417,26/06/2020,Vente,"273100,00",14.0,RUE,0300,ANQUETIL,51100.0,REIMS,51,454,AV,213,0,2.0,Appartement,24.0,1.0
1620418,26/06/2020,Vente,"273100,00",14.0,RUE,0300,ANQUETIL,51100.0,REIMS,51,454,AV,213,0,2.0,Appartement,26.0,1.0
1620535,11/06/2020,Vente,"143000,00",3.0,RUE,6740,PASSE DEMOISELLES,51100.0,REIMS,51,454,HX,441,2,2.0,Appartement,76.0,4.0
1620537,15/06/2020,Vente,"66000,00",15.0,AV,3320,D EPERNAY,51100.0,REIMS,51,454,DP,459,1,2.0,Appartement,27.0,1.0
1620538,23/06/2020,Vente,"155000,00",60.0,PL,3040,DROUET D ERLON,51100.0,REIMS,51,454,IL,337,2,2.0,Appartement,57.0,2.0
1620544,24/06/2020,Vente,"380500,00",2.0,RUE,8830,DES TROIS RAISINETS,51100.0,REIMS,51,454,CX,192,3,2.0,Appartement,125.0,4.0
1620546,17/06/2020,Vente,"146400,00",5.0,AV,5300,DE LAON,51100.0,REIMS,51,454,AT,117,1,2.0,Appartement,65.0,3.0
1620547,15/06/2020,Vente,"139550,00",45.0,RUE,4100,DES GOBELINS,51100.0,REIMS,51,454,CT,411,1,2.0,Appartement,55.0,3.0
1620548,17/06/2020,Vente,"91880,00",27.0,CHS,7970,SAINT MARTIN,51100.0,REIMS,51,454,DN,217,2,2.0,Appartement,42.0,2.0
1620551,10/06/2020,Vente,"140000,00",33.0,RUE,7610,DES ROMAINS,51100.0,REIMS,51,454,AR,929,1,2.0,Appartement,41.0,2.0
1620552,16/06/2020,Vente,"37000,00",47.0,RUE,1360,CAMILLE LENOIR,51100.0,REIMS,51,454,BH,59,1,2.0,Appartement,17.0,1.0
1620553,10/06/2020,Vente,"142000,00",13.0,RUE,2760,DESBUREAUX,51100.0,REIMS,51,454,AL,419,2,2.0,Appartement,103.0,5.0
1620557,22/06/2020,Vente,"83000,00",36.0,RUE,2840,DIEU LUMIERE,51100.0,REIMS,51,454,DM,643,2,2.0,Appartement,42.0,2.0
1620565,29/06/2020,Vente,"99000,00",86.0,RUE,7010,PIERRE BROSSOLETTE,51100.0,REIMS,51,454,AV,538,2,2.0,Appartement,33.0,1.0
1620567,09/06/2020,Vente,"127000,00",2.0,AV,3913,DU GENERAL DE GAULLE,51100.0,REIMS,51,454,HX,547,1,2.0,Appartement,66.0,3.0
1620570,09/06/2020,Vente,"185000,00",79.0,BD,6790,PAUL DOUMER,51100.0,REIMS,51,454,IK,335,2,2.0,Appartement,113.0,5.0
1620572,29/06/2020,Vente,"131000,00",30.0,RUE,8640,DE THILLOIS,51100.0,REIMS,51,454,IM,107,1,2.0,Appartement,40.0,2.0
1620583,12/06/2020,Vente,"136200,00",32.0,RUE,4070,GERUZEZ,51100.0,REIMS,51,454,AR,163,1,2.0,Appartement,43.0,2.0
1620584,08/06/2020,Vente,"79000,00",53.0,RUE,3500,FAVART D HERBIGNY,51100.0,REIMS,51,454,CV,742,1,2.0,Appartement,41.0,2.0
1620587,11/06/2020,Vente,"755000,00",9.0,RUE,3130,DES ECREVEES,51100.0,REIMS,51,454,IL,18,0,2.0,Appartement,30.0,2.0
1620591,03/06/2020,Vente,"130000,00",55.0,RUE,1360,CAMILLE LENOIR,51100.0,REIMS,51,454,BH,62,2,2.0,Appartement,85.0,3.0
1620592,11/06/2020,Vente,"83000,00",22.0,RUE,8480,DE TAISSY,51100.0,REIMS,51,454,DK,235,2,2.0,Appartement,69.0,4.0
1620593,11/06/2020,Vente,"110500,00",2.0,ALL,2003,CLAUDE MONET,51100.0,REIMS,51,454,DK,198,1,2.0,Appartement,62.0,3.0
1620603,16/06/2020,Vente,"135000,00",4.0,RUE,0254,ANDRE FAIVRE,51100.0,REIMS,51,454,KP,30,1,2.0,Appartement,96.0,4.0
1620604,18/06/2020,Vente,"73000,00",7.0,RUE,1880,CHAVAILLIAUD,51100.0,REIMS,51,454,CV,713,3,2.0,Appartement,42.0,2.0
1620609,30/06/2020,Vente,"49000,00",73.0,RUE,1360,CAMILLE LENOIR,51100.0,REIMS,51,454,BH,97,1,2.0,Appartement,14.0,2.0
1620610,19/06/2020,Vente,"79500,00",116.0,RUE,9040,DE VESLE,51100.0,REIMS,51,454,IM,154,1,2.0,Appartement,33.0,1.0
1620612,22/06/2020,Vente,"105000,00",172.0,RUE,8090,SAINT THIERRY,51100.0,REIMS,51,454,AD,462,1,2.0,Appartement,41.0,2.0
1620614,11/06/2020,Vente,"174000,00",24.0,RUE,4620,HOUZEAU MUIRON,51100.0,REIMS,51,454,CK,228,2,2.0,Appartement,78.0,4.0
1620615,22/06/2020,Vente,"184290,00",17.0,RUE,6720,DE PARGNY,51100.0,REIMS,51,454,HX,401,2,2.0,Appartement,90.0,5.0
1620619,19/06/2020,Vente,"378400,00",44.0,RUE,1390,DES CAPUCINS,51100.0,REIMS,51,454,IK,607,2,2.0,Appartement,95.0,5.0
1620631,19/06/2020,Vente,"295000,00",18.0,RUE,5830,DE LA MALADRERIE,51100.0,REIMS,51,454,BL,147,0,2.0,Appartement,37.0,3.0
1620632,19/06/2020,Vente,"295000,00",18.0,RUE,5830,DE LA MALADRERIE,51100.0,REIMS,51,454,BL,147,0,2.0,Appartement,33.0,2.0
1620633,19/06/2020,Vente,"295000,00",18.0,RUE,5830,DE LA MALADRERIE,51100.0,REIMS,51,454,BL,147,0,2.0,Appartement,54.0,2.0
1620634,19/06/2020,Vente,"295000,00",18.0,RUE,5830,DE LA MALADRERIE,51100.0,REIMS,51,454,BL,147,0,2.0,Appartement,32.0,2.0
1620635,19/06/2020,Vente,"295000,00",18.0,RUE,5830,DE LA MALADRERIE,51100.0,REIMS,51,454,BL,147,0,2.0,Appartement,56.0,4.0
1620636,19/06/2020,Vente,"295000,00",18.0,RUE,5830,DE LA MALADRERIE,51100.0,REIMS,51,454,BL,147,0,2.0,Appartement,33.0,2.0
1620639,23/06/2020,Vente,"192000,00",17.0,RUE,6178,MIGUEL DE CERVANTES,51100.0,REIMS,51,454,EX,502,1,2.0,Appartement,103.0,5.0
1620645,25/06/2020,Vente,"137600,00",36.0,BD,4760,JAMIN,51100.0,REIMS,51,454,BI,705,2,2.0,Appartement,68.0,3.0
1620664,19/06/2020,Vente,"234000,00",89.0,RUE,6230,DU MONT D ARENE,51100.0,REIMS,51,454,AT,9,1,2.0,Appartement,67.0,3.0
1620665,16/06/2020,Vente en l'état futur d'achèvement,"275000,00",14.0,RUE,4180,GOULIN,51100.0,REIMS,51,454,AW,445,1,2.0,Appartement,80.0,4.0
1620667,22/06/2020,Vente,"260000,00",85.0,RUE,6230,DU MONT D ARENE,51100.0,REIMS,51,454,AT,9,1,2.0,Appartement,79.0,4.0
1620676,17/06/2020,Vente,"60000,00",39.0,AV,4455,HENRI FARMAN,51100.0,REIMS,51,454,EK,6,1,2.0,Appartement,21.0,1.0
1620678,12/06/2020,Vente,"97800,00",1.0,RUE,8290,16E ET 22E DRAGONS,51100.0,REIMS,51,454,CK,17,1,2.0,Appartement,58.0,2.0
1620690,17/06/2020,Vente,"273600,00",51.0,BD,4550,HENRY VASNIER,51100.0,REIMS,51,454,CI,77,2,2.0,Appartement,87.0,4.0
1620704,29/05/2020,Vente,"89500,00",22.0,RUE,3048,DUMONT D URVILLE,51100.0,REIMS,51,454,ET,199,2,2.0,Appartement,86.0,3.0
1620707,30/06/2020,Vente,"55000,00",55.0,AV,6823,PAUL MARCHANDEAU,51100.0,REIMS,51,454,DO,37,2,2.0,Appartement,25.0,1.0
1620708,26/06/2020,Vente,"149700,00",27.0,RUE,6125,DE LA MEDITERRANEE,51100.0,REIMS,51,454,CN,579,2,2.0,Appartement,120.0,6.0
1620712,16/06/2020,Vente,"58000,00",39.0,AV,4455,HENRI FARMAN,51100.0,REIMS,51,454,EK,6,1,2.0,Appartement,18.0,1.0
1620717,30/06/2020,Vente,"210000,00",5.0,PL,6810,PAUL JAMOT,51100.0,REIMS,51,454,CX,111,2,2.0,Appartement,75.0,4.0
1620718,25/06/2020,Vente,"73000,00",8.0,ALL,3045,DU BELLAY,51100.0,REIMS,51,454,DK,184,1,2.0,Appartement,65.0,3.0
1620727,18/06/2020,Vente,"84500,00",40.0,RUE,1830,CHARLIER,51100.0,REIMS,51,454,BI,180,1,2.0,Appartement,43.0,2.0
1620737,19/06/2020,Vente,"197500,00",6.0,RUE,0950,BLAVIER,51100.0,REIMS,51,454,AX,693,1,2.0,Appartement,101.0,5.0
1620738,18/06/2020,Vente,"80100,00",2.0,RUE,3270,EMILE SENART,51100.0,REIMS,51,454,AY,412,2,2.0,Appartement,46.0,2.0
1620740,26/06/2020,Vente,"102000,00",4.0,RUE,8480,DE TAISSY,51100.0,REIMS,51,454,DK,184,1,2.0,Appartement,101.0,5.0
1620741,22/06/2020,Vente,"71500,00",103.0,RUE,1360,CAMILLE LENOIR,51100.0,REIMS,51,454,BI,489,1,2.0,Appartement,24.0,1.0
1620742,29/06/2020,Vente,"75500,00",116.0,RUE,7160,PONSARDIN,51100.0,REIMS,51,454,CY,131,1,2.0,Appartement,14.0,1.0
1620743,22/06/2020,Vente,"172000,00",37.0,RUE,6470,DE NEUFCHATEL,51100.0,REIMS,51,454,AX,804,2,2.0,Appartement,98.0,4.0
1620744,15/06/2020,Vente,"185000,00",39.0,RUE,6740,PASSE DEMOISELLES,51100.0,REIMS,51,454,HY,147,1,2.0,Appartement,64.0,2.0
1620748,18/06/2020,Vente,"127000,00",23.0,ESP,5446,LE ROUET,51100.0,REIMS,51,454,CT,390,2,2.0,Appartement,76.0,4.0
1620757,30/06/2020,Vente,"85000,00",54.0,RUE,0740,BELIN,51100.0,REIMS,51,454,AX,292,1,2.0,Appartement,40.0,2.0
1620766,15/06/2020,Vente,"872075,00",32.0,RUE,2290,COQUEBERT,51100.0,REIMS,51,454,BH,109,0,2.0,Appartement,92.0,5.0
1620767,15/06/2020,Vente,"872075,00",32.0,RUE,2290,COQUEBERT,51100.0,REIMS,51,454,BH,109,0,2.0,Appartement,89.0,4.0
1620770,22/06/2020,Vente,"249900,00",3.0,RUE,8290,16E ET 22E DRAGONS,51100.0,REIMS,51,454,CK,17,2,2.0,Appartement,105.0,5.0
1620771,19/06/2020,Vente,"100000,00",15.0,RUE,6000,MARTEAU,51100.0,REIMS,51,454,CV,34,2,2.0,Appartement,77.0,4.0
1620772,20/06/2020,Vente,"130000,00",82.0,AV,4010,GEORGES CLEMENCEAU,51100.0,REIMS,51,454,CL,690,2,2.0,Appartement,79.0,4.0
1620783,15/06/2020,Vente,"170000,00",161.0,RUE,2430,DE COURCELLES,51100.0,REIMS,51,454,AR,833,1,2.0,Appartement,36.0,1.0
1620784,15/06/2020,Vente,"170000,00",161.0,RUE,2430,DE COURCELLES,51100.0,REIMS,51,454,AR,833,2,2.0,Appartement,33.0,1.0
1620785,15/06/2020,Vente,"170000,00",161.0,RUE,2430,DE COURCELLES,51100.0,REIMS,51,454,AR,833,1,2.0,Appartement,51.0,2.0
1620786,15/06/2020,Vente,"170000,00",161.0,RUE,2430,DE COURCELLES,51100.0,REIMS,51,454,AR,833,4,2.0,Appartement,129.0,4.0
1620787,15/06/2020,Vente,"170000,00",161.0,RUE,2430,DE COURCELLES,51100.0,REIMS,51,454,AR,833,1,2.0,Appartement,18.0,1.0
1620790,15/06/2020,Vente,"170000,00",161.0,RUE,2430,DE COURCELLES,51100.0,REIMS,51,454,AR,833,1,2.0,Appartement,18.0,1.0
1620791,15/06/2020,Vente,"170000,00",161.0,RUE,2430,DE COURCELLES,51100.0,REIMS,51,454,AR,833,1,2.0,Appartement,32.0,1.0
1620808,22/06/2020,Vente,"83000,00",1.0,RUE,2110,COLASSE,51100.0,REIMS,51,454,DM,634,2,2.0,Appartement,67.0,3.0
1620824,29/05/2020,Vente,"95500,00",60.0,RUE,6940,PETIT HUTIN,51100.0,REIMS,51,454,CL,492,1,2.0,Appartement,51.0,2.0
1620825,18/06/2020,Vente,"185000,00",60.0,RUE,6940,PETIT HUTIN,51100.0,REIMS,51,454,CL,492,2,2.0,Appartement,43.0,3.0
1620834,26/06/2020,Vente,"53000,00",21.0,AV,4455,HENRI FARMAN,51100.0,REIMS,51,454,DH,90,1,2.0,Appartement,17.0,1.0
1620840,30/06/2020,Vente,"165900,00",45.0,AV,8030,ST POL,51100.0,REIMS,51,454,DM,629,2,2.0,Appartement,89.0,4.0
1620844,25/06/2020,Vente,"150000,00",39.0,RUE,6740,PASSE DEMOISELLES,51100.0,REIMS,51,454,HY,147,3,2.0,Appartement,122.0,5.0
1620847,08/07/2020,Vente,"110000,00",98.0,RUE,7160,PONSARDIN,51100.0,REIMS,51,454,CY,618,1,2.0,Appartement,37.0,1.0
1620851,02/07/2020,Vente,"75000,00",62.0,RUE,6230,DU MONT D ARENE,51100.0,REIMS,51,454,AV,387,2,2.0,Appartement,31.0,1.0
1620852,30/06/2020,Vente,"156000,00",1.0,RUE,2170,DU COLONEL FABIEN,51100.0,REIMS,51,454,HZ,102,2,2.0,Appartement,65.0,3.0
1620857,19/06/2020,Vente,"48000,00",135.0,RUE,2440,DE COURLANCY,51100.0,REIMS,51,454,HY,161,1,2.0,Appartement,19.0,1.0
1620867,29/06/2020,Vente,"127000,00",2.0,RUE,4150,GOSSET,51100.0,REIMS,51,454,BD,99,1,2.0,Appartement,69.0,3.0
1620868,24/06/2020,Vente,"116000,00",32.0,RUE,6920,PETIT DELBOURG,51100.0,REIMS,51,454,CL,573,1,2.0,Appartement,58.0,3.0
1620869,24/06/2020,Vente,"116000,00",32.0,RUE,6920,PETIT DELBOURG,51100.0,REIMS,51,454,CL,573,1,2.0,Appartement,58.0,3.0
1620870,29/06/2020,Vente,"124000,00",48.0,RUE,5160,DE LA JUSTICE,51100.0,REIMS,51,454,BD,99,1,2.0,Appartement,70.0,2.0
1620876,26/06/2020,Vente,"95500,00",23.0,RUE,4160,DE LA GOULETTE,51100.0,REIMS,51,454,BL,469,2,2.0,Appartement,83.0,4.0
1620879,15/06/2020,Vente,"118000,00",18.0,RUE,2192,COMMANDANT ARNAUD,51100.0,REIMS,51,454,AL,419,2,2.0,Appartement,79.0,4.0
1620880,06/07/2020,Vente,"73000,00",18.0,RUE,2290,COQUEBERT,51100.0,REIMS,51,454,BH,77,1,2.0,Appartement,35.0,2.0
1620886,30/06/2020,Vente,"154000,00",13.0,RUE,7090,PLUMET FOLLIART,51100.0,REIMS,51,454,AV,858,1,2.0,Appartement,73.0,3.0
1620889,30/06/2020,Vente,"180000,00",85.0,AV,4900,JEAN JAURES,51100.0,REIMS,51,454,BI,375,3,2.0,Appartement,73.0,3.0
1620890,17/06/2020,Vente,"127600,00",71.0,RUE,8820,DES 3 PILIERS,51100.0,REIMS,51,454,AW,51,1,2.0,Appartement,40.0,2.0
1620891,17/06/2020,Vente,"127600,00",71.0,RUE,8820,DES 3 PILIERS,51100.0,REIMS,51,454,AW,51,1,2.0,Appartement,57.0,3.0
1620894,29/06/2020,Vente,"46000,00",21.0,AV,4455,HENRI FARMAN,51100.0,REIMS,51,454,DH,90,1,2.0,Appartement,17.0,1.0
1620897,19/06/2020,Vente,"90000,00",16.0,BD,5570,LOUIS BARTHOU,51100.0,REIMS,51,454,DT,671,2,2.0,Appartement,65.0,4.0
1620898,26/06/2020,Vente,"89000,00",31.0,RUE,6850,PAULIN PARIS,51100.0,REIMS,51,454,AW,55,1,2.0,Appartement,34.0,2.0
1620901,25/06/2020,Vente,"240900,00",4.0,AV,4900,JEAN JAURES,51100.0,REIMS,51,454,CW,50,2,2.0,Appartement,85.0,3.0
1620905,09/07/2020,Vente,"82000,00",1.0,RUE,2250,DE LA CONCORDE,51100.0,REIMS,51,454,IO,16,1,2.0,Appartement,35.0,1.0
1620906,26/06/2020,Vente,"213000,00",29.0,BD,6790,PAUL DOUMER,51100.0,REIMS,51,454,IK,1362,2,2.0,Appartement,93.0,4.0
1620908,29/06/2020,Vente,"152000,00",37.0,RUE,4160,DE LA GOULETTE,51100.0,REIMS,51,454,BL,624,1,2.0,Appartement,118.0,5.0
1620910,01/07/2020,Vente,"100000,00",13.0,RUE,5400,LEON FAUCHER,51100.0,REIMS,51,454,BC,129,2,2.0,Appartement,44.0,2.0
1620916,23/06/2020,Vente,"90000,00",15.0,ALL,1725,CH NICOLAS ROLAND,51100.0,REIMS,51,454,DM,239,2,2.0,Appartement,79.0,4.0
1620920,26/06/2020,Vente,"297000,00",8.0,RUE,7980,ST MAURICE,51100.0,REIMS,51,454,CZ,381,2,2.0,Appartement,128.0,6.0
1620923,30/06/2020,Vente,"94000,00",13.0,RUE,7405,RAYMOND POINCARE,51100.0,REIMS,51,454,AE,117,2,2.0,Appartement,83.0,5.0
1620930,02/07/2020,Vente,"85000,00",10.0,RUE,4070,GERUZEZ,51100.0,REIMS,51,454,AV,456,3,2.0,Appartement,27.0,2.0
1620941,25/06/2020,Vente,"77000,00",1.0,RUE,5785,MAGELLAN,51100.0,REIMS,51,454,EV,589,2,2.0,Appartement,60.0,3.0
1620968,25/06/2020,Vente,"110000,00",3.0,RUE,6740,PASSE DEMOISELLES,51100.0,REIMS,51,454,HX,441,2,2.0,Appartement,54.0,1.0
1620980,26/06/2020,Vente,"86000,00",25.0,RUE,4160,DE LA GOULETTE,51100.0,REIMS,51,454,BL,469,2,2.0,Appartement,71.0,3.0
1620982,17/06/2020,Vente en l'état futur d'achèvement,"83500,00",7.0,RUE,3517,DE LA FERME DES ANGLAIS,51100.0,REIMS,51,454,CT,606,1,2.0,Appartement,30.0,1.0
1620984,25/06/2020,Vente,"78500,00",59.0,RUE,3000,DOCTEUR THOMAS,51100.0,REIMS,51,454,AW,215,1,2.0,Appartement,43.0,2.0
1620989,02/07/2020,Vente,"149000,00",44.0,RUE,6178,MIGUEL DE CERVANTES,51100.0,REIMS,51,454,EX,121,1,2.0,Appartement,113.0,5.0
1620995,02/07/2020,Vente,"135000,00",14.0,RUE,6178,MIGUEL DE CERVANTES,51100.0,REIMS,51,454,EX,121,1,2.0,Appartement,98.0,4.0
1620997,30/06/2020,Vente,"145000,00",14.0,ESP,3590,FLECHAMBAULT,51100.0,REIMS,51,454,DM,636,2,2.0,Appartement,83.0,4.0
1621010,30/06/2020,Vente,"300000,00",27.0,RUE,6230,DU MONT D ARENE,51100.0,REIMS,51,454,AT,326,0,2.0,Appartement,20.0,1.0
1621011,30/06/2020,Vente,"300000,00",27.0,RUE,6230,DU MONT D ARENE,51100.0,REIMS,51,454,AT,326,0,2.0,Appartement,20.0,1.0
1621012,30/06/2020,Vente,"300000,00",27.0,RUE,6230,DU MONT D ARENE,51100.0,REIMS,51,454,AT,326,0,2.0,Appartement,20.0,1.0
1621013,30/06/2020,Vente,"300000,00",27.0,RUE,6230,DU MONT D ARENE,51100.0,REIMS,51,454,AT,326,0,2.0,Appartement,20.0,1.0
1621014,30/06/2020,Vente,"300000,00",27.0,RUE,6230,DU MONT D ARENE,51100.0,REIMS,51,454,AT,326,0,2.0,Appartement,20.0,1.0
1621037,17/06/2020,Vente,"84500,00",19.0,RUE,4650,HUGUES KRAFFT,51100.0,REIMS,51,454,AM,570,2,2.0,Appartement,66.0,4.0
1621042,25/06/2020,Vente,"125000,00",3.0,ALL,2003,CLAUDE MONET,51100.0,REIMS,51,454,DK,198,1,2.0,Appartement,77.0,4.0
1621071,09/07/2020,Vente,"203000,00",39.0,RUE,8500,DE TALLEYRAND,51100.0,REIMS,51,454,IL,338,2,2.0,Appartement,105.0,3.0
1621073,23/06/2020,Vente,"108000,00",10.0,RUE,0300,ANQUETIL,51100.0,REIMS,51,454,AV,895,0,2.0,Appartement,36.0,1.0
1621084,24/06/2020,Vente,"148500,00",1.0,RUE,8870,DES TUILERIES,51100.0,REIMS,51,454,DM,559,2,2.0,Appartement,69.0,3.0
1621085,10/06/2020,Vente,"80300,00",66.0,RUE,6830,P VAILLANT COUTURIER,51100.0,REIMS,51,454,AV,138,1,2.0,Appartement,35.0,2.0
1621090,17/06/2020,Vente,"84000,00",25.0,RUE,5500,DE LA LIBERTE,51100.0,REIMS,51,454,AX,13,1,2.0,Appartement,41.0,2.0
1621091,04/06/2020,Vente,"96500,00",17.0,RUE,2760,DESBUREAUX,51100.0,REIMS,51,454,AL,419,2,2.0,Appartement,71.0,3.0
1621092,17/06/2020,Vente,"125000,00",15.0,RUE,2760,DESBUREAUX,51100.0,REIMS,51,454,AL,419,2,2.0,Appartement,79.0,5.0
1621111,27/06/2020,Vente,"77512,98",6.0,RUE,0820,DE BERRU,51100.0,REIMS,51,454,CW,331,2,2.0,Appartement,27.0,1.0
1621112,29/06/2020,Vente,"122000,00",7.0,RUE,1590,DE CERNAY,51100.0,REIMS,51,454,CW,76,2,2.0,Appartement,61.0,2.0
1621116,29/06/2020,Vente,"126000,00",5.0,RUE,8320,DE SILLERY,51100.0,REIMS,51,454,CK,316,1,2.0,Appartement,56.0,2.0
1621118,23/06/2020,Vente,"66000,00",55.0,RUE,1360,CAMILLE LENOIR,51100.0,REIMS,51,454,BH,62,2,2.0,Appartement,25.0,1.0
1621140,03/07/2020,Vente,"277000,00",41.0,RUE,3990,GEORGES BOUSSINESQ,51100.0,REIMS,51,454,CL,874,3,2.0,Appartement,122.0,5.0
1621144,03/07/2020,Vente,"63000,00",14.0,BD,2830,DIEU LUMIERE,51100.0,REIMS,51,454,DK,269,2,2.0,Appartement,33.0,1.0
1621149,13/07/2020,Vente,"200000,00",22.0,RUE,5460,LESAGE,51100.0,REIMS,51,454,AW,239,1,2.0,Appartement,68.0,4.0
1621152,15/07/2020,Vente,"118200,00",14.0,RUE,0470,DES AUGUSTINS,51100.0,REIMS,51,454,CY,79,2,2.0,Appartement,47.0,2.0
1621153,22/06/2020,Vente,"79540,00",22.0,RUE,3048,DUMONT D URVILLE,51100.0,REIMS,51,454,ET,199,2,2.0,Appartement,87.0,4.0
1621186,30/06/2020,Vente,"125000,00",35.0,BD,2930,DOCTEUR HENRI HENROT,51100.0,REIMS,51,454,DM,663,2,2.0,Appartement,75.0,4.0
1621187,10/07/2020,Vente,"68000,00",206.0,AV,5300,DE LAON,51100.0,REIMS,51,454,AX,434,2,2.0,Appartement,48.0,1.0
1621190,30/06/2020,Vente,"374000,00",2.0,RUE,5750,DE MACON,51100.0,REIMS,51,454,CX,163,2,2.0,Appartement,110.0,4.0
1621197,03/07/2020,Vente,"105000,00",10.0,RUE,5260,LAMOUCHE,51100.0,REIMS,51,454,AV,684,1,2.0,Appartement,44.0,2.0
1621199,01/07/2020,Vente,"521990,00",44.0,RUE,2670,DAVID,51100.0,REIMS,51,454,CW,219,0,2.0,Appartement,49.0,2.0
1621200,01/07/2020,Vente,"521990,00",44.0,RUE,2670,DAVID,51100.0,REIMS,51,454,CW,219,0,2.0,Appartement,69.0,2.0
1621201,01/07/2020,Vente,"521990,00",44.0,RUE,2670,DAVID,51100.0,REIMS,51,454,CW,219,0,2.0,Appartement,49.0,3.0
1621202,01/07/2020,Vente,"521990,00",44.0,RUE,2670,DAVID,51100.0,REIMS,51,454,CW,219,0,2.0,Appartement,47.0,1.0
1621204,03/07/2020,Vente,"130000,00",140.0,BD,2650,DAUPHINOT,51100.0,REIMS,51,454,CV,1049,2,2.0,Appartement,76.0,4.0
1621206,02/07/2020,Vente,"4500,00",72.0,RUE,7160,PONSARDIN,51100.0,REIMS,51,454,CX,554,1,2.0,Appartement,128.0,4.0
1621207,07/07/2020,Vente,"160100,00",25.0,RUE,2480,DES COUTURES,51100.0,REIMS,51,454,CI,10,2,2.0,Appartement,62.0,3.0
1621211,10/07/2020,Vente,"215000,00",1.0,RUE,5250,LAGRIVE,51100.0,REIMS,51,454,CY,123,2,2.0,Appartement,96.0,5.0
1621230,15/07/2020,Vente,"122500,00",2.0,RUE,8605,THEOPHILE GAUTIER,51100.0,REIMS,51,454,AD,829,2,2.0,Appartement,73.0,4.0
1621232,30/06/2020,Vente,"340000,00",14.0,RUE,7860,SAINT HILAIRE,51100.0,REIMS,51,454,BE,38,4,2.0,Appartement,104.0,3.0
1621235,15/07/2020,Vente,"110000,00",84.0,RUE,4150,GOSSET,51100.0,REIMS,51,454,BC,154,2,2.0,Appartement,57.0,3.0
1621245,01/07/2020,Vente,"335000,00",34.0,PL,3040,DROUET D ERLON,51100.0,REIMS,51,454,IL,208,1,2.0,Appartement,111.0,5.0
1621248,07/07/2020,Vente,"120000,00",23.0,BD,6690,DE LA PAIX,51100.0,REIMS,51,454,CK,128,2,2.0,Appartement,53.0,2.0
1621259,05/05/2020,Vente,"75000,00",6.0,RUE,2960,DU DOCTEUR LEFORT,51100.0,REIMS,51,454,DO,602,2,2.0,Appartement,55.0,3.0
1621265,25/06/2020,Vente,"55000,00",27.0,RUE,3360,ERNEST RENAN,51100.0,REIMS,51,454,AR,344,1,2.0,Appartement,42.0,2.0
1621267,07/07/2020,Vente en l'état futur d'achèvement,"631000,00",,IMP,5470,DU LEVANT,51100.0,REIMS,51,454,CX,495,1,2.0,Appartement,158.0,5.0
1621271,15/07/2020,Vente,"94300,00",67.0,RUE,5650,DE LOUVOIS,51100.0,REIMS,51,454,DV,538,1,2.0,Appartement,57.0,3.0
1621292,29/06/2020,Vente,"63800,00",65.0,RUE,2430,DE COURCELLES,51100.0,REIMS,51,454,AT,221,2,2.0,Appartement,24.0,1.0
1621301,29/06/2020,Vente,"158800,00",25.0,RUE,6850,PAULIN PARIS,51100.0,REIMS,51,454,AW,117,2,2.0,Appartement,74.0,4.0
1621308,26/06/2020,Vente,"157500,00",15.0,RUE,0845,BERTRAND DE MUN,51100.0,REIMS,51,454,CM,145,2,2.0,Appartement,73.0,3.0
1621309,09/07/2020,Vente,"45000,00",21.0,AV,4455,HENRI FARMAN,51100.0,REIMS,51,454,DH,90,1,2.0,Appartement,17.0,1.0
1621312,10/07/2020,Vente,"200000,00",92.0,RUE,7160,PONSARDIN,51100.0,REIMS,51,454,CY,195,1,2.0,Appartement,82.0,3.0
1621313,15/07/2020,Vente,"134500,00",310.0,AV,5300,DE LAON,51100.0,REIMS,51,454,AM,352,2,2.0,Appartement,90.0,4.0
1621316,25/06/2020,Vente,"126000,00",15.0,RUE,6000,MARTEAU,51100.0,REIMS,51,454,CV,34,2,2.0,Appartement,68.0,3.0
1621323,26/06/2020,Vente,"85310,00",2.0,RUE,1720,DU CHANOINE LALLEMENT,51100.0,REIMS,51,454,DT,175,2,2.0,Appartement,51.0,2.0
1621324,30/06/2020,Vente,"141300,00",19.0,RUE,4867,JEAN DE LA BRUYERE,51100.0,REIMS,51,454,EX,121,1,2.0,Appartement,66.0,2.0
1621327,06/07/2020,Vente,"166000,00",1.0,RUE,8830,DES TROIS RAISINETS,51100.0,REIMS,51,454,CX,191,3,2.0,Appartement,50.0,3.0
1621335,03/07/2020,Vente,"215000,00",18.0,RUE,6270,MONTOISON,51100.0,REIMS,51,454,CX,125,2,2.0,Appartement,80.0,3.0
1621338,10/07/2020,Vente,"55400,00",10.0,RUE,4610,HOURELLE,51100.0,REIMS,51,454,KO,26,2,2.0,Appartement,30.0,2.0
1621339,10/07/2020,Vente,"221000,00",30.0,PL,3690,DU FORUM,51100.0,REIMS,51,454,BE,146,2,2.0,Appartement,73.0,2.0
1621354,20/07/2020,Vente,"157500,00",9.0,AV,6425,NATIONALE NEUV,51100.0,REIMS,51,454,KK,381,1,2.0,Appartement,105.0,4.0
1621360,16/07/2020,Vente,"139000,00",5.0,RUE,4867,JEAN DE LA BRUYERE,51100.0,REIMS,51,454,EX,121,1,2.0,Appartement,99.0,4.0
1621367,07/07/2020,Vente,"58000,00",57.0,RUE,2630,DANTON,51100.0,REIMS,51,454,AX,577,1,2.0,Appartement,22.0,1.0
1621368,20/07/2020,Vente,"225000,00",18.0,AV,4900,JEAN JAURES,51100.0,REIMS,51,454,CW,638,2,2.0,Appartement,82.0,4.0
1621370,02/07/2020,Vente,"150000,00",69.0,RUE,5490,LIBERGIER,51100.0,REIMS,51,454,IK,753,3,2.0,Appartement,45.0,2.0
1621372,16/07/2020,Vente,"84200,00",134.0,RUE,7010,PIERRE BROSSOLETTE,51100.0,REIMS,51,454,AO,739,1,2.0,Appartement,52.0,2.0
1621374,09/07/2020,Vente,"49000,00",8.0,RUE,4870,JEAN DE FOIGNY,51100.0,REIMS,51,454,DO,591,1,2.0,Appartement,55.0,3.0
1621375,09/07/2020,Vente,"49000,00",10.0,RUE,4870,JEAN DE FOIGNY,51100.0,REIMS,51,454,DO,591,1,2.0,Appartement,41.0,2.0
1621376,17/07/2020,Vente,"63000,00",1.0,RUE,6850,PAULIN PARIS,51100.0,REIMS,51,454,AW,233,1,2.0,Appartement,33.0,1.0
1621386,08/07/2020,Vente,"61000,00",8.0,RUE,6670,DES ORPHELINS,51100.0,REIMS,51,454,CY,224,1,2.0,Appartement,21.0,1.0
1621387,17/07/2020,Vente,"175000,00",1.0,RUE,5565,DE LONDRES,51100.0,REIMS,51,454,CM,104,2,2.0,Appartement,123.0,6.0
1621401,16/07/2020,Vente,"65000,00",9.0,RUE,8950,DE VENISE,51100.0,REIMS,51,454,CY,445,1,2.0,Appartement,22.0,1.0
1621416,15/07/2020,Vente,"61000,00",30.0,RUE,1830,CHARLIER,51100.0,REIMS,51,454,BI,185,2,2.0,Appartement,30.0,1.0
1621421,10/07/2020,Vente,"45000,00",52.0,RUE,4770,DU JARD,51100.0,REIMS,51,454,IK,509,1,2.0,Appartement,31.0,2.0
1621424,17/07/2020,Vente,"140000,00",33.0,RUE,7610,DES ROMAINS,51100.0,REIMS,51,454,AR,929,1,2.0,Appartement,49.0,2.0
1621427,10/07/2020,Vente,"145000,00",43.0,RUE,6740,PASSE DEMOISELLES,51100.0,REIMS,51,454,HY,152,1,2.0,Appartement,63.0,3.0
1621435,08/07/2020,Vente,"278000,00",113.0,RUE,9040,DE VESLE,51100.0,REIMS,51,454,IK,1347,1,2.0,Appartement,76.0,3.0
1621449,17/07/2020,Vente,"176000,00",10.0,RUE,8950,DE VENISE,51100.0,REIMS,51,454,IK,1335,1,2.0,Appartement,86.0,4.0
1621451,08/07/2020,Vente,"93000,00",195.0,RUE,6830,P VAILLANT COUTURIER,51100.0,REIMS,51,454,AN,719,2,2.0,Appartement,63.0,2.0
1621457,10/07/2020,Vente,"73000,00",333.0,AV,5300,DE LAON,51100.0,REIMS,51,454,AN,548,1,2.0,Appartement,64.0,2.0
1621461,17/07/2020,Vente,"156000,00",28.0,BD,5010,JOFFRE,51100.0,REIMS,51,454,IL,548,1,2.0,Appartement,75.0,3.0
1621471,20/07/2020,Vente,"134780,00",21.0,RUE,9210,DE WITRY,51100.0,REIMS,51,454,CT,186,2,2.0,Appartement,63.0,3.0
1621474,16/07/2020,Vente,"48000,00",11.0,RUE,8670,DE TINQUEUX,51100.0,REIMS,51,454,IO,390,1,2.0,Appartement,15.0,1.0
1621475,16/07/2020,Vente,"48000,00",11.0,RUE,8670,DE TINQUEUX,51100.0,REIMS,51,454,IO,390,1,2.0,Appartement,20.0,1.0
1621476,10/07/2020,Vente,"110000,00",46.0,RUE,1670,DU CHAMP DE MARS,51100.0,REIMS,51,454,BH,1,2,2.0,Appartement,64.0,4.0
1621478,06/07/2020,Vente,"130000,00",33.0,RUE,0550,BACQUENOIS,51100.0,REIMS,51,454,IM,256,3,2.0,Appartement,47.0,2.0
1621493,15/07/2020,Vente,"76750,00",16.0,RUE,7015,PIERRE DE COUBERTIN,51100.0,REIMS,51,454,AE,292,2,2.0,Appartement,56.0,3.0
1621502,10/07/2020,Vente,"70000,00",96.0,AV,3320,D EPERNAY,51100.0,REIMS,51,454,HW,387,2,2.0,Appartement,38.0,1.0
1621507,30/06/2020,Vente,"364063,00",215.0,RUE,2440,DE COURLANCY,51100.0,REIMS,51,454,DN,253,1,2.0,Appartement,45.0,2.0
1621509,30/06/2020,Vente,"364063,00",215.0,RUE,2440,DE COURLANCY,51100.0,REIMS,51,454,DN,253,1,2.0,Appartement,93.0,4.0
1621516,01/07/2020,Vente,"253250,00",37.0,RUE,4560,HINCMAR,51100.0,REIMS,51,454,IK,1267,2,2.0,Appartement,85.0,4.0
1621518,20/07/2020,Vente,"140000,00",3.0,RUE,8720,TOURNEBONNEAU,51100.0,REIMS,51,454,DM,628,1,2.0,Appartement,64.0,3.0
1621526,25/07/2020,Vente,"88000,00",30.0,BD,5570,LOUIS BARTHOU,51100.0,REIMS,51,454,DT,671,2,2.0,Appartement,53.0,3.0
1621532,22/07/2020,Vente,"158200,00",12.0,CHS,0980,BOCQUAINE,51100.0,REIMS,51,454,HZ,170,1,2.0,Appartement,46.0,2.0
1621535,27/06/2020,Vente,"370420,00",22.0,RUE,7710,RUINART DE BRIMONT,51100.0,REIMS,51,454,CW,104,0,2.0,Appartement,32.0,3.0
1621536,27/06/2020,Vente,"370420,00",22.0,RUE,7710,RUINART DE BRIMONT,51100.0,REIMS,51,454,CW,104,0,2.0,Appartement,46.0,2.0
1621537,27/06/2020,Vente,"370420,00",22.0,RUE,7710,RUINART DE BRIMONT,51100.0,REIMS,51,454,CW,104,0,2.0,Appartement,61.0,3.0
1621539,09/07/2020,Vente,"75350,00",1.0,PL,0120,ALFRED BROUETTE,51100.0,REIMS,51,454,BI,373,1,2.0,Appartement,24.0,1.0
1621540,10/07/2020,Vente,"66500,00",64.0,RUE,2290,COQUEBERT,51100.0,REIMS,51,454,BI,495,1,2.0,Appartement,29.0,1.0
1621551,20/07/2020,Vente,"134932,00",1.0,RUE,4060,GERSON,51100.0,REIMS,51,454,AV,612,2,2.0,Appartement,69.0,2.0
1621556,17/07/2020,Vente,"45500,00",111.0,RUE,1590,DE CERNAY,51100.0,REIMS,51,454,CV,1141,1,2.0,Appartement,24.0,1.0
1621557,06/07/2020,Vente,"98000,00",2.0,RUE,5730,MABILLON,51100.0,REIMS,51,454,BI,755,1,2.0,Appartement,37.0,2.0
1621591,29/06/2020,Vente,"75000,00",73.0,RUE,7160,PONSARDIN,51100.0,REIMS,51,454,CY,627,1,2.0,Appartement,28.0,1.0
1621592,09/07/2020,Vente,"118000,00",3.0,RUE,4620,HOUZEAU MUIRON,51100.0,REIMS,51,454,CW,554,1,2.0,Appartement,46.0,2.0
1621598,03/07/2020,Vente,"73500,00",8.0,RUE,5090,JULES GUICHARD,51100.0,REIMS,51,454,AV,157,1,2.0,Appartement,30.0,1.0
1621615,17/07/2020,Vente en l'état futur d'achèvement,"300000,00",7.0,RUE,5260,LAMOUCHE,51100.0,REIMS,51,454,AV,754,1,2.0,Appartement,82.0,4.0
1621631,01/07/2020,Vente,"138000,00",55.0,RUE,7010,PIERRE BROSSOLETTE,51100.0,REIMS,51,454,AR,185,2,2.0,Appartement,63.0,3.0
1621635,10/07/2020,Vente,"120500,00",23.0,RUE,6864,PAYEN,51100.0,REIMS,51,454,IK,774,2,2.0,Appartement,47.0,2.0
1621638,22/07/2020,Vente,"115000,00",53.0,RUE,8820,DES 3 PILIERS,51100.0,REIMS,51,454,AW,1,1,2.0,Appartement,69.0,3.0
1621639,15/07/2020,Vente,"127000,00",16.0,RUE,0330,ANTOINE GOUSSIEZ,51100.0,REIMS,51,454,AX,889,2,2.0,Appartement,57.0,3.0
1621642,29/06/2020,Vente,"290000,00",24.0,RUE,7400,RAYMOND GUYOT,51100.0,REIMS,51,454,BH,550,2,2.0,Appartement,113.0,5.0
1621651,27/07/2020,Vente,"480000,00",60.0,RUE,8500,DE TALLEYRAND,51100.0,REIMS,51,454,IL,297,1,2.0,Appartement,20.0,1.0
1621652,27/07/2020,Vente,"480000,00",60.0,RUE,8500,DE TALLEYRAND,51100.0,REIMS,51,454,IL,297,1,2.0,Appartement,28.0,1.0
1621653,27/07/2020,Vente,"480000,00",60.0,RUE,8500,DE TALLEYRAND,51100.0,REIMS,51,454,IL,297,1,2.0,Appartement,21.0,1.0
1621654,27/07/2020,Vente,"480000,00",60.0,RUE,8500,DE TALLEYRAND,51100.0,REIMS,51,454,IL,297,1,2.0,Appartement,16.0,1.0
1621655,27/07/2020,Vente,"480000,00",60.0,RUE,8500,DE TALLEYRAND,51100.0,REIMS,51,454,IL,297,1,2.0,Appartement,64.0,3.0
1621656,27/07/2020,Vente,"480000,00",60.0,RUE,8500,DE TALLEYRAND,51100.0,REIMS,51,454,IL,297,1,2.0,Appartement,23.0,1.0
1621659,07/07/2020,Vente,"275000,00",61.0,BD,1510,CARTERET,51100.0,REIMS,51,454,CW,633,1,2.0,Appartement,20.0,1.0
1621666,10/07/2020,Vente,"130000,00",55.0,RUE,1360,CAMILLE LENOIR,51100.0,REIMS,51,454,BH,62,3,2.0,Appartement,74.0,3.0
1621667,10/07/2020,Vente,"85000,00",55.0,RUE,1360,CAMILLE LENOIR,51100.0,REIMS,51,454,BH,62,2,2.0,Appartement,51.0,2.0
1621670,16/07/2020,Vente,"68700,00",12.0,ESP,6772,PAUL CEZANNE,51100.0,REIMS,51,454,KR,4,2,2.0,Appartement,62.0,3.0
1621671,03/07/2020,Vente,"97000,00",1.0,RUE,3070,DUQUENELLE,51100.0,REIMS,51,454,AW,287,2,2.0,Appartement,34.0,2.0
1621672,24/07/2020,Vente,"50000,00",4.0,RUE,7310,PRIEUR DE LA MARNE,51100.0,REIMS,51,454,BI,258,1,2.0,Appartement,38.0,2.0
1621688,23/07/2020,Vente,"490000,00",15.0,RUE,6400,DE NANTEUIL,51100.0,REIMS,51,454,BE,116,0,2.0,Appartement,50.0,3.0
1621689,23/07/2020,Vente,"490000,00",15.0,RUE,6400,DE NANTEUIL,51100.0,REIMS,51,454,BE,116,0,2.0,Appartement,49.0,3.0
1621690,23/07/2020,Vente,"490000,00",15.0,RUE,6400,DE NANTEUIL,51100.0,REIMS,51,454,BE,116,0,2.0,Appartement,50.0,3.0
1621703,20/07/2020,Vente,"115000,00",6.0,RUE,8603,THEODORE GERICAULT,51100.0,REIMS,51,454,AE,296,2,2.0,Appartement,69.0,3.0
1621712,03/07/2020,Vente,"95000,00",31.0,RUE,5000,JOBERT LUCAS,51100.0,REIMS,51,454,AN,105,2,2.0,Appartement,50.0,3.0
1621729,30/07/2020,Vente,"80000,00",52.0,RUE,3280,EMILE ZOLA,51100.0,REIMS,51,454,AW,527,2,2.0,Appartement,46.0,2.0
1621731,10/07/2020,Vente,"255000,00",6.0,RUE,0340,DE L ARBALETE,51100.0,REIMS,51,454,IL,67,1,2.0,Appartement,69.0,3.0
1621733,23/07/2020,Vente,"95500,00",6.0,RUE,3270,EMILE SENART,51100.0,REIMS,51,454,AY,255,2,2.0,Appartement,65.0,4.0
1621743,30/07/2020,Vente,"110000,00",13.0,RUE,2710,DEFRANCOIS,51100.0,REIMS,51,454,CK,84,2,2.0,Appartement,42.0,2.0
1621762,24/07/2020,Vente,"80000,00",27.0,RUE,5440,LEOPOLD CHARPENTIER,51100.0,REIMS,51,454,AE,262,2,2.0,Appartement,48.0,2.0
1621764,22/07/2020,Vente,"300000,00",11.0,RUE,2940,DOCTEUR JACQUIN,51100.0,REIMS,51,454,IL,67,1,2.0,Appartement,87.0,3.0
1621766,06/07/2020,Vente,"141000,00",8.0,PL,1770,DU CHAPITRE,51100.0,REIMS,51,454,CX,20,1,2.0,Appartement,32.0,2.0
1621768,17/07/2020,Vente,"125000,00",27.0,RUE,2120,COLBERT,51100.0,REIMS,51,454,IL,34,1,2.0,Appartement,49.0,1.0
1621777,23/07/2020,Vente,"125000,00",1.0,RUE,0010,ABBE DE L EPEE,51100.0,REIMS,51,454,IK,288,2,2.0,Appartement,67.0,2.0
1621779,15/07/2020,Vente,"65500,00",17.0,RUE,8390,SOUSSILLON,51100.0,REIMS,51,454,AS,177,1,2.0,Appartement,41.0,2.0
1621780,26/06/2020,Vente,"172200,00",17.0,RUE,6720,DE PARGNY,51100.0,REIMS,51,454,HX,401,2,2.0,Appartement,88.0,5.0
1621783,08/07/2020,Vente,"64000,00",55.0,RUE,1360,CAMILLE LENOIR,51100.0,REIMS,51,454,BH,62,1,2.0,Appartement,25.0,1.0
1621790,28/07/2020,Vente,"248500,00",6.0,RUE,0340,DE L ARBALETE,51100.0,REIMS,51,454,IL,67,1,2.0,Appartement,62.0,2.0
1621792,16/07/2020,Vente,"67600,00",25.0,RUE,5500,DE LA LIBERTE,51100.0,REIMS,51,454,AX,13,1,2.0,Appartement,25.0,2.0
1621794,30/07/2020,Vente,"800000,00",41.0,RUE,1740,CHANZY,51100.0,REIMS,51,454,CX,557,1,2.0,Appartement,213.0,6.0
1621802,22/07/2020,Vente,"53000,00",7.0,RUE,1980,DE CLAIRMARAIS,51100.0,REIMS,51,454,AT,165,1,2.0,Appartement,26.0,1.0
1621804,16/07/2020,Vente,"68900,00",10.0,RUE,7015,PIERRE DE COUBERTIN,51100.0,REIMS,51,454,AE,292,1,2.0,Appartement,56.0,3.0
1621806,22/07/2020,Vente,"55000,00",4.0,RUE,0254,ANDRE FAIVRE,51100.0,REIMS,51,454,KP,30,1,2.0,Appartement,40.0,1.0
1621809,21/07/2020,Vente,"103000,00",5.0,RUE,4307,GUILLAUME APOLLINAIRE,51100.0,REIMS,51,454,KP,30,1,2.0,Appartement,70.0,3.0
1621816,18/07/2020,Vente,"152000,00",6.0,RUE,3610,FLIN DES OLIVIERS,51100.0,REIMS,51,454,HX,17,2,2.0,Appartement,66.0,3.0
1621818,24/07/2020,Vente,"105000,00",42.0,AV,6730,DE PARIS,51100.0,REIMS,51,454,IO,360,1,2.0,Appartement,55.0,1.0
1621820,24/07/2020,Vente,"104000,00",14.0,RUE,5650,DE LOUVOIS,51100.0,REIMS,51,454,DV,672,1,2.0,Appartement,44.0,2.0
1621823,25/07/2020,Vente,"72000,00",42.0,AV,6730,DE PARIS,51100.0,REIMS,51,454,IO,360,1,2.0,Appartement,41.0,2.0
1621826,28/07/2020,Vente,"4489291,50",27.0,BD,5680,LUNDY,51100.0,REIMS,51,454,BE,383,0,2.0,Appartement,88.0,4.0
1621827,28/07/2020,Vente,"4489291,50",27.0,BD,5680,LUNDY,51100.0,REIMS,51,454,BE,383,0,2.0,Appartement,34.0,1.0
1621829,28/07/2020,Vente,"4489291,50",27.0,BD,5680,LUNDY,51100.0,REIMS,51,454,BE,383,0,2.0,Appartement,48.0,2.0
1621830,28/07/2020,Vente,"4489291,50",27.0,BD,5680,LUNDY,51100.0,REIMS,51,454,BE,383,0,2.0,Appartement,86.0,4.0
1621831,28/07/2020,Vente,"4489291,50",27.0,BD,5680,LUNDY,51100.0,REIMS,51,454,BE,383,0,2.0,Appartement,88.0,4.0
1621833,28/07/2020,Vente,"4489291,50",27.0,BD,5680,LUNDY,51100.0,REIMS,51,454,BE,383,0,2.0,Appartement,91.0,4.0
1621840,28/07/2020,Vente,"4489291,50",27.0,BD,5680,LUNDY,51100.0,REIMS,51,454,BE,383,0,2.0,Appartement,101.0,5.0
1621841,28/07/2020,Vente,"4489291,50",27.0,BD,5680,LUNDY,51100.0,REIMS,51,454,BE,383,0,2.0,Appartement,101.0,5.0
1621843,28/07/2020,Vente,"4489291,50",27.0,BD,5680,LUNDY,51100.0,REIMS,51,454,BE,383,0,2.0,Appartement,91.0,4.0
1621846,28/07/2020,Vente,"4489291,50",27.0,BD,5680,LUNDY,51100.0,REIMS,51,454,BE,383,0,2.0,Appartement,66.0,3.0
1621849,28/07/2020,Vente,"4489291,50",27.0,BD,5680,LUNDY,51100.0,REIMS,51,454,BE,383,0,2.0,Appartement,101.0,5.0
1621850,28/07/2020,Vente,"4489291,50",27.0,BD,5680,LUNDY,51100.0,REIMS,51,454,BE,383,0,2.0,Appartement,66.0,3.0
1621851,28/07/2020,Vente,"4489291,50",27.0,BD,5680,LUNDY,51100.0,REIMS,51,454,BE,383,0,2.0,Appartement,34.0,1.0
1621855,28/07/2020,Vente,"4489291,50",27.0,BD,5680,LUNDY,51100.0,REIMS,51,454,BE,383,0,2.0,Appartement,34.0,1.0
1621857,28/07/2020,Vente,"4489291,50",27.0,BD,5680,LUNDY,51100.0,REIMS,51,454,BE,383,0,2.0,Appartement,66.0,3.0
1621858,28/07/2020,Vente,"4489291,50",27.0,BD,5680,LUNDY,51100.0,REIMS,51,454,BE,383,0,2.0,Appartement,91.0,4.0
1621859,28/07/2020,Vente,"4489291,50",27.0,BD,5680,LUNDY,51100.0,REIMS,51,454,BE,383,0,2.0,Appartement,86.0,4.0
1621860,28/07/2020,Vente,"4489291,50",27.0,BD,5680,LUNDY,51100.0,REIMS,51,454,BE,383,0,2.0,Appartement,88.0,4.0
1621861,28/07/2020,Vente,"4489291,50",27.0,BD,5680,LUNDY,51100.0,REIMS,51,454,BE,383,0,2.0,Appartement,48.0,2.0
1621862,28/07/2020,Vente,"4489291,50",27.0,BD,5680,LUNDY,51100.0,REIMS,51,454,BE,383,0,2.0,Appartement,48.0,2.0
1621876,23/07/2020,Vente,"725000,00",1.0,PL,5390,LEON BOURGEOIS,51100.0,REIMS,51,454,BE,435,2,2.0,Appartement,83.0,3.0
1621877,23/07/2020,Vente,"725000,00",1.0,PL,5390,LEON BOURGEOIS,51100.0,REIMS,51,454,BE,435,2,2.0,Appartement,83.0,3.0
1621886,22/07/2020,Vente,"104000,00",27.0,RUE,1710,DE CHAMPIGNY,51100.0,REIMS,51,454,AR,302,2,2.0,Appartement,52.0,3.0
1621889,24/07/2020,Vente,"60400,00",42.0,AV,6730,DE PARIS,51100.0,REIMS,51,454,IO,360,1,2.0,Appartement,19.0,1.0
1621893,24/07/2020,Vente,"71000,00",42.0,AV,6730,DE PARIS,51100.0,REIMS,51,454,IO,360,1,2.0,Appartement,41.0,1.0
1621894,25/07/2020,Vente,"65000,00",42.0,AV,6730,DE PARIS,51100.0,REIMS,51,454,IO,360,1,2.0,Appartement,27.0,1.0
1621896,30/07/2020,Vente,"178700,00",107.0,RUE,3850,GAMBETTA,51100.0,REIMS,51,454,CY,574,1,2.0,Appartement,77.0,2.0
1621899,24/07/2020,Vente,"100000,00",42.0,AV,6730,DE PARIS,51100.0,REIMS,51,454,IO,360,1,2.0,Appartement,105.0,1.0
1621900,24/07/2020,Vente,"103000,00",42.0,AV,6730,DE PARIS,51100.0,REIMS,51,454,IO,360,1,2.0,Appartement,30.0,1.0
1621901,24/07/2020,Vente,"103000,00",42.0,AV,6730,DE PARIS,51100.0,REIMS,51,454,IO,360,1,2.0,Appartement,30.0,1.0
1621906,24/07/2020,Vente,"109000,00",42.0,AV,6730,DE PARIS,51100.0,REIMS,51,454,IO,360,1,2.0,Appartement,111.0,1.0
1621908,25/07/2020,Vente,"71000,00",42.0,AV,6730,DE PARIS,51100.0,REIMS,51,454,IO,360,1,2.0,Appartement,28.0,1.0
1621910,25/07/2020,Vente,"154000,00",42.0,AV,6730,DE PARIS,51100.0,REIMS,51,454,IO,360,1,2.0,Appartement,120.0,1.0
1621912,24/07/2020,Vente,"188000,00",42.0,AV,6730,DE PARIS,51100.0,REIMS,51,454,IO,360,1,2.0,Appartement,120.0,1.0
1621923,29/07/2020,Vente,"239650,00",3.0,RUE,3850,GAMBETTA,51100.0,REIMS,51,454,CY,4,2,2.0,Appartement,89.0,4.0
1621928,22/07/2020,Vente,"173750,00",15.0,RUE,6000,MARTEAU,51100.0,REIMS,51,454,CV,34,2,2.0,Appartement,106.0,5.0
1621929,30/07/2020,Vente,"43500,00",117.0,RUE,1590,DE CERNAY,51100.0,REIMS,51,454,CV,544,1,2.0,Appartement,27.0,1.0
1621938,08/07/2020,Vente,"135000,00",2.0,PL,7690,ROYALE,51100.0,REIMS,51,454,CX,28,2,2.0,Appartement,50.0,2.0
1621942,27/07/2020,Vente,"320400,00",10.0,RUE,4050,GERBERT,51100.0,REIMS,51,454,CY,752,1,2.0,Appartement,135.0,1.0
1621946,24/07/2020,Vente,"85000,00",10.0,RUE,6000,MARTEAU,51100.0,REIMS,51,454,CV,1179,1,2.0,Appartement,28.0,2.0
1621947,30/07/2020,Vente,"161000,00",54.0,AV,6730,DE PARIS,51100.0,REIMS,51,454,IO,70,2,2.0,Appartement,48.0,2.0
1621949,28/07/2020,Vente,"260000,00",8.0,BD,5680,LUNDY,51100.0,REIMS,51,454,BH,309,2,2.0,Appartement,107.0,3.0
1621963,23/07/2020,Vente,"65000,00",48.0,RUE,5920,M CLEMENCE FOURIAUX,51100.0,REIMS,51,454,AV,294,1,2.0,Appartement,21.0,1.0
1621977,29/07/2020,Vente,"59000,00",3.0,RUE,5930,MARIE STUART,51100.0,REIMS,51,454,CX,254,1,2.0,Appartement,18.0,1.0
1621991,20/07/2020,Vente,"367000,00",2.0,RUE,1390,DES CAPUCINS,51100.0,REIMS,51,454,IK,922,1,2.0,Appartement,113.0,4.0
1621992,30/07/2020,Vente,"135000,00",91.0,BD,4550,HENRY VASNIER,51100.0,REIMS,51,454,CI,68,1,2.0,Appartement,47.0,2.0
1621998,31/07/2020,Vente,"305000,00",218.0,AV,5300,DE LAON,51100.0,REIMS,51,454,AX,439,0,2.0,Appartement,45.0,2.0
1621999,31/07/2020,Vente,"305000,00",218.0,AV,5300,DE LAON,51100.0,REIMS,51,454,AX,439,0,2.0,Appartement,50.0,3.0
1622000,31/07/2020,Vente,"305000,00",218.0,AV,5300,DE LAON,51100.0,REIMS,51,454,AX,439,0,2.0,Appartement,20.0,1.0
1622002,31/07/2020,Vente,"305000,00",218.0,AV,5300,DE LAON,51100.0,REIMS,51,454,AX,439,0,2.0,Appartement,20.0,1.0
1622011,03/08/2020,Vente,"74000,00",149.0,AV,4900,JEAN JAURES,51100.0,REIMS,51,454,BI,205,1,2.0,Appartement,35.0,2.0
1622015,31/07/2020,Vente,"58000,00",39.0,AV,4455,HENRI FARMAN,51100.0,REIMS,51,454,EK,6,1,2.0,Appartement,18.0,1.0
1622016,27/07/2020,Vente,"210000,00",22.0,RUE,4770,DU JARD,51100.0,REIMS,51,454,IK,1365,1,2.0,Appartement,86.0,3.0
1622029,31/07/2020,Vente,"177500,00",8.0,RUE,2290,COQUEBERT,51100.0,REIMS,51,454,BH,38,2,2.0,Appartement,61.0,3.0
1622035,06/07/2020,Vente,"143000,00",60.0,RUE,6940,PETIT HUTIN,51100.0,REIMS,51,454,CL,492,2,2.0,Appartement,49.0,3.0
1622055,20/07/2020,Vente,"236400,00",80.0,RUE,7160,PONSARDIN,51100.0,REIMS,51,454,CY,72,3,2.0,Appartement,76.0,3.0
1622063,06/07/2020,Vente,"121000,00",21.0,RUE,5019,JOLIOT CURIE,51100.0,REIMS,51,454,KT,290,2,2.0,Appartement,113.0,5.0
1622066,15/07/2020,Vente,"585000,00",24.0,BD,5680,LUNDY,51100.0,REIMS,51,454,BH,352,3,2.0,Appartement,129.0,6.0
1622080,03/07/2020,Vente,"165240,00",17.0,RUE,6720,DE PARGNY,51100.0,REIMS,51,454,HX,401,2,2.0,Appartement,88.0,5.0
1622082,09/07/2020,Vente,"137600,00",32.0,RUE,6720,DE PARGNY,51100.0,REIMS,51,454,HW,373,1,2.0,Appartement,75.0,4.0
1622084,22/07/2020,Vente,"68000,00",340.0,AV,5300,DE LAON,51100.0,REIMS,51,454,AM,837,2,2.0,Appartement,36.0,1.0
1622085,08/07/2020,Vente,"650000,00",35.0,CRS,4850,J B LANGLET,51100.0,REIMS,51,454,IL,266,2,2.0,Appartement,108.0,4.0
1622094,16/07/2020,Vente,"185000,00",8.0,RUE,4040,GERBAULT,51100.0,REIMS,51,454,CV,766,3,2.0,Appartement,64.0,3.0
1622098,16/07/2020,Vente,"68000,00",96.0,AV,3320,D EPERNAY,51100.0,REIMS,51,454,HW,387,2,2.0,Appartement,36.0,1.0
1622125,06/08/2020,Vente,"115000,00",51.0,AV,1809,CHARLES FANDRE,51100.0,REIMS,51,454,CT,531,1,2.0,Appartement,54.0,2.0
1622128,06/08/2020,Vente,"146000,00",66.0,RUE,4740,JACQUART,51100.0,REIMS,51,454,BI,573,1,2.0,Appartement,66.0,3.0
1622137,08/07/2020,Vente,"120000,00",21.0,ESP,5446,LE ROUET,51100.0,REIMS,51,454,CT,390,1,2.0,Appartement,75.0,4.0
1622143,06/08/2020,Vente,"29500,00",17.0,RUE,3660,DU FOND PATE,51100.0,REIMS,51,454,AE,54,1,2.0,Appartement,49.0,2.0
1622146,16/07/2020,Vente,"77000,00",96.0,AV,3320,D EPERNAY,51100.0,REIMS,51,454,HW,387,2,2.0,Appartement,38.0,1.0
1622150,24/07/2020,Vente,"180000,00",61.0,RUE,1920,DE CHEVIGNE,51100.0,REIMS,51,454,CL,33,2,2.0,Appartement,90.0,5.0
1622154,30/07/2020,Vente,"155000,00",23.0,RUE,4650,HUGUES KRAFFT,51100.0,REIMS,51,454,AM,810,1,2.0,Appartement,93.0,3.0
1622182,23/07/2020,Vente,"62800,00",1.0,RUE,2860,DOCTEUR BIENFAIT,51100.0,REIMS,51,454,IO,217,1,2.0,Appartement,21.0,1.0
1622186,31/07/2020,Vente,"312000,00",67.0,RUE,5490,LIBERGIER,51100.0,REIMS,51,454,IK,752,1,2.0,Appartement,107.0,5.0
1622187,04/08/2020,Vente,"129000,00",27.0,AV,4010,GEORGES CLEMENCEAU,51100.0,REIMS,51,454,CL,560,2,2.0,Appartement,56.0,3.0
1622200,27/07/2020,Vente,"134000,00",22.0,RUE,3340,DE L EQUERRE,51100.0,REIMS,51,454,CY,648,1,2.0,Appartement,50.0,2.0
1622206,21/07/2020,Vente,"165000,00",15.0,RUE,6000,MARTEAU,51100.0,REIMS,51,454,CV,34,2,2.0,Appartement,81.0,4.0
1622208,29/07/2020,Vente,"146950,00",3.0,RUE,1730,CHANTERAINE,51100.0,REIMS,51,454,DM,634,2,2.0,Appartement,79.0,4.0
1622230,14/08/2020,Vente,"116550,00",1.0,RUE,1822,CHARLES PEGUY,51100.0,REIMS,51,454,AI,664,1,2.0,Appartement,64.0,3.0
1622238,14/08/2020,Vente,"104000,00",1.0,ALL,5887,MARCEL CHEVAL,51100.0,REIMS,51,454,HT,163,2,2.0,Appartement,73.0,4.0
1622243,17/07/2020,Vente,"240000,00",48.0,PL,3040,DROUET D ERLON,51100.0,REIMS,51,454,IL,335,2,2.0,Appartement,95.0,3.0
1622249,27/07/2020,Vente,"104000,00",21.0,AV,4455,HENRI FARMAN,51100.0,REIMS,51,454,DH,90,1,2.0,Appartement,17.0,1.0
1622250,27/07/2020,Vente,"104000,00",21.0,AV,4455,HENRI FARMAN,51100.0,REIMS,51,454,DH,90,1,2.0,Appartement,17.0,1.0
1622251,24/07/2020,Vente,"254540,00",10.0,RUE,4050,GERBERT,51100.0,REIMS,51,454,CY,752,1,2.0,Appartement,44.0,1.0
1622252,24/07/2020,Vente,"254540,00",10.0,RUE,4050,GERBERT,51100.0,REIMS,51,454,CY,752,1,2.0,Appartement,67.0,1.0
1622262,31/07/2020,Vente,"139000,00",32.0,RUE,6920,PETIT DELBOURG,51100.0,REIMS,51,454,CL,573,1,2.0,Appartement,55.0,3.0
1622265,10/08/2020,Adjudication,"160000,00",72.0,PROM,6867,DU PEIGNAGE,51100.0,REIMS,51,454,CT,534,2,2.0,Appartement,102.0,4.0
1622268,08/07/2020,Vente,"76500,00",6.0,COUR,2660,DAUPHINOT,51100.0,REIMS,51,454,BH,202,1,2.0,Appartement,61.0,2.0
1622269,24/07/2020,Vente,"98000,00",32.0,RUE,6010,MARTIN PELLER,51100.0,REIMS,51,454,HX,57,1,2.0,Appartement,44.0,2.0
1622270,04/08/2020,Vente,"62550,00",9.0,RUE,2500,DES CRENEAUX,51100.0,REIMS,51,454,CZ,297,1,2.0,Appartement,23.0,1.0
1622280,24/07/2020,Vente,"82000,00",192.0,AV,4900,JEAN JAURES,51100.0,REIMS,51,454,CV,55,2,2.0,Appartement,41.0,2.0
1622297,28/07/2020,Vente,"177500,00",1.0,RUE,1822,CHARLES PEGUY,51100.0,REIMS,51,454,AI,664,1,2.0,Appartement,89.0,5.0
1622301,28/07/2020,Vente,"330000,00",43.0,RUE,1620,CHABAUD,51100.0,REIMS,51,454,IK,714,1,2.0,Appartement,123.0,5.0
1622305,03/08/2020,Vente,"83000,00",165.0,RUE,1590,DE CERNAY,51100.0,REIMS,51,454,CV,133,1,2.0,Appartement,50.0,2.0
1622310,21/07/2020,Vente,"79000,00",8.0,RUE,8330,SIMON,51100.0,REIMS,51,454,DM,637,1,2.0,Appartement,45.0,2.0
1622327,29/07/2020,Vente,"387000,00",6.0,AV,3455,DE L EUROPE,51100.0,REIMS,51,454,CM,118,3,2.0,Appartement,211.0,8.0
1622333,31/07/2020,Vente,"164000,00",40.0,RUE,5420,LEON MATHIEU,51100.0,REIMS,51,454,HW,424,1,2.0,Appartement,51.0,2.0
1622336,29/07/2020,Vente,"48000,00",48.0,RUE,5920,M CLEMENCE FOURIAUX,51100.0,REIMS,51,454,AV,294,1,2.0,Appartement,20.0,1.0
1622338,07/08/2020,Vente,"70000,00",43.0,BD,2930,DOCTEUR HENRI HENROT,51100.0,REIMS,51,454,DM,383,2,2.0,Appartement,36.0,1.0
1622341,29/07/2020,Vente en l'état futur d'achèvement,"222316,00",,RUE,4220,GRANDVAL,51100.0,REIMS,51,454,CL,1000,1,2.0,Appartement,61.0,3.0
1622344,07/08/2020,Vente,"179380,00",11.0,RUE,0845,BERTRAND DE MUN,51100.0,REIMS,51,454,CM,145,2,2.0,Appartement,73.0,3.0
1622346,13/08/2020,Vente,"58551,60",15.0,RUE,0740,BELIN,51100.0,REIMS,51,454,AX,258,1,2.0,Appartement,25.0,2.0
1622349,06/08/2020,Vente,"81300,00",59.0,RUE,1920,DE CHEVIGNE,51100.0,REIMS,51,454,CL,33,2,2.0,Appartement,77.0,4.0
1622363,07/08/2020,Vente,"75300,00",30.0,BD,5570,LOUIS BARTHOU,51100.0,REIMS,51,454,DT,671,1,2.0,Appartement,53.0,3.0
1622365,07/08/2020,Vente,"75300,00",30.0,BD,5570,LOUIS BARTHOU,51100.0,REIMS,51,454,DT,671,1,2.0,Appartement,65.0,4.0
1622375,10/08/2020,Vente,"71000,00",6.0,RUE,4425,HELENE NAUTRE,51100.0,REIMS,51,454,BT,580,2,2.0,Appartement,50.0,2.0
1622386,24/07/2020,Vente,"68000,00",67.0,RUE,3000,DOCTEUR THOMAS,51100.0,REIMS,51,454,AW,218,2,2.0,Appartement,35.0,2.0
1622420,04/08/2020,Vente,"32800,00",1.0,RUE,8720,TOURNEBONNEAU,51100.0,REIMS,51,454,DM,628,1,2.0,Appartement,9.0,1.0
1622445,14/08/2020,Vente,"100500,00",27.0,BD,6690,DE LA PAIX,51100.0,REIMS,51,454,CK,128,2,2.0,Appartement,33.0,1.0
1622448,29/07/2020,Vente,"610000,00",26.0,RUE,6230,DU MONT D ARENE,51100.0,REIMS,51,454,AV,365,0,2.0,Appartement,69.0,3.0
1622449,29/07/2020,Vente,"610000,00",26.0,RUE,6230,DU MONT D ARENE,51100.0,REIMS,51,454,AV,365,0,2.0,Appartement,71.0,3.0
1622451,29/07/2020,Vente,"610000,00",26.0,RUE,6230,DU MONT D ARENE,51100.0,REIMS,51,454,AV,365,0,2.0,Appartement,69.0,3.0
1622452,29/07/2020,Vente,"610000,00",26.0,RUE,6230,DU MONT D ARENE,51100.0,REIMS,51,454,AV,365,0,2.0,Appartement,11.0,1.0
1622453,29/07/2020,Vente,"610000,00",26.0,RUE,6230,DU MONT D ARENE,51100.0,REIMS,51,454,AV,365,0,2.0,Appartement,10.0,1.0
1622474,03/08/2020,Vente,"210000,00",32.0,RUE,2430,DE COURCELLES,51100.0,REIMS,51,454,AR,929,1,2.0,Appartement,90.0,4.0
1622476,03/08/2020,Vente,"185000,00",7.0,CRS,4850,J B LANGLET,51100.0,REIMS,51,454,IL,112,1,2.0,Appartement,65.0,3.0
1622478,04/08/2020,Vente en l'état futur d'achèvement,"333000,00",35.0,RUE,6920,PETIT DELBOURG,51100.0,REIMS,51,454,CL,579,1,2.0,Appartement,87.0,4.0
1622481,07/08/2020,Vente,"270000,00",8.0,AV,4900,JEAN JAURES,51100.0,REIMS,51,454,CW,53,3,2.0,Appartement,90.0,4.0
1622483,28/07/2020,Vente,"77000,00",38.0,RUE,8980,VERNOUILLET,51100.0,REIMS,51,454,AT,237,2,2.0,Appartement,35.0,2.0
1622485,27/07/2020,Vente,"92600,00",43.0,RUE,8320,DE SILLERY,51100.0,REIMS,51,454,CL,662,2,2.0,Appartement,32.0,1.0
1622487,06/08/2020,Vente,"107000,00",6.0,RUE,0105,ALFRED DE MUSSET,51100.0,REIMS,51,454,AD,830,2,2.0,Appartement,54.0,2.0
1622491,19/08/2020,Vente,"130400,00",38.0,RUE,1590,DE CERNAY,51100.0,REIMS,51,454,CW,161,2,2.0,Appartement,49.0,2.0
1622493,07/08/2020,Vente,"151000,00",23.0,RUE,6125,DE LA MEDITERRANEE,51100.0,REIMS,51,454,CN,579,2,2.0,Appartement,120.0,6.0
1622496,31/07/2020,Vente,"34000,00",161.0,RUE,1590,DE CERNAY,51100.0,REIMS,51,454,CV,1215,1,2.0,Appartement,17.0,1.0
1622497,07/08/2020,Vente,"138000,00",40.0,RUE,4560,HINCMAR,51100.0,REIMS,51,454,IK,656,1,2.0,Appartement,52.0,2.0
1622504,31/07/2020,Vente,"69000,00",12.0,RUE,5270,LANDOUZY,51100.0,REIMS,51,454,AW,286,1,2.0,Appartement,40.0,2.0
1622507,30/07/2020,Vente,"135000,00",22.0,RUE,0740,BELIN,51100.0,REIMS,51,454,AX,276,1,2.0,Appartement,17.0,2.0
1622508,30/07/2020,Vente,"135000,00",22.0,RUE,0740,BELIN,51100.0,REIMS,51,454,AX,276,1,2.0,Appartement,23.0,2.0
1622509,30/07/2020,Vente,"135000,00",22.0,RUE,0740,BELIN,51100.0,REIMS,51,454,AX,276,1,2.0,Appartement,20.0,2.0
1622518,21/08/2020,Vente,"180000,00",22.0,RUE,5460,LESAGE,51100.0,REIMS,51,454,AW,239,1,2.0,Appartement,53.0,1.0
1622519,21/08/2020,Vente,"180000,00",22.0,RUE,5460,LESAGE,51100.0,REIMS,51,454,AW,239,1,2.0,Appartement,53.0,1.0
1622520,27/07/2020,Vente,"103500,00",27.0,RUE,6080,MAUCROIX,51100.0,REIMS,51,454,AT,48,1,2.0,Appartement,40.0,2.0
1622523,05/08/2020,Vente,"39000,00",54.0,BD,7290,PRESIDENT WILSON,51100.0,REIMS,51,454,DP,516,1,2.0,Appartement,18.0,1.0
1622531,06/08/2020,Vente,"254000,00",52.0,PL,3040,DROUET D ERLON,51100.0,REIMS,51,454,IL,337,4,2.0,Appartement,115.0,4.0
1622583,18/08/2020,Vente,"83332,00",59.0,RUE,6230,DU MONT D ARENE,51100.0,REIMS,51,454,AT,16,1,2.0,Appartement,35.0,1.0
1622588,31/07/2020,Vente,"62400,00",42.0,AV,6730,DE PARIS,51100.0,REIMS,51,454,IO,360,1,2.0,Appartement,41.0,2.0
1622598,05/08/2020,Vente,"200000,00",125.0,RUE,9040,DE VESLE,51100.0,REIMS,51,454,IK,1346,1,2.0,Appartement,67.0,3.0
1622600,31/08/2020,Vente,"73500,00",26.0,RUE,8480,DE TAISSY,51100.0,REIMS,51,454,DK,235,2,2.0,Appartement,45.0,2.0
1622604,25/08/2020,Vente,"50000,00",6.0,RUE,7010,PIERRE BROSSOLETTE,51100.0,REIMS,51,454,AV,408,1,2.0,Appartement,26.0,1.0
1622622,10/08/2020,Vente,"136000,00",42.0,AV,6730,DE PARIS,51100.0,REIMS,51,454,IO,360,1,2.0,Appartement,82.0,3.0
1622625,21/08/2020,Vente,"205700,00",22.0,RUE,5460,LESAGE,51100.0,REIMS,51,454,AW,239,1,2.0,Appartement,68.0,4.0
1622627,04/08/2020,Vente,"137000,00",1.0,AV,7295,DU PRESIDENT KENNEDY,51100.0,REIMS,51,454,KN,16,2,2.0,Appartement,97.0,4.0
1622634,05/08/2020,Vente,"144000,00",71.0,RUE,2070,CLOVIS,51100.0,REIMS,51,454,IK,403,1,2.0,Appartement,24.0,2.0
1622635,05/08/2020,Vente,"144000,00",71.0,RUE,2070,CLOVIS,51100.0,REIMS,51,454,IK,403,1,2.0,Appartement,30.0,2.0
1622643,06/08/2020,Vente,"440000,00",118.0,RUE,8980,VERNOUILLET,51100.0,REIMS,51,454,AS,129,0,2.0,Appartement,90.0,4.0
1622644,06/08/2020,Vente,"440000,00",118.0,RUE,8980,VERNOUILLET,51100.0,REIMS,51,454,AS,129,0,2.0,Appartement,90.0,4.0
1622645,06/08/2020,Vente,"440000,00",118.0,RUE,8980,VERNOUILLET,51100.0,REIMS,51,454,AS,129,0,2.0,Appartement,90.0,4.0
1622656,21/08/2020,Vente,"81050,00",3.0,RUE,2440,DE COURLANCY,51100.0,REIMS,51,454,HX,75,2,2.0,Appartement,27.0,1.0
1622661,04/08/2020,Vente,"77500,00",14.0,BD,2830,DIEU LUMIERE,51100.0,REIMS,51,454,DK,269,2,2.0,Appartement,30.0,1.0
1622663,20/08/2020,Vente,"114000,00",31.0,BD,7960,ST MARCEAUX,51100.0,REIMS,51,454,CK,98,1,2.0,Appartement,76.0,4.0
1622666,31/07/2020,Vente,"59500,00",16.0,RUE,1030,DE LA BONNE FEMME,51100.0,REIMS,51,454,DO,139,3,2.0,Appartement,20.0,1.0
1622667,25/08/2020,Vente,"80000,00",9.0,,3915,GPE GENERAL EISENHOWER,51100.0,REIMS,51,454,HS,216,1,2.0,Appartement,87.0,4.0
1622668,25/08/2020,Vente,"80000,00",9.0,,3915,GPE GENERAL EISENHOWER,51100.0,REIMS,51,454,HS,216,1,2.0,Appartement,87.0,4.0
1622670,07/08/2020,Vente,"105000,00",10.0,RUE,0254,ANDRE FAIVRE,51100.0,REIMS,51,454,KP,16,1,2.0,Appartement,69.0,3.0
1622673,18/08/2020,Vente,"149500,00",85.0,RUE,2290,COQUEBERT,51100.0,REIMS,51,454,BI,824,1,2.0,Appartement,78.0,3.0
1622685,07/08/2020,Vente,"270000,00",3.0,RUE,8290,16E ET 22E DRAGONS,51100.0,REIMS,51,454,CK,17,2,2.0,Appartement,130.0,6.0
1622688,17/08/2020,Vente,"95000,00",2.0,RUE,4880,JEAN DE LA FONTAINE,51100.0,REIMS,51,454,CV,506,0,2.0,Appartement,45.0,2.0
1622701,18/08/2020,Vente,"81000,00",45.0,RUE,5650,DE LOUVOIS,51100.0,REIMS,51,454,DV,741,1,2.0,Appartement,40.0,2.0
1622704,18/08/2020,Vente,"86900,00",57.0,RUE,2630,DANTON,51100.0,REIMS,51,454,AX,577,2,2.0,Appartement,36.0,2.0
1622712,24/08/2020,Vente,"266000,00",6.0,RUE,3610,FLIN DES OLIVIERS,51100.0,REIMS,51,454,HX,17,1,2.0,Appartement,122.0,4.0
1622718,21/08/2020,Vente,"121000,00",27.0,RUE,5440,LEOPOLD CHARPENTIER,51100.0,REIMS,51,454,AE,262,2,2.0,Appartement,76.0,4.0
1622720,07/08/2020,Vente,"101000,00",24.0,RUE,8480,DE TAISSY,51100.0,REIMS,51,454,DK,235,2,2.0,Appartement,59.0,3.0
1622733,24/08/2020,Vente,"228000,00",4.0,RUE,7790,DE ST BRICE,51100.0,REIMS,51,454,AT,522,1,2.0,Appartement,77.0,4.0
1622736,27/08/2020,Vente,"144600,00",11.0,RUE,2440,DE COURLANCY,51100.0,REIMS,51,454,HX,550,1,2.0,Appartement,67.0,3.0
1622748,24/08/2020,Vente,"137050,00",3.0,RUE,4050,GERBERT,51100.0,REIMS,51,454,CY,95,1,2.0,Appartement,42.0,2.0
1622751,27/08/2020,Vente,"165000,00",9.0,RUE,2440,DE COURLANCY,51100.0,REIMS,51,454,HX,554,1,2.0,Appartement,67.0,3.0
1622753,07/08/2020,Vente,"93800,00",93.0,RUE,2070,CLOVIS,51100.0,REIMS,51,454,IK,414,3,2.0,Appartement,34.0,3.0
1622761,27/08/2020,Vente en l'état futur d'achèvement,"135835,00",52.0,RUE,5400,LEON FAUCHER,51100.0,REIMS,51,454,BC,269,1,2.0,Appartement,38.0,2.0
1622767,27/07/2020,Vente,"163000,00",30.0,RUE,8640,DE THILLOIS,51100.0,REIMS,51,454,IM,107,1,2.0,Appartement,50.0,2.0
1622769,27/07/2020,Vente,"120400,00",168.0,RUE,1590,DE CERNAY,51100.0,REIMS,51,454,CV,209,2,2.0,Appartement,53.0,2.0
1622771,25/08/2020,Vente,"67500,00",15.0,PL,7016,PIERRE DE FERMAT,51100.0,REIMS,51,454,AE,285,2,2.0,Appartement,57.0,3.0
1622776,27/08/2020,Vente,"164500,00",91.0,RUE,0600,DU BARBATRE,51100.0,REIMS,51,454,CY,696,2,2.0,Appartement,75.0,3.0
1622780,26/08/2020,Vente,"400000,00",39.0,RUE,8500,DE TALLEYRAND,51100.0,REIMS,51,454,IL,338,6,2.0,Appartement,142.0,7.0
1622781,14/08/2020,Vente,"62000,00",7.0,RUE,1390,DES CAPUCINS,51100.0,REIMS,51,454,IK,1357,2,2.0,Appartement,68.0,3.0
1622786,17/08/2020,Vente,"85000,00",26.0,BD,5570,LOUIS BARTHOU,51100.0,REIMS,51,454,DT,671,2,2.0,Appartement,53.0,3.0
1622787,07/09/2020,Vente,"87000,00",170.0,AV,4900,JEAN JAURES,51100.0,REIMS,51,454,CV,1005,1,2.0,Appartement,42.0,2.0
1622789,19/08/2020,Vente,"101000,00",3.0,RUE,6050,MARYSE BASTIE,51100.0,REIMS,51,454,BC,23,2,2.0,Appartement,64.0,4.0
1622794,24/08/2020,Vente,"76000,00",39.0,RUE,8430,DE STRASBOURG,51100.0,REIMS,51,454,CV,563,2,2.0,Appartement,34.0,2.0
1622796,20/08/2020,Vente,"81000,00",5.0,RUE,6330,DES MOULINS,51100.0,REIMS,51,454,DM,633,2,2.0,Appartement,29.0,1.0
1622797,19/08/2020,Vente en l'état futur d'achèvement,"375000,00",21.0,RUE,7860,SAINT HILAIRE,51100.0,REIMS,51,454,BE,220,1,2.0,Appartement,72.0,3.0
1622799,19/08/2020,Vente,"39000,00",54.0,BD,7290,PRESIDENT WILSON,51100.0,REIMS,51,454,DP,516,1,2.0,Appartement,18.0,1.0
1622806,21/08/2020,Vente,"80000,00",6.0,RUE,1210,BRESSY,51100.0,REIMS,51,454,DI,260,1,2.0,Appartement,67.0,3.0
1622808,20/08/2020,Vente,"101000,00",7.0,RUE,5435,LEONE LALIRE,51100.0,REIMS,51,454,CY,752,1,2.0,Appartement,44.0,1.0
1622811,20/08/2020,Vente,"255000,00",7.0,RUE,2670,DAVID,51100.0,REIMS,51,454,CW,260,0,2.0,Appartement,32.0,1.0
1622812,20/08/2020,Vente,"255000,00",7.0,RUE,2670,DAVID,51100.0,REIMS,51,454,CW,260,0,2.0,Appartement,25.0,2.0
1622813,20/08/2020,Vente,"255000,00",7.0,RUE,2670,DAVID,51100.0,REIMS,51,454,CW,260,0,2.0,Appartement,25.0,2.0
1622814,20/08/2020,Vente,"255000,00",7.0,RUE,2670,DAVID,51100.0,REIMS,51,454,CW,260,0,2.0,Appartement,30.0,2.0
1622819,25/08/2020,Vente,"57880,00",1.0,RUE,8475,DE TAHURE,51100.0,REIMS,51,454,AH,485,2,2.0,Appartement,26.0,1.0
1622820,12/08/2020,Vente,"138000,00",63.0,BD,2930,DOCTEUR HENRI HENROT,51100.0,REIMS,51,454,DM,239,2,2.0,Appartement,66.0,3.0
1622823,26/08/2020,Vente,"240000,00",79.0,RUE,3000,DOCTEUR THOMAS,51100.0,REIMS,51,454,AW,226,4,2.0,Appartement,89.0,4.0
1622828,25/08/2020,Vente,"72140,00",1.0,RUE,7030,PIERRE VARIN,51100.0,REIMS,51,454,CV,310,1,2.0,Appartement,27.0,2.0
1622833,19/08/2020,Vente,"217800,00",17.0,RUE,6210,DES MOISSONS,51100.0,REIMS,51,454,CW,688,1,2.0,Appartement,63.0,3.0
1622835,20/08/2020,Vente,"142000,00",60.0,RUE,6940,PETIT HUTIN,51100.0,REIMS,51,454,CL,492,2,2.0,Appartement,49.0,3.0
1622842,25/08/2020,Vente,"423000,00",65.0,AV,4900,JEAN JAURES,51100.0,REIMS,51,454,BI,385,1,2.0,Appartement,140.0,5.0
1622846,26/08/2020,Vente,"94900,00",10.0,RUE,2280,DE CONTRAI,51100.0,REIMS,51,454,CY,565,2,2.0,Appartement,27.0,1.0
1622887,27/08/2020,Vente,"92500,00",40.0,RUE,5920,M CLEMENCE FOURIAUX,51100.0,REIMS,51,454,AV,931,2,2.0,Appartement,32.0,2.0
1622888,27/08/2020,Vente,"199950,00",87.0,RUE,8270,DE SEBASTOPOL,51100.0,REIMS,51,454,BI,75,2,2.0,Appartement,84.0,4.0
1622891,28/08/2020,Vente,"122500,00",129.0,RUE,0600,DU BARBATRE,51100.0,REIMS,51,454,CY,706,1,2.0,Appartement,50.0,2.0
1622892,25/08/2020,Vente,"131050,00",48.0,RUE,8980,VERNOUILLET,51100.0,REIMS,51,454,AS,51,2,2.0,Appartement,57.0,3.0
1622897,31/08/2020,Vente,"160000,00",63.0,RUE,4770,DU JARD,51100.0,REIMS,51,454,IK,288,2,2.0,Appartement,80.0,3.0
1622901,31/08/2020,Vente,"116000,00",8.0,RUE,8480,DE TAISSY,51100.0,REIMS,51,454,DK,275,1,2.0,Appartement,48.0,2.0
1622905,26/08/2020,Vente,"90988,00",9.0,RUE,5435,LEONE LALIRE,51100.0,REIMS,51,454,CY,752,1,2.0,Appartement,42.0,1.0
1622910,28/08/2020,Vente,"250000,00",158.0,BD,7140,POMMERY,51100.0,REIMS,51,454,CL,590,1,2.0,Appartement,75.0,3.0
1622922,07/09/2020,Vente,"160000,00",13.0,RUE,0845,BERTRAND DE MUN,51100.0,REIMS,51,454,CM,145,2,2.0,Appartement,73.0,3.0
1622929,28/08/2020,Vente,"157000,00",6.0,RUE,4040,GERBAULT,51100.0,REIMS,51,454,CV,765,2,2.0,Appartement,69.0,4.0
1622932,26/08/2020,Vente,"147000,00",54.0,RUE,6485,NEWTON,51100.0,REIMS,51,454,KS,18,0,2.0,Appartement,41.0,3.0
1622933,26/08/2020,Vente,"147000,00",54.0,RUE,6485,NEWTON,51100.0,REIMS,51,454,KS,18,0,2.0,Appartement,45.0,2.0
1622934,20/08/2020,Vente,"86000,00",118.0,RUE,1390,DES CAPUCINS,51100.0,REIMS,51,454,CY,376,2,2.0,Appartement,38.0,2.0
1622935,20/08/2020,Vente,"190000,00",21.0,RUE,3390,DE L ETAPE,51100.0,REIMS,51,454,IL,623,1,2.0,Appartement,74.0,3.0
1622942,31/08/2020,Vente,"113500,00",41.0,RUE,3990,GEORGES BOUSSINESQ,51100.0,REIMS,51,454,CL,874,2,2.0,Appartement,43.0,2.0
1622952,28/08/2020,Vente,"243669,00",87.0,RUE,6230,DU MONT D ARENE,51100.0,REIMS,51,454,AT,9,1,2.0,Appartement,60.0,3.0
1622966,27/08/2020,Vente,"96000,00",1.0,RUE,5950,DES MARMOUZETS,51100.0,REIMS,51,454,CX,55,2,2.0,Appartement,44.0,2.0
1622970,21/08/2020,Vente,"50000,00",39.0,RUE,8430,DE STRASBOURG,51100.0,REIMS,51,454,CV,563,2,2.0,Appartement,33.0,2.0
1622973,28/08/2020,Vente,"130000,00",9.0,ESP,5446,LE ROUET,51100.0,REIMS,51,454,CT,390,2,2.0,Appartement,69.0,3.0
1622974,28/08/2020,Vente,"84860,00",135.0,RUE,2440,DE COURLANCY,51100.0,REIMS,51,454,HY,161,1,2.0,Appartement,20.0,1.0
1622977,25/08/2020,Vente,"110000,00",89.0,RUE,6830,P VAILLANT COUTURIER,51100.0,REIMS,51,454,AV,1044,1,2.0,Appartement,48.0,3.0
1622980,25/08/2020,Vente,"135977,00",2.0,RUE,3000,DOCTEUR THOMAS,51100.0,REIMS,51,454,AW,360,2,2.0,Appartement,44.0,3.0
1622982,01/09/2020,Vente,"149000,00",4.0,RUE,1270,BRULART,51100.0,REIMS,51,454,CZ,266,2,2.0,Appartement,52.0,2.0
1622986,25/08/2020,Vente,"155000,00",182.0,AV,3320,D EPERNAY,51100.0,REIMS,51,454,KV,70,2,2.0,Appartement,76.0,3.0
1622988,28/08/2020,Vente,"130000,00",1.0,RUE,8290,16E ET 22E DRAGONS,51100.0,REIMS,51,454,CK,17,1,2.0,Appartement,58.0,2.0
1622992,31/08/2020,Vente,"114000,00",11.0,RUE,5435,LEONE LALIRE,51100.0,REIMS,51,454,CY,752,1,2.0,Appartement,47.0,1.0
1623012,08/09/2020,Vente,"96400,00",3.0,RUE,4425,HELENE NAUTRE,51100.0,REIMS,51,454,BT,580,2,2.0,Appartement,50.0,2.0
1623014,09/09/2020,Vente,"150000,00",12.0,BD,5680,LUNDY,51100.0,REIMS,51,454,BH,572,1,2.0,Appartement,49.0,2.0
1623017,01/09/2020,Vente,"109000,00",78.0,RUE,6230,DU MONT D ARENE,51100.0,REIMS,51,454,AV,393,1,2.0,Appartement,43.0,2.0
1623026,24/08/2020,Vente,"133200,00",59.0,RUE,1920,DE CHEVIGNE,51100.0,REIMS,51,454,CL,33,2,2.0,Appartement,61.0,3.0
1623031,28/08/2020,Vente,"173000,00",1.0,ESP,7433,REMI PELLOT,51100.0,REIMS,51,454,AN,169,1,2.0,Appartement,91.0,4.0
1623046,07/09/2020,Vente,"86200,00",132.0,RUE,7010,PIERRE BROSSOLETTE,51100.0,REIMS,51,454,AO,739,1,2.0,Appartement,52.0,2.0
1623049,02/09/2020,Vente,"157000,00",24.0,RUE,8330,SIMON,51100.0,REIMS,51,454,DM,636,2,2.0,Appartement,83.0,4.0
1623050,26/08/2020,Vente,"86000,00",16.0,RUE,2192,COMMANDANT ARNAUD,51100.0,REIMS,51,454,AL,419,2,2.0,Appartement,71.0,3.0
1623056,08/09/2020,Vente,"107000,00",140.0,BD,2650,DAUPHINOT,51100.0,REIMS,51,454,CV,1049,2,2.0,Appartement,49.0,2.0
1623058,02/09/2020,Vente,"58000,00",4.0,RUE,0254,ANDRE FAIVRE,51100.0,REIMS,51,454,KP,30,1,2.0,Appartement,42.0,1.0
1623059,28/08/2020,Vente,"77000,00",33.0,RUE,6010,MARTIN PELLER,51100.0,REIMS,51,454,HX,545,2,2.0,Appartement,33.0,1.0
1623061,01/09/2020,Vente,"80000,00",11.0,RUE,1270,BRULART,51100.0,REIMS,51,454,CZ,417,1,2.0,Appartement,35.0,2.0
1623062,07/09/2020,Vente,"70000,00",22.0,RUE,4700,DE L ISLE,51100.0,REIMS,51,454,CX,106,2,2.0,Appartement,51.0,2.0
1623064,04/09/2020,Vente,"306000,00",8.0,RUE,1400,CAQUE,51100.0,REIMS,51,454,IM,363,2,2.0,Appartement,108.0,4.0
1623066,04/09/2020,Vente,"170000,00",41.0,RUE,4890,JEAN JACQUES ROUSSEAU,51100.0,REIMS,51,454,BE,46,1,2.0,Appartement,41.0,2.0
1623071,11/09/2020,Vente,"169400,00",62.0,RUE,4740,JACQUART,51100.0,REIMS,51,454,BI,813,1,2.0,Appartement,61.0,2.0
1623073,01/09/2020,Vente,"71000,00",45.0,RUE,4880,JEAN DE LA FONTAINE,51100.0,REIMS,51,454,CV,428,3,2.0,Appartement,37.0,2.0
1623074,02/09/2020,Vente,"135000,00",55.0,RUE,1360,CAMILLE LENOIR,51100.0,REIMS,51,454,BH,62,2,2.0,Appartement,65.0,3.0
1623075,04/09/2020,Vente,"231390,00",12.0,RUE,7090,PLUMET FOLLIART,51100.0,REIMS,51,454,AV,753,2,2.0,Appartement,94.0,3.0
1623078,28/08/2020,Vente,"84500,00",13.0,RUE,7015,PIERRE DE COUBERTIN,51100.0,REIMS,51,454,AE,110,2,2.0,Appartement,71.0,3.0
1623088,24/08/2020,Vente,"205608,00",189.0,AV,5300,DE LAON,51100.0,REIMS,51,454,AV,1061,0,2.0,Appartement,22.0,1.0
1623089,24/08/2020,Vente,"205608,00",189.0,AV,5300,DE LAON,51100.0,REIMS,51,454,AV,1061,0,2.0,Appartement,19.0,1.0
1623090,24/08/2020,Vente,"205608,00",189.0,AV,5300,DE LAON,51100.0,REIMS,51,454,AV,1061,0,2.0,Appartement,32.0,1.0
1623091,24/08/2020,Vente,"205608,00",189.0,AV,5300,DE LAON,51100.0,REIMS,51,454,AV,1061,0,2.0,Appartement,38.0,1.0
1623092,29/01/2020,Vente,"250000,00",60.0,RUE,1670,DU CHAMP DE MARS,51100.0,REIMS,51,454,BI,587,1,2.0,Appartement,28.0,1.0
1623093,29/01/2020,Vente,"250000,00",60.0,RUE,1670,DU CHAMP DE MARS,51100.0,REIMS,51,454,BI,587,1,2.0,Appartement,45.0,2.0
1623094,29/01/2020,Vente,"250000,00",60.0,RUE,1670,DU CHAMP DE MARS,51100.0,REIMS,51,454,BI,587,1,2.0,Appartement,45.0,2.0
1623095,29/01/2020,Vente,"250000,00",60.0,RUE,1670,DU CHAMP DE MARS,51100.0,REIMS,51,454,BI,587,1,2.0,Appartement,28.0,1.0
1623096,28/08/2020,Vente,"78300,00",3.0,RUE,8260,SCULPTEURS JACQUES,51100.0,REIMS,51,454,HW,278,1,2.0,Appartement,55.0,3.0
1623098,03/09/2020,Vente,"152500,00",5.0,ESP,7433,REMI PELLOT,51100.0,REIMS,51,454,AN,169,1,2.0,Appartement,85.0,4.0
1623108,03/09/2020,Vente,"160000,00",61.0,BD,1510,CARTERET,51100.0,REIMS,51,454,CW,633,2,2.0,Appartement,74.0,3.0
1623110,03/09/2020,Vente,"94000,00",81.0,RUE,6470,DE NEUFCHATEL,51100.0,REIMS,51,454,AM,723,1,2.0,Appartement,55.0,2.0
1623113,01/09/2020,Vente,"168000,00",5.0,RUE,0845,BERTRAND DE MUN,51100.0,REIMS,51,454,CM,116,2,2.0,Appartement,90.0,4.0
1623116,08/09/2020,Vente,"139000,00",47.0,RUE,8270,DE SEBASTOPOL,51100.0,REIMS,51,454,BI,82,1,2.0,Appartement,45.0,2.0
1623123,24/08/2020,Vente,"115000,00",65.0,RUE,0600,DU BARBATRE,51100.0,REIMS,51,454,CY,194,2,2.0,Appartement,35.0,1.0
1623124,08/09/2020,Vente,"113500,00",12.0,RUE,0820,DE BERRU,51100.0,REIMS,51,454,CW,334,1,2.0,Appartement,46.0,3.0
1623129,28/08/2020,Vente,"107200,00",8.0,RUE,3987,GEORGES BERNANOS,51100.0,REIMS,51,454,HV,978,2,2.0,Appartement,76.0,4.0
1623136,21/08/2020,Vente,"232000,00",46.0,RUE,6178,MIGUEL DE CERVANTES,51100.0,REIMS,51,454,EX,121,1,2.0,Appartement,113.0,5.0
1623138,01/09/2020,Vente,"200000,00",6.0,BD,9080,VICTOR LAMBERT,51100.0,REIMS,51,454,CZ,659,1,2.0,Appartement,142.0,1.0
1623139,03/09/2020,Vente,"86000,00",10.0,RUE,6160,DE METZ,51100.0,REIMS,51,454,CV,511,1,2.0,Appartement,55.0,3.0
1623145,19/08/2020,Vente,"63800,00",56.0,RUE,5920,M CLEMENCE FOURIAUX,51100.0,REIMS,51,454,AV,290,1,2.0,Appartement,22.0,1.0
1623155,08/09/2020,Vente,"150000,00",7.0,RUE,6760,PAUL ADAM,51100.0,REIMS,51,454,IK,1428,2,2.0,Appartement,80.0,3.0
1623158,08/09/2020,Vente,"125000,00",13.0,RUE,5080,JULES GUESDE,51100.0,REIMS,51,454,HX,36,1,2.0,Appartement,68.0,3.0
1623159,07/09/2020,Vente,"56000,00",10.0,RUE,7790,DE ST BRICE,51100.0,REIMS,51,454,AT,180,1,2.0,Appartement,14.0,1.0
1623163,25/08/2020,Vente,"175000,00",4.0,RUE,0846,RUE BERTRAND DE VOGUE,51100.0,REIMS,51,454,DK,238,1,2.0,Appartement,108.0,5.0
1623174,31/07/2020,Vente,"198000,00",8.0,RUE,7640,ROSSET,51100.0,REIMS,51,454,AM,890,1,2.0,Appartement,80.0,4.0
1623182,27/08/2020,Vente,"465000,00",2.0,RUE,7890,ST JEAN CESAREE,51100.0,REIMS,51,454,CZ,70,0,2.0,Appartement,120.0,5.0
1623183,24/08/2020,Vente,"170000,00",4.0,RUE,7790,DE ST BRICE,51100.0,REIMS,51,454,AT,522,1,2.0,Appartement,71.0,3.0
1623185,25/08/2020,Vente,"72000,00",6.0,RUE,6270,MONTOISON,51100.0,REIMS,51,454,CX,163,2,2.0,Appartement,24.0,1.0
1623191,09/09/2020,Vente,"64000,00",62.0,RUE,4770,DU JARD,51100.0,REIMS,51,454,IK,1324,1,2.0,Appartement,30.0,1.0
1623193,31/08/2020,Vente,"121000,00",13.0,RUE,2760,DESBUREAUX,51100.0,REIMS,51,454,AL,419,2,2.0,Appartement,79.0,4.0
1623194,28/08/2020,Vente,"101500,00",1.0,RUE,4906,JEAN LE LOUP,51100.0,REIMS,51,454,IK,1348,1,2.0,Appartement,66.0,3.0
1623205,28/08/2020,Vente,"215550,00",88.0,RUE,6330,DES MOULINS,51100.0,REIMS,51,454,CY,619,1,2.0,Appartement,86.0,4.0
1623210,05/09/2020,Vente,"134000,00",1.0,BD,9070,VICTOR HUGO,51100.0,REIMS,51,454,CZ,450,2,2.0,Appartement,65.0,4.0
1623217,24/08/2020,Vente,"162000,00",7.0,RUE,8580,DES TEMPLIERS,51100.0,REIMS,51,454,BH,346,1,2.0,Appartement,87.0,2.0
1623219,03/09/2020,Vente,"433400,00",17.0,RUE,0410,DE L ARQUEBUSE,51100.0,REIMS,51,454,IM,304,1,2.0,Appartement,110.0,4.0
1623222,07/09/2020,Vente,"127010,00",52.0,RUE,7040,PIERRET,51100.0,REIMS,51,454,AW,126,3,2.0,Appartement,33.0,2.0
1623233,03/09/2020,Vente,"184000,00",5.0,AV,4010,GEORGES CLEMENCEAU,51100.0,REIMS,51,454,CK,29,2,2.0,Appartement,70.0,4.0
1623253,26/08/2020,Vente,"145600,00",8.0,RUE,0550,BACQUENOIS,51100.0,REIMS,51,454,IM,277,3,2.0,Appartement,43.0,2.0
1623256,11/09/2020,Vente,"101000,00",18.0,RUE,7340,DU PROGRES,51100.0,REIMS,51,454,AO,335,1,2.0,Appartement,63.0,3.0
1623263,31/08/2020,Vente,"199000,00",58.0,AV,3320,D EPERNAY,51100.0,REIMS,51,454,HW,50,2,2.0,Appartement,117.0,5.0
1623274,31/08/2020,Vente,"87000,00",51.0,RUE,8430,DE STRASBOURG,51100.0,REIMS,51,454,CV,559,1,2.0,Appartement,40.0,2.0
1623281,07/09/2020,Vente,"141500,00",9.0,RUE,0845,BERTRAND DE MUN,51100.0,REIMS,51,454,CM,116,2,2.0,Appartement,90.0,4.0
1623282,09/09/2020,Vente,"89000,00",4.0,RUE,0254,ANDRE FAIVRE,51100.0,REIMS,51,454,KP,30,1,2.0,Appartement,55.0,2.0
1623289,16/09/2020,Vente,"74000,00",26.0,RUE,2790,DEVILLE,51100.0,REIMS,51,454,AV,89,1,2.0,Appartement,29.0,1.0
1623290,12/09/2020,Vente,"125000,00",118.0,RUE,3850,GAMBETTA,51100.0,REIMS,51,454,DM,632,2,2.0,Appartement,49.0,2.0
1623296,27/08/2020,Vente,"211000,00",3.0,RUE,8290,16E ET 22E DRAGONS,51100.0,REIMS,51,454,CK,17,2,2.0,Appartement,85.0,4.0
1623303,07/09/2020,Vente,"143000,00",15.0,RUE,8320,DE SILLERY,51100.0,REIMS,51,454,CK,233,1,2.0,Appartement,56.0,3.0
1623313,14/09/2020,Vente,"127400,00",29.0,RUE,2780,DES 2 CITES,51100.0,REIMS,51,454,AL,381,0,2.0,Appartement,115.0,4.0
1623327,14/09/2020,Vente,"155000,00",93.0,RUE,2070,CLOVIS,51100.0,REIMS,51,454,IK,414,4,2.0,Appartement,76.0,5.0
1623331,06/08/2020,Vente,"332200,00",76.0,BD,5680,LUNDY,51100.0,REIMS,51,454,BE,1,2,2.0,Appartement,99.0,4.0
1623339,10/09/2020,Vente,"168000,00",5.0,RUE,8720,TOURNEBONNEAU,51100.0,REIMS,51,454,DM,628,1,2.0,Appartement,73.0,4.0
1623357,16/09/2020,Vente,"152000,00",4.0,RUE,4620,HOUZEAU MUIRON,51100.0,REIMS,51,454,CK,125,2,2.0,Appartement,57.0,2.0
1623365,04/09/2020,Vente,"78000,00",62.0,RUE,4770,DU JARD,51100.0,REIMS,51,454,IK,1324,1,2.0,Appartement,35.0,2.0
1623371,08/09/2020,Vente,"89000,00",155.0,AV,4900,JEAN JAURES,51100.0,REIMS,51,454,BI,138,2,2.0,Appartement,27.0,2.0
1623379,02/09/2020,Vente,"80000,00",27.0,BD,6690,DE LA PAIX,51100.0,REIMS,51,454,CK,128,2,2.0,Appartement,33.0,1.0
1623383,25/08/2020,Vente,"272500,00",1.0,IMP,5470,DU LEVANT,51100.0,REIMS,51,454,CX,617,2,2.0,Appartement,98.0,5.0
1623387,17/09/2020,Vente,"169000,00",4.0,RUE,4270,DE LA GRUE,51100.0,REIMS,51,454,CX,39,1,2.0,Appartement,41.0,2.0
1623393,07/09/2020,Vente,"123000,00",52.0,BD,7290,PRESIDENT WILSON,51100.0,REIMS,51,454,DP,516,2,2.0,Appartement,64.0,2.0
1623395,10/09/2020,Vente,"98000,00",2.0,RUE,8605,THEOPHILE GAUTIER,51100.0,REIMS,51,454,AD,829,2,2.0,Appartement,73.0,4.0
1623402,18/09/2020,Vente,"116200,00",7.0,BD,1510,CARTERET,51100.0,REIMS,51,454,CV,845,1,2.0,Appartement,38.0,3.0
1623419,11/09/2020,Vente,"120000,00",38.0,RUE,0550,BACQUENOIS,51100.0,REIMS,51,454,IM,290,2,2.0,Appartement,51.0,3.0
1623420,07/09/2020,Vente,"132000,00",2.0,IMP,6840,PAULIN PARIS,51100.0,REIMS,51,454,AW,235,2,2.0,Appartement,57.0,4.0
1623430,07/09/2020,Vente,"120000,00",217.0,RUE,0600,DU BARBATRE,51100.0,REIMS,51,454,CZ,603,2,2.0,Appartement,48.0,2.0
1623431,04/09/2020,Vente,"96000,00",98.0,RUE,7160,PONSARDIN,51100.0,REIMS,51,454,CY,618,1,2.0,Appartement,32.0,1.0
1623434,10/09/2020,Vente,"136000,00",2.0,ESP,7433,REMI PELLOT,51100.0,REIMS,51,454,AN,169,1,2.0,Appartement,75.0,3.0
1623436,25/08/2020,Vente,"245000,00",23.0,RUE,4620,HOUZEAU MUIRON,51100.0,REIMS,51,454,CW,516,1,2.0,Appartement,71.0,3.0
1623444,11/09/2020,Vente,"92200,00",38.0,RUE,0550,BACQUENOIS,51100.0,REIMS,51,454,IM,290,3,2.0,Appartement,30.0,2.0
1623447,04/09/2020,Vente,"55000,00",43.0,RUE,3000,DOCTEUR THOMAS,51100.0,REIMS,51,454,AW,210,1,2.0,Appartement,25.0,1.0
1623492,09/09/2020,Vente,"115000,00",3.0,RUE,5270,LANDOUZY,51100.0,REIMS,51,454,AW,485,2,2.0,Appartement,68.0,3.0
1623496,02/09/2020,Vente,"118000,00",38.0,RUE,9090,VICTOR ROGELET,51100.0,REIMS,51,454,AW,555,1,2.0,Appartement,45.0,2.0
1623498,15/09/2020,Vente,"194000,00",196.0,AV,4900,JEAN JAURES,51100.0,REIMS,51,454,CV,53,1,2.0,Appartement,126.0,3.0
1623501,16/09/2020,Vente,"60500,00",86.0,RUE,7010,PIERRE BROSSOLETTE,51100.0,REIMS,51,454,AV,538,2,2.0,Appartement,30.0,1.0
1623511,05/09/2020,Vente,"72000,00",3.0,RUE,5785,MAGELLAN,51100.0,REIMS,51,454,EV,589,2,2.0,Appartement,60.0,3.0
1623515,15/09/2020,Vente,"80000,00",2.0,RUE,0254,ANDRE FAIVRE,51100.0,REIMS,51,454,KP,30,1,2.0,Appartement,55.0,2.0
1623517,23/09/2020,Vente,"195400,00",20.0,RUE,4810,DES JARDINS,51100.0,REIMS,51,454,AS,356,1,2.0,Appartement,89.0,4.0
1623522,31/08/2020,Vente,"128500,00",51.0,RUE,4190,DU GRAND CERF,51100.0,REIMS,51,454,CZ,301,2,2.0,Appartement,52.0,3.0
1623527,25/09/2020,Vente,"121000,00",88.0,RUE,3850,GAMBETTA,51100.0,REIMS,51,454,CY,331,2,2.0,Appartement,52.0,2.0
1623528,21/09/2020,Vente,"115000,00",2.0,RUE,2985,DU DR RENE JACQUINET,51100.0,REIMS,51,454,CZ,54,1,2.0,Appartement,43.0,2.0
1623531,10/09/2020,Vente,"109000,00",40.0,RUE,5090,JULES GUICHARD,51100.0,REIMS,51,454,AV,681,1,2.0,Appartement,73.0,4.0
1623534,11/09/2020,Vente,"39000,00",54.0,BD,7290,PRESIDENT WILSON,51100.0,REIMS,51,454,DP,516,1,2.0,Appartement,18.0,1.0
1623535,10/09/2020,Vente,"165000,00",21.0,RUE,3390,DE L ETAPE,51100.0,REIMS,51,454,IL,623,1,2.0,Appartement,57.0,3.0
1623549,22/09/2020,Vente,"100000,00",20.0,BD,5570,LOUIS BARTHOU,51100.0,REIMS,51,454,DT,671,2,2.0,Appartement,56.0,3.0
1623552,25/09/2020,Vente,"149000,00",11.0,RUE,4936,JEAN D ORBAIS,51100.0,REIMS,51,454,IK,1348,2,2.0,Appartement,80.0,4.0
1623590,16/09/2020,Vente,"123000,00",6.0,ALL,7615,RONSARD,51100.0,REIMS,51,454,DK,184,1,2.0,Appartement,106.0,6.0
1623594,11/09/2020,Vente,"127500,00",8.0,ALL,3165,EDOUARD DEKETELAERE,51100.0,REIMS,51,454,AN,668,2,2.0,Appartement,66.0,4.0
1623601,25/08/2020,Vente,"4100000,00",13.0,RUE,8640,DE THILLOIS,51100.0,REIMS,51,454,IM,477,0,2.0,Appartement,97.0,4.0
1623602,25/08/2020,Vente,"4100000,00",13.0,RUE,8640,DE THILLOIS,51100.0,REIMS,51,454,IM,477,0,2.0,Appartement,37.0,2.0
1623604,25/08/2020,Vente,"4100000,00",13.0,RUE,8640,DE THILLOIS,51100.0,REIMS,51,454,IM,477,0,2.0,Appartement,44.0,2.0
1623605,25/08/2020,Vente,"4100000,00",13.0,RUE,8640,DE THILLOIS,51100.0,REIMS,51,454,IM,477,0,2.0,Appartement,97.0,4.0
1623610,16/09/2020,Vente,"97500,00",251.0,RUE,2440,DE COURLANCY,51100.0,REIMS,51,454,DN,548,2,2.0,Appartement,40.0,3.0
1623611,14/09/2020,Vente,"63000,00",91.0,RUE,3500,FAVART D HERBIGNY,51100.0,REIMS,51,454,CV,756,1,2.0,Appartement,43.0,3.0
1623612,10/09/2020,Vente,"112000,00",100.0,AV,4010,GEORGES CLEMENCEAU,51100.0,REIMS,51,454,CL,875,2,2.0,Appartement,45.0,2.0
1623614,21/09/2020,Vente en l'état futur d'achèvement,"264375,00",35.0,RUE,6920,PETIT DELBOURG,51100.0,REIMS,51,454,CL,579,1,2.0,Appartement,68.0,3.0
1623619,14/09/2020,Vente,"65000,00",57.0,RUE,2630,DANTON,51100.0,REIMS,51,454,AX,577,1,2.0,Appartement,52.0,1.0
1623621,14/09/2020,Vente,"65000,00",57.0,RUE,2630,DANTON,51100.0,REIMS,51,454,AX,577,1,2.0,Appartement,21.0,1.0
1623626,04/09/2020,Vente,"160000,00",30.0,RUE,6720,DE PARGNY,51100.0,REIMS,51,454,HW,373,3,2.0,Appartement,73.0,3.0
1623630,16/09/2020,Vente en l'état futur d'achèvement,"146780,00",,RUE,4220,GRANDVAL,51100.0,REIMS,51,454,CL,1000,1,2.0,Appartement,44.0,2.0
1623634,10/09/2020,Vente,"84600,00",10.0,RUE,7015,PIERRE DE COUBERTIN,51100.0,REIMS,51,454,AE,292,1,2.0,Appartement,72.0,4.0
1623638,21/09/2020,Vente,"426000,00",85.0,RUE,6230,DU MONT D ARENE,51100.0,REIMS,51,454,AT,9,1,2.0,Appartement,100.0,5.0
1623639,21/09/2020,Vente,"150000,00",166.0,RUE,9040,DE VESLE,51100.0,REIMS,51,454,IM,243,2,2.0,Appartement,42.0,2.0
1623643,21/09/2020,Vente,"159500,00",301.0,AV,5300,DE LAON,51100.0,REIMS,51,454,AN,711,1,2.0,Appartement,89.0,4.0
1623647,15/09/2020,Vente,"50000,00",21.0,AV,4455,HENRI FARMAN,51100.0,REIMS,51,454,DH,90,1,2.0,Appartement,17.0,1.0
1623650,25/09/2020,Vente,"279000,00",20.0,RUE,1550,CERES,51100.0,REIMS,51,454,CX,45,2,2.0,Appartement,80.0,4.0
1623652,18/09/2020,Vente,"103000,00",1.0,ALL,7615,RONSARD,51100.0,REIMS,51,454,DK,184,2,2.0,Appartement,50.0,2.0
1623655,11/09/2020,Vente,"86900,00",36.0,RUE,5090,JULES GUICHARD,51100.0,REIMS,51,454,AV,185,1,2.0,Appartement,22.0,1.0
1623656,11/09/2020,Vente,"86900,00",36.0,RUE,5090,JULES GUICHARD,51100.0,REIMS,51,454,AV,185,1,2.0,Appartement,25.0,1.0
1623657,08/09/2020,Vente,"75000,00",4.0,PL,7016,PIERRE DE FERMAT,51100.0,REIMS,51,454,AE,117,2,2.0,Appartement,70.0,4.0
1623663,29/09/2020,Vente,"148000,00",12.0,RUE,3680,FORTEL,51100.0,REIMS,51,454,AR,470,2,2.0,Appartement,78.0,4.0
1623667,16/09/2020,Vente,"164200,00",18.0,RUE,4040,GERBAULT,51100.0,REIMS,51,454,CV,770,2,2.0,Appartement,56.0,3.0
1623678,18/09/2020,Vente,"90500,00",7.0,RUE,5435,LEONE LALIRE,51100.0,REIMS,51,454,CY,752,1,2.0,Appartement,43.0,1.0
1623679,08/09/2020,Vente,"134000,00",11.0,RUE,4450,HENRI DELACROIX,51100.0,REIMS,51,454,IK,780,1,2.0,Appartement,45.0,2.0
1623685,09/09/2020,Vente,"120000,00",6.0,RUE,2192,COMMANDANT ARNAUD,51100.0,REIMS,51,454,AL,402,2,2.0,Appartement,79.0,4.0
1623688,07/09/2020,Vente,"79250,00",15.0,RUE,4910,JEAN MACE,51100.0,REIMS,51,454,AX,87,5,2.0,Appartement,47.0,3.0
1623689,23/09/2020,Vente,"65000,00",21.0,RUE,1880,CHAVAILLIAUD,51100.0,REIMS,51,454,CV,719,1,2.0,Appartement,26.0,1.0
1623690,23/09/2020,Vente,"196000,00",13.0,RUE,1730,CHANTERAINE,51100.0,REIMS,51,454,DM,634,2,2.0,Appartement,103.0,6.0
1623693,11/09/2020,Vente,"34500,00",23.0,RUE,3090,DURUY,51100.0,REIMS,51,454,AX,308,1,2.0,Appartement,16.0,1.0
1623709,09/09/2020,Vente,"200000,00",8.0,RUE,3100,DE L ECAILLE,51100.0,REIMS,51,454,DM,629,2,2.0,Appartement,105.0,5.0
1623711,16/09/2020,Vente,"129000,00",7.0,RUE,7800,SAINT BRUNO,51100.0,REIMS,51,454,CV,353,0,2.0,Appartement,22.0,1.0
1623712,16/09/2020,Vente,"129000,00",7.0,RUE,7800,SAINT BRUNO,51100.0,REIMS,51,454,CV,353,0,2.0,Appartement,20.0,1.0
1623713,16/09/2020,Vente,"129000,00",7.0,RUE,7800,SAINT BRUNO,51100.0,REIMS,51,454,CV,353,0,2.0,Appartement,23.0,1.0
1623723,16/09/2020,Vente,"65000,00",36.0,RUE,2840,DIEU LUMIERE,51100.0,REIMS,51,454,DM,643,2,2.0,Appartement,42.0,2.0
1623725,17/09/2020,Vente,"133000,00",22.0,RUE,3048,DUMONT D URVILLE,51100.0,REIMS,51,454,ET,199,2,2.0,Appartement,87.0,4.0
1623729,14/09/2020,Vente,"130000,00",24.0,RUE,3340,DE L EQUERRE,51100.0,REIMS,51,454,CY,648,1,2.0,Appartement,63.0,2.0
1623732,05/09/2020,Vente,"129087,00",11.0,RUE,8670,DE TINQUEUX,51100.0,REIMS,51,454,IO,390,2,2.0,Appartement,106.0,5.0
1623735,14/09/2020,Vente,"374700,00",9.0,RUE,7400,RAYMOND GUYOT,51100.0,REIMS,51,454,BH,529,2,2.0,Appartement,218.0,4.0
1623741,15/09/2020,Vente,"78250,00",33.0,RUE,3500,FAVART D HERBIGNY,51100.0,REIMS,51,454,CV,895,2,2.0,Appartement,37.0,2.0
1623742,05/09/2020,Vente,"114000,00",3.0,RUE,2760,DESBUREAUX,51100.0,REIMS,51,454,AL,402,2,2.0,Appartement,71.0,3.0
1623744,30/09/2020,Vente,"210000,00",75.0,BD,6790,PAUL DOUMER,51100.0,REIMS,51,454,IK,335,2,2.0,Appartement,102.0,4.0
1623750,04/09/2020,Vente,"170000,00",11.0,RUE,7370,RAINSSANT,51100.0,REIMS,51,454,IN,36,1,2.0,Appartement,65.0,3.0
1623751,03/09/2020,Vente,"75000,00",1.0,RUE,8290,16E ET 22E DRAGONS,51100.0,REIMS,51,454,CK,17,1,2.0,Appartement,31.0,1.0
1623758,25/09/2020,Vente en l'état futur d'achèvement,"147350,00",52.0,RUE,5400,LEON FAUCHER,51100.0,REIMS,51,454,BC,269,1,2.0,Appartement,42.0,2.0
1623763,24/09/2020,Vente en l'état futur d'achèvement,"260681,00",33.0,RUE,6920,PETIT DELBOURG,51100.0,REIMS,51,454,CL,579,1,2.0,Appartement,72.0,3.0
1623766,24/09/2020,Vente,"114000,00",10.0,RUE,4120,GOIOT,51100.0,REIMS,51,454,CZ,695,1,2.0,Appartement,98.0,1.0
1623820,18/09/2020,Vente,"73000,00",35.0,RUE,7150,DE LA POMPELLE,51100.0,REIMS,51,454,CL,727,1,2.0,Appartement,31.0,1.0
1623821,18/09/2020,Vente,"59500,00",41.0,RUE,1670,DU CHAMP DE MARS,51100.0,REIMS,51,454,BI,20,1,2.0,Appartement,16.0,1.0
1623854,21/09/2020,Vente,"85000,00",30.0,RUE,5920,M CLEMENCE FOURIAUX,51100.0,REIMS,51,454,AV,353,2,2.0,Appartement,32.0,2.0
1623860,10/09/2020,Vente,"60000,00",39.0,AV,4455,HENRI FARMAN,51100.0,REIMS,51,454,EK,6,1,2.0,Appartement,18.0,1.0
1623862,17/09/2020,Vente,"123000,00",33.0,CHS,7970,SAINT MARTIN,51100.0,REIMS,51,454,DN,217,2,2.0,Appartement,68.0,4.0
1623866,18/09/2020,Vente,"390750,00",81.0,RUE,5490,LIBERGIER,51100.0,REIMS,51,454,IK,763,4,2.0,Appartement,87.0,3.0
1623874,18/09/2020,Vente,"43500,00",14.0,RUE,5650,DE LOUVOIS,51100.0,REIMS,51,454,DV,672,1,2.0,Appartement,19.0,1.0
1623876,21/09/2020,Vente,"135000,00",18.0,RUE,7340,DU PROGRES,51100.0,REIMS,51,454,AO,335,1,2.0,Appartement,63.0,3.0
1623882,18/09/2020,Vente,"100000,00",82.0,RUE,6330,DES MOULINS,51100.0,REIMS,51,454,CY,617,2,2.0,Appartement,43.0,2.0
1623884,21/09/2020,Vente,"319000,00",7.0,CRS,4850,J B LANGLET,51100.0,REIMS,51,454,IL,112,2,2.0,Appartement,81.0,4.0
1623906,28/09/2020,Vente,"295000,00",3.0,RUE,7330,DE LA PROCESSION,51100.0,REIMS,51,454,CI,135,1,2.0,Appartement,73.0,3.0
1623913,24/09/2020,Vente,"120000,00",29.0,RUE,5420,LEON MATHIEU,51100.0,REIMS,51,454,HW,43,2,2.0,Appartement,65.0,3.0
1623915,18/09/2020,Vente,"50000,00",67.0,RUE,3000,DOCTEUR THOMAS,51100.0,REIMS,51,454,AW,218,2,2.0,Appartement,24.0,1.0
1623916,30/09/2020,Vente,"195500,00",22.0,RUE,5460,LESAGE,51100.0,REIMS,51,454,AW,239,1,2.0,Appartement,67.0,4.0
1623917,23/01/2020,Adjudication,"315000,00",17.0,RUE,7021,PIERRE MAITRE,51100.0,REIMS,51,454,AP,41,0,2.0,Appartement,43.0,2.0
1623918,23/01/2020,Adjudication,"315000,00",17.0,RUE,7021,PIERRE MAITRE,51100.0,REIMS,51,454,AP,41,0,2.0,Appartement,43.0,2.0
1623919,23/01/2020,Adjudication,"315000,00",17.0,RUE,7021,PIERRE MAITRE,51100.0,REIMS,51,454,AP,41,0,2.0,Appartement,32.0,2.0
1623920,23/01/2020,Adjudication,"315000,00",17.0,RUE,7021,PIERRE MAITRE,51100.0,REIMS,51,454,AP,41,0,2.0,Appartement,35.0,2.0
1623922,23/01/2020,Adjudication,"315000,00",17.0,RUE,7021,PIERRE MAITRE,51100.0,REIMS,51,454,AP,41,0,2.0,Appartement,43.0,2.0
1623923,23/01/2020,Adjudication,"315000,00",17.0,RUE,7021,PIERRE MAITRE,51100.0,REIMS,51,454,AP,41,0,2.0,Appartement,70.0,3.0
1623928,30/09/2020,Vente,"50000,00",4.0,RUE,0630,DU BASTION,51100.0,REIMS,51,454,CW,268,2,2.0,Appartement,28.0,1.0
1623929,09/09/2020,Vente,"105000,00",55.0,RUE,1360,CAMILLE LENOIR,51100.0,REIMS,51,454,BH,62,2,2.0,Appartement,55.0,2.0
1623934,22/09/2020,Vente,"90500,00",55.0,RUE,7010,PIERRE BROSSOLETTE,51100.0,REIMS,51,454,AR,185,2,2.0,Appartement,68.0,2.0
1623937,28/09/2020,Vente,"119500,00",138.0,AV,4900,JEAN JAURES,51100.0,REIMS,51,454,CV,911,2,2.0,Appartement,61.0,3.0
1623938,11/09/2020,Vente,"105000,00",55.0,RUE,1360,CAMILLE LENOIR,51100.0,REIMS,51,454,BH,62,3,2.0,Appartement,56.0,3.0
1623949,18/09/2020,Vente,"157000,00",21.0,AV,3320,D EPERNAY,51100.0,REIMS,51,454,DP,460,2,2.0,Appartement,90.0,4.0
1623950,21/09/2020,Vente,"291200,00",1.0,RUE,3210,DES ELUS,51100.0,REIMS,51,454,IL,485,1,2.0,Appartement,95.0,3.0
1623955,22/09/2020,Vente,"88000,00",4.0,RUE,0254,ANDRE FAIVRE,51100.0,REIMS,51,454,KP,30,1,2.0,Appartement,52.0,2.0
1623957,24/09/2020,Vente,"69000,00",333.0,AV,5300,DE LAON,51100.0,REIMS,51,454,AN,548,1,2.0,Appartement,52.0,2.0
1623962,22/09/2020,Vente,"175000,00",23.0,RUE,4620,HOUZEAU MUIRON,51100.0,REIMS,51,454,CW,516,1,2.0,Appartement,46.0,2.0
1623964,29/09/2020,Vente,"81000,00",12.0,RUE,1590,DE CERNAY,51100.0,REIMS,51,454,CW,69,1,2.0,Appartement,33.0,2.0
1623965,24/09/2020,Vente,"154700,00",160.0,RUE,0600,DU BARBATRE,51100.0,REIMS,51,454,CZ,277,1,2.0,Appartement,74.0,4.0
1623966,15/09/2020,Vente,"84000,00",84.0,RUE,7010,PIERRE BROSSOLETTE,51100.0,REIMS,51,454,AV,1028,1,2.0,Appartement,32.0,1.0
1623976,21/09/2020,Vente,"141000,00",192.0,AV,4900,JEAN JAURES,51100.0,REIMS,51,454,CV,55,2,2.0,Appartement,65.0,2.0
1623977,25/09/2020,Vente,"85000,00",65.0,RUE,0600,DU BARBATRE,51100.0,REIMS,51,454,CY,194,2,2.0,Appartement,45.0,2.0
1623981,21/09/2020,Vente,"100000,00",23.0,RUE,2170,DU COLONEL FABIEN,51100.0,REIMS,51,454,HZ,89,1,2.0,Appartement,38.0,1.0
1623986,05/10/2020,Vente,"111000,00",28.0,RUE,1390,DES CAPUCINS,51100.0,REIMS,51,454,IK,878,4,2.0,Appartement,36.0,1.0
1624032,11/09/2020,Vente,"115500,00",31.0,RUE,0600,DU BARBATRE,51100.0,REIMS,51,454,CY,214,2,2.0,Appartement,45.0,2.0
1624033,23/09/2020,Vente,"63000,00",80.0,RUE,6330,DES MOULINS,51100.0,REIMS,51,454,CY,617,2,2.0,Appartement,28.0,1.0
1624040,30/09/2020,Vente,"38000,00",147.0,RUE,0600,DU BARBATRE,51100.0,REIMS,51,454,CZ,400,1,2.0,Appartement,19.0,1.0
1624041,10/09/2020,Vente,"103000,00",59.0,RUE,2070,CLOVIS,51100.0,REIMS,51,454,IK,1368,2,2.0,Appartement,60.0,1.0
1624043,25/09/2020,Vente,"120000,00",1.0,RUE,8290,16E ET 22E DRAGONS,51100.0,REIMS,51,454,CK,17,1,2.0,Appartement,58.0,2.0
1624048,30/09/2020,Vente,"134800,00",76.0,RUE,8950,DE VENISE,51100.0,REIMS,51,454,IK,329,2,2.0,Appartement,54.0,2.0
1624061,23/09/2020,Vente,"187000,00",56.0,RUE,7710,RUINART DE BRIMONT,51100.0,REIMS,51,454,CW,455,1,2.0,Appartement,56.0,2.0
1624068,30/09/2020,Vente,"130950,00",1.0,RUE,1830,CHARLIER,51100.0,REIMS,51,454,BI,241,2,2.0,Appartement,59.0,3.0
1624081,24/09/2020,Vente,"70000,00",171.0,AV,5300,DE LAON,51100.0,REIMS,51,454,AV,40,1,2.0,Appartement,44.0,2.0
1624085,14/09/2020,Vente,"124500,00",10.0,RUE,0790,BENOIST MALOT,51100.0,REIMS,51,454,DV,167,1,2.0,Appartement,67.0,3.0
1624088,01/10/2020,Vente,"167400,00",27.0,BD,6690,DE LA PAIX,51100.0,REIMS,51,454,CK,128,2,2.0,Appartement,53.0,2.0
1624106,29/09/2020,Vente,"365000,00",10.0,RUE,8500,DE TALLEYRAND,51100.0,REIMS,51,454,IL,532,2,2.0,Appartement,117.0,5.0
1624119,14/09/2020,Vente,"199000,00",36.0,RUE,2480,DES COUTURES,51100.0,REIMS,51,454,CI,77,1,2.0,Appartement,59.0,3.0
1624121,02/10/2020,Vente,"310500,00",22.0,RUE,5460,LESAGE,51100.0,REIMS,51,454,AW,239,1,2.0,Appartement,66.0,4.0
1624136,29/09/2020,Vente,"500000,00",46.0,RUE,3210,DES ELUS,51100.0,REIMS,51,454,IL,245,3,2.0,Appartement,136.0,6.0
1624138,23/09/2020,Vente,"78000,00",55.0,RUE,1360,CAMILLE LENOIR,51100.0,REIMS,51,454,BH,62,2,2.0,Appartement,35.0,1.0
1624149,22/09/2020,Vente,"253000,00",4.0,RUE,3550,DES FILLES DIEU,51100.0,REIMS,51,454,CX,250,2,2.0,Appartement,102.0,3.0
1624150,17/09/2020,Vente,"54000,00",41.0,RUE,6880,PERIN,51100.0,REIMS,51,454,AV,854,1,2.0,Appartement,21.0,1.0
1624151,22/09/2020,Vente,"90000,00",13.0,RUE,6270,MONTOISON,51100.0,REIMS,51,454,CX,152,2,2.0,Appartement,30.0,2.0
1624160,22/08/2020,Vente,"158000,00",1.0,RUE,1270,BRULART,51100.0,REIMS,51,454,CZ,411,1,2.0,Appartement,70.0,3.0
1624169,25/09/2020,Vente,"217000,00",2.0,AV,3913,DU GENERAL DE GAULLE,51100.0,REIMS,51,454,HX,547,1,2.0,Appartement,82.0,4.0
1624175,29/09/2020,Vente,"134000,00",1.0,RUE,6740,PASSE DEMOISELLES,51100.0,REIMS,51,454,HX,117,1,2.0,Appartement,71.0,3.0
1624186,25/09/2020,Vente,"136000,00",80.0,RUE,6330,DES MOULINS,51100.0,REIMS,51,454,CY,617,2,2.0,Appartement,50.0,3.0
1624188,28/09/2020,Vente,"205000,00",62.0,RUE,4355,HANNAH ARENDT,51100.0,REIMS,51,454,CR,61,1,2.0,Appartement,84.0,4.0
1624189,28/09/2020,Vente,"141000,00",17.0,ALL,1725,CH NICOLAS ROLAND,51100.0,REIMS,51,454,DM,239,2,2.0,Appartement,69.0,3.0
1624191,28/09/2020,Vente,"139000,00",8.0,ALL,2003,CLAUDE MONET,51100.0,REIMS,51,454,DK,198,1,2.0,Appartement,77.0,4.0
1624193,25/09/2020,Vente,"199370,00",131.0,BD,7140,POMMERY,51100.0,REIMS,51,454,CI,65,2,2.0,Appartement,79.0,3.0
1624202,30/09/2020,Vente,"315000,00",24.0,BD,2800,DIANCOURT,51100.0,REIMS,51,454,DE,25,2,2.0,Appartement,113.0,5.0
1624204,29/09/2020,Vente,"40000,00",74.0,RUE,6230,DU MONT D ARENE,51100.0,REIMS,51,454,AV,391,1,2.0,Appartement,32.0,2.0
1624207,02/10/2020,Vente,"151500,00",57.0,RUE,6830,P VAILLANT COUTURIER,51100.0,REIMS,51,454,AV,49,2,2.0,Appartement,60.0,3.0
1624215,29/09/2020,Vente,"78000,00",23.0,RUE,6830,P VAILLANT COUTURIER,51100.0,REIMS,51,454,AV,223,1,2.0,Appartement,31.0,2.0
1624225,01/10/2020,Vente,"125000,00",65.0,BD,2930,DOCTEUR HENRI HENROT,51100.0,REIMS,51,454,DM,458,2,2.0,Appartement,78.0,4.0
1624226,12/10/2020,Vente,"145000,00",5.0,RUE,7060,PIPER,51100.0,REIMS,51,454,CW,15,2,2.0,Appartement,49.0,2.0
1624238,07/10/2020,Vente,"108000,00",55.0,RUE,1360,CAMILLE LENOIR,51100.0,REIMS,51,454,BH,62,1,2.0,Appartement,62.0,2.0
1624239,08/10/2020,Vente,"181700,00",9.0,RUE,9100,VIELLART,51100.0,REIMS,51,454,CV,1167,1,2.0,Appartement,80.0,3.0
1624245,29/09/2020,Vente,"83900,00",58.0,RUE,2430,DE COURCELLES,51100.0,REIMS,51,454,AR,807,1,2.0,Appartement,38.0,2.0
1624249,30/09/2020,Vente,"4400000,00",17.0,AV,3320,D EPERNAY,51100.0,REIMS,51,454,DP,458,0,2.0,Appartement,67.0,3.0
1624250,30/09/2020,Vente,"4400000,00",17.0,AV,3320,D EPERNAY,51100.0,REIMS,51,454,DP,458,0,2.0,Appartement,54.0,2.0
1624251,30/09/2020,Vente,"4400000,00",17.0,AV,3320,D EPERNAY,51100.0,REIMS,51,454,DP,458,0,2.0,Appartement,71.0,3.0
1624254,30/09/2020,Vente,"4400000,00",17.0,AV,3320,D EPERNAY,51100.0,REIMS,51,454,DP,458,0,2.0,Appartement,54.0,2.0
1624255,30/09/2020,Vente,"4400000,00",17.0,AV,3320,D EPERNAY,51100.0,REIMS,51,454,DP,458,0,2.0,Appartement,54.0,2.0
1624258,30/09/2020,Vente,"4400000,00",17.0,AV,3320,D EPERNAY,51100.0,REIMS,51,454,DP,458,0,2.0,Appartement,99.0,5.0
1624259,30/09/2020,Vente,"4400000,00",17.0,AV,3320,D EPERNAY,51100.0,REIMS,51,454,DP,458,0,2.0,Appartement,71.0,3.0
1624260,30/09/2020,Vente,"4400000,00",17.0,AV,3320,D EPERNAY,51100.0,REIMS,51,454,DP,458,0,2.0,Appartement,82.0,4.0
1624261,30/09/2020,Vente,"4400000,00",17.0,AV,3320,D EPERNAY,51100.0,REIMS,51,454,DP,458,0,2.0,Appartement,54.0,2.0
1624263,30/09/2020,Vente,"4400000,00",17.0,AV,3320,D EPERNAY,51100.0,REIMS,51,454,DP,458,0,2.0,Appartement,99.0,5.0
1624267,30/09/2020,Vente,"4400000,00",17.0,AV,3320,D EPERNAY,51100.0,REIMS,51,454,DP,458,0,2.0,Appartement,99.0,5.0
1624268,30/09/2020,Vente,"4400000,00",17.0,AV,3320,D EPERNAY,51100.0,REIMS,51,454,DP,458,0,2.0,Appartement,71.0,3.0
1624270,30/09/2020,Vente,"4400000,00",17.0,AV,3320,D EPERNAY,51100.0,REIMS,51,454,DP,458,0,2.0,Appartement,54.0,2.0
1624271,30/09/2020,Vente,"4400000,00",17.0,AV,3320,D EPERNAY,51100.0,REIMS,51,454,DP,458,0,2.0,Appartement,82.0,4.0
1624276,30/09/2020,Vente,"4400000,00",17.0,AV,3320,D EPERNAY,51100.0,REIMS,51,454,DP,458,0,2.0,Appartement,85.0,4.0
1624279,30/09/2020,Vente,"4400000,00",17.0,AV,3320,D EPERNAY,51100.0,REIMS,51,454,DP,458,0,2.0,Appartement,54.0,2.0
1624282,30/09/2020,Vente,"4400000,00",17.0,AV,3320,D EPERNAY,51100.0,REIMS,51,454,DP,458,0,2.0,Appartement,71.0,3.0
1624284,30/09/2020,Vente,"4400000,00",17.0,AV,3320,D EPERNAY,51100.0,REIMS,51,454,DP,458,0,2.0,Appartement,67.0,3.0
1624285,30/09/2020,Vente,"4400000,00",17.0,AV,3320,D EPERNAY,51100.0,REIMS,51,454,DP,458,0,2.0,Appartement,54.0,2.0
1624286,30/09/2020,Vente,"4400000,00",17.0,AV,3320,D EPERNAY,51100.0,REIMS,51,454,DP,458,0,2.0,Appartement,99.0,5.0
1624287,30/09/2020,Vente,"4400000,00",17.0,AV,3320,D EPERNAY,51100.0,REIMS,51,454,DP,458,0,2.0,Appartement,67.0,3.0
1624289,30/09/2020,Vente,"4400000,00",17.0,AV,3320,D EPERNAY,51100.0,REIMS,51,454,DP,458,0,2.0,Appartement,82.0,4.0
1624290,30/09/2020,Vente,"4400000,00",17.0,AV,3320,D EPERNAY,51100.0,REIMS,51,454,DP,458,0,2.0,Appartement,99.0,5.0
1624291,30/09/2020,Vente,"4400000,00",17.0,AV,3320,D EPERNAY,51100.0,REIMS,51,454,DP,458,0,2.0,Appartement,37.0,1.0
1624292,30/09/2020,Vente,"4400000,00",17.0,AV,3320,D EPERNAY,51100.0,REIMS,51,454,DP,458,0,2.0,Appartement,71.0,3.0
1624293,30/09/2020,Vente,"4400000,00",17.0,AV,3320,D EPERNAY,51100.0,REIMS,51,454,DP,458,0,2.0,Appartement,85.0,4.0
1624294,30/09/2020,Vente,"4400000,00",17.0,AV,3320,D EPERNAY,51100.0,REIMS,51,454,DP,458,0,2.0,Appartement,99.0,5.0
1624295,30/09/2020,Vente,"4400000,00",17.0,AV,3320,D EPERNAY,51100.0,REIMS,51,454,DP,458,0,2.0,Appartement,54.0,2.0
1624296,30/09/2020,Vente,"4400000,00",17.0,AV,3320,D EPERNAY,51100.0,REIMS,51,454,DP,458,0,2.0,Appartement,99.0,5.0
1624298,30/09/2020,Vente,"4400000,00",17.0,AV,3320,D EPERNAY,51100.0,REIMS,51,454,DP,458,0,2.0,Appartement,99.0,5.0
1624299,30/09/2020,Vente,"4400000,00",17.0,AV,3320,D EPERNAY,51100.0,REIMS,51,454,DP,458,0,2.0,Appartement,85.0,4.0
1624302,30/09/2020,Vente,"4400000,00",17.0,AV,3320,D EPERNAY,51100.0,REIMS,51,454,DP,458,0,2.0,Appartement,82.0,4.0
1624303,30/09/2020,Vente,"4400000,00",17.0,AV,3320,D EPERNAY,51100.0,REIMS,51,454,DP,458,0,2.0,Appartement,71.0,3.0
1624309,30/09/2020,Vente,"4400000,00",17.0,AV,3320,D EPERNAY,51100.0,REIMS,51,454,DP,458,0,2.0,Appartement,49.0,2.0
1624310,30/09/2020,Vente,"4400000,00",17.0,AV,3320,D EPERNAY,51100.0,REIMS,51,454,DP,458,0,2.0,Appartement,85.0,4.0
1624316,30/09/2020,Vente,"4400000,00",17.0,AV,3320,D EPERNAY,51100.0,REIMS,51,454,DP,458,0,2.0,Appartement,67.0,3.0
1624322,30/09/2020,Vente,"4400000,00",17.0,AV,3320,D EPERNAY,51100.0,REIMS,51,454,DP,458,0,2.0,Appartement,49.0,2.0
1624323,30/09/2020,Vente,"4400000,00",17.0,AV,3320,D EPERNAY,51100.0,REIMS,51,454,DP,458,0,2.0,Appartement,57.0,2.0
1624327,30/09/2020,Vente,"4400000,00",17.0,AV,3320,D EPERNAY,51100.0,REIMS,51,454,DP,458,0,2.0,Appartement,54.0,2.0
1624333,02/10/2020,Vente,"81580,00",5.0,RUE,7060,PIPER,51100.0,REIMS,51,454,CW,15,2,2.0,Appartement,26.0,1.0
1624337,16/09/2020,Vente,"98000,00",35.0,RUE,6010,MARTIN PELLER,51100.0,REIMS,51,454,HX,545,2,2.0,Appartement,47.0,2.0
1624338,02/10/2020,Vente,"105000,00",3.0,RUE,2440,DE COURLANCY,51100.0,REIMS,51,454,HX,75,1,2.0,Appartement,53.0,3.0
1624340,30/09/2020,Vente,"60000,00",63.0,RUE,2290,COQUEBERT,51100.0,REIMS,51,454,BI,611,1,2.0,Appartement,22.0,1.0
1624344,01/10/2020,Vente,"184000,00",25.0,RUE,2480,DES COUTURES,51100.0,REIMS,51,454,CI,10,2,2.0,Appartement,105.0,5.0
1624347,01/10/2020,Vente,"80000,00",41.0,RUE,5920,M CLEMENCE FOURIAUX,51100.0,REIMS,51,454,AV,372,2,2.0,Appartement,39.0,2.0
1624357,02/10/2020,Vente,"102000,00",34.0,RUE,0630,DU BASTION,51100.0,REIMS,51,454,CW,277,1,2.0,Appartement,18.0,1.0
1624358,25/09/2020,Vente,"54000,00",163.0,AV,5300,DE LAON,51100.0,REIMS,51,454,AV,142,1,2.0,Appartement,18.0,1.0
1624367,28/09/2020,Vente,"166182,00",62.0,RUE,4355,HANNAH ARENDT,51100.0,REIMS,51,454,CR,61,1,2.0,Appartement,63.0,3.0
1624370,25/09/2020,Vente,"110000,00",31.0,RUE,5920,M CLEMENCE FOURIAUX,51100.0,REIMS,51,454,AT,296,3,2.0,Appartement,43.0,2.0
1624372,08/10/2020,Vente,"96468,00",21.0,RUE,3180,EDOUARD MIGNOT,51100.0,REIMS,51,454,AT,375,1,2.0,Appartement,28.0,1.0
1624385,02/10/2020,Vente,"104000,00",2.0,ALL,3165,EDOUARD DEKETELAERE,51100.0,REIMS,51,454,AN,668,1,2.0,Appartement,66.0,4.0
1624388,28/09/2020,Vente,"173000,00",269.0,RUE,2440,DE COURLANCY,51100.0,REIMS,51,454,DN,194,1,2.0,Appartement,88.0,4.0
1624392,24/09/2020,Vente,"75000,00",4.0,RUE,1270,BRULART,51100.0,REIMS,51,454,CZ,266,3,2.0,Appartement,46.0,2.0
1624406,25/09/2020,Vente,"100000,00",38.0,RUE,6890,PERSEVAL,51100.0,REIMS,51,454,CW,458,2,2.0,Appartement,66.0,3.0
1624412,16/10/2020,Vente,"135000,00",5.0,ESP,7433,REMI PELLOT,51100.0,REIMS,51,454,AN,169,1,2.0,Appartement,72.0,3.0
1624427,21/09/2020,Vente,"180400,00",24.0,RUE,4620,HOUZEAU MUIRON,51100.0,REIMS,51,454,CK,228,2,2.0,Appartement,70.0,2.0
1624453,25/09/2020,Vente,"630150,00",56.0,AV,4900,JEAN JAURES,51100.0,REIMS,51,454,CW,87,1,2.0,Appartement,167.0,7.0
1624461,28/09/2020,Vente,"107000,00",27.0,RUE,4160,DE LA GOULETTE,51100.0,REIMS,51,454,BL,469,2,2.0,Appartement,71.0,3.0
1624462,25/09/2020,Vente,"424000,00",18.0,RUE,4700,DE L ISLE,51100.0,REIMS,51,454,CX,134,3,2.0,Appartement,128.0,4.0
1624469,05/10/2020,Vente,"68000,00",6.0,ALL,2003,CLAUDE MONET,51100.0,REIMS,51,454,DK,198,1,2.0,Appartement,46.0,2.0
1624489,12/10/2020,Vente,"163500,00",16.0,RUE,4035,GERARD PHILIPE,51100.0,REIMS,51,454,CI,67,2,2.0,Appartement,73.0,3.0
1624494,29/09/2020,Vente,"69000,00",65.0,RUE,1590,DE CERNAY,51100.0,REIMS,51,454,CW,346,1,2.0,Appartement,30.0,2.0
1624496,30/09/2020,Vente,"67500,00",29.0,BD,7960,ST MARCEAUX,51100.0,REIMS,51,454,CK,312,1,2.0,Appartement,30.0,1.0
1624498,30/09/2020,Vente,"171200,00",1.0,AV,4010,GEORGES CLEMENCEAU,51100.0,REIMS,51,454,CK,312,1,2.0,Appartement,99.0,4.0
1624500,02/10/2020,Vente,"80000,00",64.0,RUE,3850,GAMBETTA,51100.0,REIMS,51,454,CY,308,1,2.0,Appartement,31.0,1.0
1624523,05/10/2020,Vente,"170500,00",19.0,RUE,3650,FOLLE PEINE,51100.0,REIMS,51,454,CY,737,2,2.0,Appartement,66.0,3.0
1624531,28/09/2020,Vente,"81500,00",5.0,RUE,5895,MARECHAL GALLIENI,51100.0,REIMS,51,454,AH,412,2,2.0,Appartement,58.0,3.0
1624533,01/10/2020,Vente,"148000,00",60.0,RUE,2840,DIEU LUMIERE,51100.0,REIMS,51,454,DM,108,1,2.0,Appartement,59.0,3.0
1624552,05/10/2020,Vente,"80000,00",30.0,RUE,2270,DE CONSTANTINE,51100.0,REIMS,51,454,BL,62,1,2.0,Appartement,57.0,2.0
1624569,09/10/2020,Vente,"138000,00",2.0,RUE,2192,COMMANDANT ARNAUD,51100.0,REIMS,51,454,AL,402,2,2.0,Appartement,87.0,5.0
1624574,29/09/2020,Vente,"96100,00",20.0,BD,5570,LOUIS BARTHOU,51100.0,REIMS,51,454,DT,671,2,2.0,Appartement,56.0,3.0
1624600,12/10/2020,Vente,"50000,00",56.0,RUE,5920,M CLEMENCE FOURIAUX,51100.0,REIMS,51,454,AV,290,1,2.0,Appartement,20.0,1.0
1624605,14/10/2020,Vente,"130000,00",27.0,RUE,1710,DE CHAMPIGNY,51100.0,REIMS,51,454,AR,302,2,2.0,Appartement,89.0,5.0
1624611,28/09/2020,Vente,"50000,00",43.0,RUE,8320,DE SILLERY,51100.0,REIMS,51,454,CL,662,1,2.0,Appartement,29.0,1.0
1624632,29/09/2020,Vente,"62700,00",67.0,RUE,3500,FAVART D HERBIGNY,51100.0,REIMS,51,454,CV,1134,1,2.0,Appartement,21.0,1.0
1624633,09/10/2020,Vente,"93500,00",38.0,RUE,0550,BACQUENOIS,51100.0,REIMS,51,454,IM,290,1,2.0,Appartement,24.0,1.0
1624654,28/09/2020,Vente,"220000,00",107.0,RUE,1360,CAMILLE LENOIR,51100.0,REIMS,51,454,BI,743,2,2.0,Appartement,33.0,1.0
1624655,28/09/2020,Vente,"220000,00",107.0,RUE,1360,CAMILLE LENOIR,51100.0,REIMS,51,454,BI,743,2,2.0,Appartement,27.0,2.0
1624656,28/09/2020,Vente,"220000,00",107.0,RUE,1360,CAMILLE LENOIR,51100.0,REIMS,51,454,BI,743,2,2.0,Appartement,34.0,2.0
1624657,28/09/2020,Vente,"220000,00",107.0,RUE,1360,CAMILLE LENOIR,51100.0,REIMS,51,454,BI,743,2,2.0,Appartement,32.0,2.0
1624679,21/09/2020,Vente,"80000,00",15.0,BD,1510,CARTERET,51100.0,REIMS,51,454,CV,841,2,2.0,Appartement,25.0,2.0
1624682,01/10/2020,Vente,"110400,00",29.0,RUE,4160,DE LA GOULETTE,51100.0,REIMS,51,454,BL,469,2,2.0,Appartement,71.0,3.0
1624683,30/09/2020,Vente,"70000,00",36.0,RUE,2080,CLOVIS CHEZEL,51100.0,REIMS,51,454,DN,549,1,2.0,Appartement,31.0,1.0
1624686,01/10/2020,Vente,"99000,00",16.0,RUE,5050,JULES BRUNEAU,51100.0,REIMS,51,454,DT,658,2,2.0,Appartement,44.0,2.0
1624690,22/09/2020,Vente,"89500,00",8.0,RUE,5460,LESAGE,51100.0,REIMS,51,454,AW,245,2,2.0,Appartement,39.0,2.0
1624697,05/10/2020,Vente,"65000,00",41.0,RUE,3820,DE GABES,51100.0,REIMS,51,454,BL,332,2,2.0,Appartement,47.0,2.0
1624700,07/10/2020,Vente,"79000,00",1.0,RUE,1920,DE CHEVIGNE,51100.0,REIMS,51,454,CL,154,2,2.0,Appartement,26.0,1.0
1624701,02/10/2020,Vente,"336500,00",34.0,RUE,9260,WERLE,51100.0,REIMS,51,454,BH,373,2,2.0,Appartement,122.0,6.0
1624702,12/10/2020,Vente,"39500,00",34.0,RUE,1830,CHARLIER,51100.0,REIMS,51,454,BI,183,1,2.0,Appartement,20.0,2.0
1624703,09/10/2020,Vente,"258880,00",9.0,PL,3690,DU FORUM,51100.0,REIMS,51,454,IL,89,1,2.0,Appartement,72.0,3.0
1624707,07/10/2020,Vente,"250000,00",6.0,RUE,8930,VAUTHIER LE NOIR,51100.0,REIMS,51,454,CX,317,3,2.0,Appartement,85.0,3.0
1624713,29/09/2020,Vente,"166000,00",11.0,RUE,0845,BERTRAND DE MUN,51100.0,REIMS,51,454,CM,145,2,2.0,Appartement,73.0,3.0
1624729,18/09/2020,Vente,"87000,00",1.0,PL,5370,LENONCOURT,51100.0,REIMS,51,454,DM,629,2,2.0,Appartement,33.0,1.0
1624730,07/10/2020,Vente,"260000,00",25.0,RUE,2770,DESPREZ,51100.0,REIMS,51,454,AN,79,0,2.0,Appartement,30.0,2.0
1624731,07/10/2020,Vente,"260000,00",25.0,RUE,2770,DESPREZ,51100.0,REIMS,51,454,AN,79,0,2.0,Appartement,37.0,2.0
1624732,07/10/2020,Vente,"260000,00",25.0,RUE,2770,DESPREZ,51100.0,REIMS,51,454,AN,79,0,2.0,Appartement,23.0,2.0
1624733,02/10/2020,Vente,"55000,00",2.0,RUE,0390,ARMAND GUERY,51100.0,REIMS,51,454,AV,889,2,2.0,Appartement,31.0,2.0
1624771,24/09/2020,Vente,"57000,00",4.0,RUE,2120,COLBERT,51100.0,REIMS,51,454,BE,141,1,2.0,Appartement,44.0,3.0
1624783,09/10/2020,Vente,"67700,00",55.0,AV,6823,PAUL MARCHANDEAU,51100.0,REIMS,51,454,DO,37,2,2.0,Appartement,25.0,1.0
1624794,02/10/2020,Vente,"101000,00",10.0,RUE,4050,GERBERT,51100.0,REIMS,51,454,CY,752,1,2.0,Appartement,37.0,1.0
1624809,08/10/2020,Vente,"222000,00",4.0,RUE,7080,PLUCHE,51100.0,REIMS,51,454,BE,469,2,2.0,Appartement,79.0,2.0
1624845,30/09/2020,Vente en l'état futur d'achèvement,"469000,00",21.0,RUE,7860,SAINT HILAIRE,51100.0,REIMS,51,454,BE,220,3,2.0,Appartement,82.0,4.0
1624858,24/09/2020,Vente,"99000,00",4.0,RUE,2120,COLBERT,51100.0,REIMS,51,454,BE,141,1,2.0,Appartement,46.0,3.0
1624859,24/09/2020,Vente,"99000,00",4.0,RUE,2120,COLBERT,51100.0,REIMS,51,454,BE,141,1,2.0,Appartement,32.0,2.0
1624861,30/09/2020,Vente,"95000,00",2.0,RUE,4150,GOSSET,51100.0,REIMS,51,454,BD,99,1,2.0,Appartement,62.0,2.0
1624863,13/10/2020,Vente,"89600,00",4.0,ALL,2003,CLAUDE MONET,51100.0,REIMS,51,454,DK,198,1,2.0,Appartement,46.0,2.0
1624904,09/10/2020,Vente,"84400,00",4.0,ALL,3165,EDOUARD DEKETELAERE,51100.0,REIMS,51,454,AN,668,1,2.0,Appartement,57.0,3.0
1624912,16/09/2020,Vente,"385000,00",3.0,RUE,8290,16E ET 22E DRAGONS,51100.0,REIMS,51,454,CK,17,2,2.0,Appartement,147.0,7.0
1624914,25/09/2020,Vente,"53000,00",21.0,AV,4455,HENRI FARMAN,51100.0,REIMS,51,454,DH,90,1,2.0,Appartement,17.0,1.0
1624936,16/10/2020,Vente,"140000,00",69.0,RUE,2290,COQUEBERT,51100.0,REIMS,51,454,BI,565,2,2.0,Appartement,55.0,3.0
1624948,09/10/2020,Vente en l'état futur d'achèvement,"170276,70",,RUE,6490,DE NICE,51100.0,REIMS,51,454,CR,94,1,2.0,Appartement,64.0,3.0
1624982,09/10/2020,Vente,"45000,00",67.0,RUE,3000,DOCTEUR THOMAS,51100.0,REIMS,51,454,AW,218,2,2.0,Appartement,36.0,2.0
1624986,05/10/2020,Vente,"276000,00",6.0,RUE,8580,DES TEMPLIERS,51100.0,REIMS,51,454,BH,572,2,2.0,Appartement,73.0,3.0
1625006,07/10/2020,Vente,"80000,00",11.0,RUE,2370,COULVIER GRAVIER,51100.0,REIMS,51,454,CZ,638,1,2.0,Appartement,42.0,2.0
1625007,07/10/2020,Vente,"80000,00",11.0,RUE,2370,COULVIER GRAVIER,51100.0,REIMS,51,454,CZ,638,1,2.0,Appartement,44.0,3.0
1625017,07/10/2020,Vente en l'état futur d'achèvement,"311000,00",21.0,RUE,7860,SAINT HILAIRE,51100.0,REIMS,51,454,BE,220,2,2.0,Appartement,59.0,3.0
1625019,12/10/2020,Vente,"137200,00",12.0,RUE,3520,FERRAND DE MONTHELON,51100.0,REIMS,51,454,AD,10,2,2.0,Appartement,86.0,5.0
1625024,18/09/2020,Vente,"99850,00",76.0,BD,1800,CHARLES ARNOULD,51100.0,REIMS,51,454,AO,493,2,2.0,Appartement,53.0,2.0
1625026,14/10/2020,Vente,"121000,00",71.0,RUE,5891,MARCEL THIL,51100.0,REIMS,51,454,AV,761,2,2.0,Appartement,64.0,4.0
1625043,12/10/2020,Vente,"145992,00",7.0,RUE,6360,DES MURS,51100.0,REIMS,51,454,CX,272,1,2.0,Appartement,49.0,2.0
1625051,20/10/2020,Vente,"65000,00",17.0,RUE,6830,P VAILLANT COUTURIER,51100.0,REIMS,51,454,AV,221,2,2.0,Appartement,30.0,1.0
1625052,20/10/2020,Vente,"65000,00",17.0,RUE,6830,P VAILLANT COUTURIER,51100.0,REIMS,51,454,AV,221,2,2.0,Appartement,25.0,1.0
1625053,20/10/2020,Vente,"65000,00",17.0,RUE,6830,P VAILLANT COUTURIER,51100.0,REIMS,51,454,AV,221,1,2.0,Appartement,30.0,1.0
1625057,24/09/2020,Vente,"455000,00",21.0,CRS,4850,J B LANGLET,51100.0,REIMS,51,454,IL,259,1,2.0,Appartement,110.0,5.0
1625068,12/10/2020,Vente,"133200,00",15.0,RUE,1730,CHANTERAINE,51100.0,REIMS,51,454,DM,634,1,2.0,Appartement,77.0,3.0
1625070,14/10/2020,Vente,"205000,00",60.0,RUE,4355,HANNAH ARENDT,51100.0,REIMS,51,454,CR,61,1,2.0,Appartement,88.0,4.0
1625075,12/10/2020,Vente,"145000,00",2.0,RUE,3100,DE L ECAILLE,51100.0,REIMS,51,454,DM,629,2,2.0,Appartement,75.0,3.0
1625082,09/10/2020,Vente,"167000,00",6.0,RUE,3610,FLIN DES OLIVIERS,51100.0,REIMS,51,454,HX,17,1,2.0,Appartement,66.0,3.0
1625084,18/09/2020,Vente,"56000,00",34.0,BD,9070,VICTOR HUGO,51100.0,REIMS,51,454,CZ,190,2,2.0,Appartement,36.0,1.0
1625086,08/10/2020,Vente,"275790,00",42.0,RUE,1390,DES CAPUCINS,51100.0,REIMS,51,454,IK,1267,2,2.0,Appartement,71.0,3.0
1625088,12/10/2020,Vente,"98000,00",56.0,RUE,0630,DU BASTION,51100.0,REIMS,51,454,CW,287,2,2.0,Appartement,70.0,2.0
1625090,07/10/2020,Vente en l'état futur d'achèvement,"359000,00",21.0,RUE,7860,SAINT HILAIRE,51100.0,REIMS,51,454,BE,220,1,2.0,Appartement,69.0,3.0
1625093,09/10/2020,Vente,"28000,00",1.0,IMP,2340,CORMICY,51100.0,REIMS,51,454,AV,222,3,2.0,Appartement,34.0,1.0
1625101,06/10/2020,Vente,"53000,00",21.0,AV,4455,HENRI FARMAN,51100.0,REIMS,51,454,DH,90,1,2.0,Appartement,17.0,1.0
1625107,09/10/2020,Vente,"79000,00",12.0,RUE,0910,DE BEZANNES,51100.0,REIMS,51,454,HW,373,2,2.0,Appartement,25.0,1.0
1625162,15/10/2020,Vente,"88000,00",1.0,PL,5370,LENONCOURT,51100.0,REIMS,51,454,DM,629,2,2.0,Appartement,34.0,1.0
1625200,14/10/2020,Vente,"82000,00",6.0,RUE,0845,BERTRAND DE MUN,51100.0,REIMS,51,454,CN,573,2,2.0,Appartement,61.0,2.0
1625284,01/10/2020,Vente,"142000,00",50.0,RUE,8820,DES 3 PILIERS,51100.0,REIMS,51,454,AW,59,1,2.0,Appartement,56.0,2.0
1625285,24/09/2020,Vente,"65500,00",41.0,RUE,6880,PERIN,51100.0,REIMS,51,454,AV,854,1,2.0,Appartement,28.0,1.0
1625298,02/10/2020,Vente,"88000,00",15.0,RUE,7015,PIERRE DE COUBERTIN,51100.0,REIMS,51,454,AE,110,2,2.0,Appartement,81.0,4.0
1625304,12/10/2020,Vente,"86500,00",195.0,AV,4900,JEAN JAURES,51100.0,REIMS,51,454,BK,334,1,2.0,Appartement,35.0,1.0
1625307,29/09/2020,Vente,"68500,00",4.0,RUE,2290,COQUEBERT,51100.0,REIMS,51,454,BH,418,1,2.0,Appartement,21.0,1.0
1625330,06/10/2020,Vente,"159500,00",46.0,RUE,8500,DE TALLEYRAND,51100.0,REIMS,51,454,IL,307,1,2.0,Appartement,75.0,3.0
1625331,16/10/2020,Vente,"65000,00",47.0,BD,2930,DOCTEUR HENRI HENROT,51100.0,REIMS,51,454,DM,383,2,2.0,Appartement,36.0,1.0
1625337,18/09/2020,Vente,"70000,00",67.0,RUE,3500,FAVART D HERBIGNY,51100.0,REIMS,51,454,CV,1134,1,2.0,Appartement,23.0,1.0
1625339,01/10/2020,Vente,"56000,00",41.0,BD,4760,JAMIN,51100.0,REIMS,51,454,BI,343,1,2.0,Appartement,19.0,1.0
1625349,05/10/2020,Vente,"216600,00",2.0,RUE,0650,BAUSSONNET,51100.0,REIMS,51,454,AR,1027,2,2.0,Appartement,130.0,4.0
1625365,05/10/2020,Vente,"330000,00",7.0,AV,6730,DE PARIS,51100.0,REIMS,51,454,HX,106,0,2.0,Appartement,26.0,1.0
1625366,05/10/2020,Vente,"330000,00",7.0,AV,6730,DE PARIS,51100.0,REIMS,51,454,HX,106,0,2.0,Appartement,15.0,1.0
1625367,05/10/2020,Vente,"330000,00",7.0,AV,6730,DE PARIS,51100.0,REIMS,51,454,HX,106,0,2.0,Appartement,25.0,1.0
1625368,05/10/2020,Vente,"330000,00",7.0,AV,6730,DE PARIS,51100.0,REIMS,51,454,HX,106,0,2.0,Appartement,26.0,1.0
1625369,05/10/2020,Vente,"330000,00",7.0,AV,6730,DE PARIS,51100.0,REIMS,51,454,HX,106,0,2.0,Appartement,21.0,1.0
1625370,05/10/2020,Vente,"330000,00",7.0,AV,6730,DE PARIS,51100.0,REIMS,51,454,HX,106,0,2.0,Appartement,17.0,1.0
1625371,05/10/2020,Vente,"330000,00",7.0,AV,6730,DE PARIS,51100.0,REIMS,51,454,HX,106,0,2.0,Appartement,26.0,1.0
1625372,05/10/2020,Vente,"330000,00",7.0,AV,6730,DE PARIS,51100.0,REIMS,51,454,HX,106,0,2.0,Appartement,15.0,1.0
1625373,05/10/2020,Vente,"330000,00",7.0,AV,6730,DE PARIS,51100.0,REIMS,51,454,HX,106,0,2.0,Appartement,15.0,1.0
1625374,09/10/2020,Vente,"163430,00",66.0,AV,5300,DE LAON,51100.0,REIMS,51,454,AW,433,1,2.0,Appartement,68.0,2.0
1625377,09/10/2020,Vente,"175000,00",11.0,RUE,7150,DE LA POMPELLE,51100.0,REIMS,51,454,CL,35,2,2.0,Appartement,88.0,4.0
1625384,01/10/2020,Vente,"108700,00",35.0,RUE,7150,DE LA POMPELLE,51100.0,REIMS,51,454,CL,727,1,2.0,Appartement,46.0,2.0
1625405,02/10/2020,Vente,"353250,00",6.0,RUE,8220,SALIN,51100.0,REIMS,51,454,IL,45,2,2.0,Appartement,112.0,4.0
1625440,15/10/2020,Vente,"70000,00",17.0,RUE,4220,GRANDVAL,51100.0,REIMS,51,454,CL,236,2,2.0,Appartement,30.0,1.0
1625456,02/10/2020,Vente,"105000,00",6.0,ALL,2003,CLAUDE MONET,51100.0,REIMS,51,454,DK,198,1,2.0,Appartement,62.0,3.0
1625534,23/09/2020,Vente,"83000,00",61.0,RUE,6830,P VAILLANT COUTURIER,51100.0,REIMS,51,454,AV,861,2,2.0,Appartement,37.0,2.0
1625541,23/10/2020,Vente,"150800,00",133.0,BD,7140,POMMERY,51100.0,REIMS,51,454,CI,65,2,2.0,Appartement,57.0,2.0
1625546,14/10/2020,Vente,"115880,00",21.0,RUE,9210,DE WITRY,51100.0,REIMS,51,454,CT,186,2,2.0,Appartement,63.0,3.0
1625555,15/10/2020,Vente,"96500,00",282.0,AV,5300,DE LAON,51100.0,REIMS,51,454,AX,693,1,2.0,Appartement,43.0,1.0
1625569,15/10/2020,Vente,"183500,00",58.0,RUE,4440,HENRI BARBUSSE,51100.0,REIMS,51,454,CL,356,2,2.0,Appartement,71.0,3.0
1625571,05/10/2020,Vente,"262000,00",9.0,RUE,7400,RAYMOND GUYOT,51100.0,REIMS,51,454,BH,529,2,2.0,Appartement,102.0,1.0
1625611,05/10/2020,Vente,"55000,00",59.0,RUE,6230,DU MONT D ARENE,51100.0,REIMS,51,454,AT,16,1,2.0,Appartement,22.0,1.0
1625613,05/10/2020,Vente,"169000,00",10.0,RUE,6910,DU PETIT ARSENAL,51100.0,REIMS,51,454,BE,79,1,2.0,Appartement,47.0,2.0
1625617,15/10/2020,Vente,"253000,00",31.0,RUE,0600,DU BARBATRE,51100.0,REIMS,51,454,CY,214,3,2.0,Appartement,94.0,4.0
1625632,07/10/2020,Vente,"111000,00",58.0,RUE,4220,GRANDVAL,51100.0,REIMS,51,454,CL,203,2,2.0,Appartement,53.0,3.0
1625638,05/10/2020,Vente,"160000,00",63.0,BD,2930,DOCTEUR HENRI HENROT,51100.0,REIMS,51,454,DM,239,2,2.0,Appartement,105.0,5.0
1625660,05/10/2020,Vente,"165000,00",5.0,BD,7550,ROBESPIERRE,51100.0,REIMS,51,454,AY,371,2,2.0,Appartement,74.0,3.0
1625661,25/09/2020,Vente,"56650,00",145.0,RUE,9040,DE VESLE,51100.0,REIMS,51,454,IK,823,2,2.0,Appartement,28.0,1.0
1625667,22/10/2020,Vente,"424450,00",5.0,RUE,3190,EDOUARD VAILLANT,51100.0,REIMS,51,454,CK,101,4,2.0,Appartement,130.0,5.0
1625680,05/10/2020,Vente,"256000,00",87.0,RUE,6230,DU MONT D ARENE,51100.0,REIMS,51,454,AT,9,1,2.0,Appartement,63.0,3.0
1625700,29/09/2020,Vente,"157000,00",51.0,RUE,7710,RUINART DE BRIMONT,51100.0,REIMS,51,454,CW,422,3,2.0,Appartement,79.0,3.0
1625702,29/09/2020,Vente,"119500,00",96.0,RUE,5460,LESAGE,51100.0,REIMS,51,454,AY,158,1,2.0,Appartement,63.0,4.0
1625718,13/10/2020,Vente,"161500,00",31.0,RUE,5616,LOUIS PAUL BOCQUET,51100.0,REIMS,51,454,DO,930,0,2.0,Appartement,47.0,2.0
1625729,20/10/2020,Vente,"153000,00",28.0,RUE,4970,JEANNE D ARC,51100.0,REIMS,51,454,IM,58,2,2.0,Appartement,54.0,3.0
1625731,14/10/2020,Vente,"258840,00",89.0,RUE,6230,DU MONT D ARENE,51100.0,REIMS,51,454,AT,9,1,2.0,Appartement,70.0,4.0
1625734,15/10/2020,Vente,"149500,00",13.0,ESP,7433,REMI PELLOT,51100.0,REIMS,51,454,AN,169,1,2.0,Appartement,86.0,4.0
1625753,30/09/2020,Vente,"501650,00",23.0,CRS,4850,J B LANGLET,51100.0,REIMS,51,454,IL,260,1,2.0,Appartement,72.0,4.0
1625758,12/10/2020,Vente,"191000,00",35.0,RUE,3000,DOCTEUR THOMAS,51100.0,REIMS,51,454,AW,552,1,2.0,Appartement,73.0,3.0
1625762,16/10/2020,Vente,"58000,00",9.0,RUE,2500,DES CRENEAUX,51100.0,REIMS,51,454,CZ,297,1,2.0,Appartement,20.0,1.0
1625768,05/10/2020,Vente,"365550,00",22.0,RUE,9040,DE VESLE,51100.0,REIMS,51,454,IL,146,1,2.0,Appartement,105.0,3.0
1625770,14/10/2020,Vente,"80600,00",5.0,RUE,5895,MARECHAL GALLIENI,51100.0,REIMS,51,454,AH,412,2,2.0,Appartement,69.0,4.0
1625787,13/10/2020,Vente,"76000,00",3.0,RUE,0600,DU BARBATRE,51100.0,REIMS,51,454,CY,41,1,2.0,Appartement,21.0,1.0
1625788,13/10/2020,Vente,"76000,00",5.0,RUE,0600,DU BARBATRE,51100.0,REIMS,51,454,CY,41,1,2.0,Appartement,62.0,1.0
1625797,20/10/2020,Vente,"150900,00",8.0,RUE,7640,ROSSET,51100.0,REIMS,51,454,AM,890,1,2.0,Appartement,69.0,3.0
1625799,14/10/2020,Vente,"129600,00",20.0,RUE,9120,DU VIEUX COQ,51100.0,REIMS,51,454,AM,765,2,2.0,Appartement,57.0,3.0
1625819,13/10/2020,Vente en l'état futur d'achèvement,"185000,00",108.0,AV,5300,DE LAON,51100.0,REIMS,51,454,AW,515,1,2.0,Appartement,62.0,3.0
1625834,13/10/2020,Vente,"190000,00",41.0,RUE,4890,JEAN JACQUES ROUSSEAU,51100.0,REIMS,51,454,BE,46,1,2.0,Appartement,59.0,3.0
1625836,16/10/2020,Vente,"60000,00",42.0,AV,6730,DE PARIS,51100.0,REIMS,51,454,IO,360,1,2.0,Appartement,31.0,1.0
1625844,13/10/2020,Vente,"119000,00",78.0,RUE,8950,DE VENISE,51100.0,REIMS,51,454,IK,329,1,2.0,Appartement,68.0,3.0
1625847,01/10/2020,Vente,"123000,00",10.0,RUE,0846,RUE BERTRAND DE VOGUE,51100.0,REIMS,51,454,DK,238,1,2.0,Appartement,62.0,3.0
1625875,14/10/2020,Vente,"103000,00",171.0,RUE,1590,DE CERNAY,51100.0,REIMS,51,454,CT,73,2,2.0,Appartement,56.0,3.0
1625904,14/10/2020,Vente,"63000,00",192.0,AV,5300,DE LAON,51100.0,REIMS,51,454,AX,847,1,2.0,Appartement,23.0,1.0
1625912,11/03/2020,Vente,"300000,00",153.0,RUE,9040,DE VESLE,51100.0,REIMS,51,454,IK,1303,5,2.0,Appartement,126.0,5.0
1625926,23/10/2020,Vente,"109000,00",145.0,RUE,9040,DE VESLE,51100.0,REIMS,51,454,IK,823,2,2.0,Appartement,35.0,0.0
1625954,01/10/2020,Vente,"210000,00",78.0,RUE,6210,DES MOISSONS,51100.0,REIMS,51,454,CK,149,3,2.0,Appartement,67.0,3.0
1625970,08/10/2020,Vente,"94800,00",89.0,RUE,6830,P VAILLANT COUTURIER,51100.0,REIMS,51,454,AV,1044,1,2.0,Appartement,55.0,3.0
1625971,14/10/2020,Vente,"57500,00",3.0,RUE,3770,FRANCOIS DOR,51100.0,REIMS,51,454,HX,384,2,2.0,Appartement,35.0,2.0
1625972,15/10/2020,Vente,"85000,00",1.0,,3915,GPE GENERAL EISENHOWER,51100.0,REIMS,51,454,HS,215,1,2.0,Appartement,73.0,3.0
1625973,15/10/2020,Vente,"85000,00",1.0,,3915,GPE GENERAL EISENHOWER,51100.0,REIMS,51,454,HS,215,1,2.0,Appartement,96.0,5.0
1625981,08/10/2020,Vente,"620000,00",23.0,RUE,0820,DE BERRU,51100.0,REIMS,51,454,CV,806,0,2.0,Appartement,27.0,1.0
1625982,08/10/2020,Vente,"620000,00",23.0,RUE,0820,DE BERRU,51100.0,REIMS,51,454,CV,806,0,2.0,Appartement,41.0,2.0
1625983,08/10/2020,Vente,"620000,00",23.0,RUE,0820,DE BERRU,51100.0,REIMS,51,454,CV,806,0,2.0,Appartement,41.0,2.0
1625984,08/10/2020,Vente,"620000,00",23.0,RUE,0820,DE BERRU,51100.0,REIMS,51,454,CV,806,0,2.0,Appartement,35.0,2.0
1625985,08/10/2020,Vente,"620000,00",23.0,RUE,0820,DE BERRU,51100.0,REIMS,51,454,CV,806,0,2.0,Appartement,36.0,2.0
1625986,08/10/2020,Vente,"620000,00",23.0,RUE,0820,DE BERRU,51100.0,REIMS,51,454,CV,806,0,2.0,Appartement,43.0,2.0
1625987,08/10/2020,Vente,"620000,00",23.0,RUE,0820,DE BERRU,51100.0,REIMS,51,454,CV,806,0,2.0,Appartement,41.0,2.0
1625989,08/10/2020,Vente,"620000,00",23.0,RUE,0820,DE BERRU,51100.0,REIMS,51,454,CV,806,0,2.0,Appartement,27.0,1.0
1625995,30/10/2020,Vente,"125000,00",6.0,RUE,7010,PIERRE BROSSOLETTE,51100.0,REIMS,51,454,AV,408,1,2.0,Appartement,19.0,1.0
1625996,30/10/2020,Vente,"125000,00",6.0,RUE,7010,PIERRE BROSSOLETTE,51100.0,REIMS,51,454,AV,408,1,2.0,Appartement,12.0,1.0
1626026,13/10/2020,Vente,"58000,00",1.0,RUE,8475,DE TAHURE,51100.0,REIMS,51,454,AH,485,2,2.0,Appartement,38.0,2.0
1626034,14/10/2020,Vente,"130000,00",171.0,AV,5300,DE LAON,51100.0,REIMS,51,454,AV,40,2,2.0,Appartement,80.0,3.0
1626046,30/09/2020,Vente,"171500,00",60.0,RUE,4560,HINCMAR,51100.0,REIMS,51,454,IK,758,1,2.0,Appartement,46.0,3.0
1626048,14/10/2020,Vente,"163000,00",1.0,RUE,8200,STE GENEVIEVE,51100.0,REIMS,51,454,HX,143,1,2.0,Appartement,83.0,4.0
1626053,13/10/2020,Vente,"171700,00",424.0,AV,5300,DE LAON,51100.0,REIMS,51,454,AE,170,2,2.0,Appartement,76.0,3.0
1626101,15/10/2020,Vente,"81200,00",132.0,RUE,7010,PIERRE BROSSOLETTE,51100.0,REIMS,51,454,AO,739,1,2.0,Appartement,50.0,2.0
1626128,20/10/2020,Vente,"50800,00",1.0,RUE,2860,DOCTEUR BIENFAIT,51100.0,REIMS,51,454,IO,217,1,2.0,Appartement,21.0,1.0
1626133,22/10/2020,Vente,"42000,00",12.0,RUE,5270,LANDOUZY,51100.0,REIMS,51,454,AW,286,1,2.0,Appartement,18.0,1.0
1626139,21/10/2020,Vente,"151800,00",10.0,RUE,4290,GUERNIER,51100.0,REIMS,51,454,BI,627,2,2.0,Appartement,72.0,4.0
1626145,20/10/2020,Vente,"70000,00",64.0,RUE,3280,EMILE ZOLA,51100.0,REIMS,51,454,AW,85,1,2.0,Appartement,32.0,2.0
1626149,20/10/2020,Vente,"86000,00",1.0,RUE,1920,DE CHEVIGNE,51100.0,REIMS,51,454,CL,154,1,2.0,Appartement,44.0,2.0
1626158,23/10/2020,Vente,"134000,00",41.0,AV,5300,DE LAON,51100.0,REIMS,51,454,AT,101,1,2.0,Appartement,55.0,2.0
1626216,19/10/2020,Vente,"174200,00",15.0,RUE,0123,CAPITAINE ALFRED DREYFUS,51100.0,REIMS,51,454,AV,1037,1,2.0,Appartement,47.0,2.0
1626222,21/10/2020,Vente,"266000,00",42.0,RUE,0550,BACQUENOIS,51100.0,REIMS,51,454,IM,292,2,2.0,Appartement,72.0,4.0
1626238,16/10/2020,Vente,"80520,00",35.0,RUE,7150,DE LA POMPELLE,51100.0,REIMS,51,454,CL,727,1,2.0,Appartement,35.0,1.0
1626262,16/10/2020,Vente,"130000,00",1.0,RUE,8290,16E ET 22E DRAGONS,51100.0,REIMS,51,454,CK,17,1,2.0,Appartement,58.0,2.0
1626263,20/10/2020,Vente,"220000,00",1.0,PL,5390,LEON BOURGEOIS,51100.0,REIMS,51,454,BE,435,2,2.0,Appartement,59.0,3.0
1626265,20/10/2020,Vente,"155000,00",3.0,RUE,4906,JEAN LE LOUP,51100.0,REIMS,51,454,IK,1348,1,2.0,Appartement,54.0,2.0
1626300,29/10/2020,Vente,"39000,00",282.0,AV,5300,DE LAON,51100.0,REIMS,51,454,AX,692,1,2.0,Appartement,27.0,1.0
1626321,14/10/2020,Vente,"69000,00",66.0,RUE,9040,DE VESLE,51100.0,REIMS,51,454,IM,119,1,2.0,Appartement,20.0,1.0
1626334,10/10/2020,Vente,"105000,00",41.0,RUE,3990,GEORGES BOUSSINESQ,51100.0,REIMS,51,454,CL,874,2,2.0,Appartement,48.0,2.0
1626376,20/10/2020,Vente,"74000,00",4.0,RUE,7720,DU RUISSELET,51100.0,REIMS,51,454,DM,632,2,2.0,Appartement,28.0,1.0
1626378,20/10/2020,Vente,"150000,00",276.0,BD,7140,POMMERY,51100.0,REIMS,51,454,CI,121,2,2.0,Appartement,70.0,2.0
1626380,21/10/2020,Vente,"67000,00",13.0,RUE,2710,DEFRANCOIS,51100.0,REIMS,51,454,CK,84,2,2.0,Appartement,34.0,1.0
1626435,23/10/2020,Vente,"172000,00",4.0,CHE,1780,DES CHARBONNIERS,51100.0,REIMS,51,454,DT,798,1,2.0,Appartement,80.0,4.0
1626438,30/10/2020,Vente,"136000,00",18.0,RUE,7340,DU PROGRES,51100.0,REIMS,51,454,AO,335,1,2.0,Appartement,63.0,3.0
1626443,16/10/2020,Vente,"135000,00",76.0,RUE,8950,DE VENISE,51100.0,REIMS,51,454,IK,329,1,2.0,Appartement,81.0,4.0
1626451,20/10/2020,Vente,"134350,00",331.0,AV,5300,DE LAON,51100.0,REIMS,51,454,AN,654,2,2.0,Appartement,79.0,5.0
1626464,15/10/2020,Vente,"86200,00",134.0,RUE,7010,PIERRE BROSSOLETTE,51100.0,REIMS,51,454,AO,739,1,2.0,Appartement,52.0,2.0
1626467,12/10/2020,Vente,"80000,00",10.0,RUE,8830,DES TROIS RAISINETS,51100.0,REIMS,51,454,CX,201,1,2.0,Appartement,18.0,1.0
1626468,22/10/2020,Vente,"130900,00",9.0,RUE,4360,HANNEQUIN,51100.0,REIMS,51,454,AX,839,2,2.0,Appartement,60.0,4.0
1626470,16/10/2020,Vente,"74500,00",168.0,AV,4900,JEAN JAURES,51100.0,REIMS,51,454,CV,1088,1,2.0,Appartement,43.0,2.0
1626472,22/10/2020,Vente,"78800,00",51.0,RUE,8430,DE STRASBOURG,51100.0,REIMS,51,454,CV,559,1,2.0,Appartement,42.0,2.0
1626479,01/10/2020,Vente,"224957,00",21.0,RUE,1360,CAMILLE LENOIR,51100.0,REIMS,51,454,BH,303,2,2.0,Appartement,85.0,3.0
1626493,14/10/2020,Vente,"480000,00",52.0,RUE,1590,DE CERNAY,51100.0,REIMS,51,454,CW,405,0,2.0,Appartement,86.0,3.0
1626495,14/10/2020,Vente,"480000,00",52.0,RUE,1590,DE CERNAY,51100.0,REIMS,51,454,CW,405,0,2.0,Appartement,53.0,2.0
1626499,14/10/2020,Vente,"480000,00",52.0,RUE,1590,DE CERNAY,51100.0,REIMS,51,454,CW,405,0,2.0,Appartement,130.0,5.0
1626516,07/10/2020,Vente,"151300,00",14.0,RUE,4290,GUERNIER,51100.0,REIMS,51,454,BI,627,2,2.0,Appartement,72.0,4.0
1626521,05/10/2020,Vente,"100000,00",100.0,RUE,2560,CROIX ST MARC,51100.0,REIMS,51,454,CV,660,2,2.0,Appartement,42.0,2.0
1626524,12/10/2020,Vente,"275000,00",58.0,AV,3320,D EPERNAY,51100.0,REIMS,51,454,HW,50,2,2.0,Appartement,147.0,6.0
1626529,09/10/2020,Vente,"103000,00",7.0,RUE,0700,DE BELFORT,51100.0,REIMS,51,454,CW,378,2,2.0,Appartement,45.0,2.0
1626547,02/10/2020,Vente,"103500,00",25.0,ESP,5446,LE ROUET,51100.0,REIMS,51,454,CT,390,2,2.0,Appartement,65.0,3.0
1626552,15/10/2020,Vente,"133056,00",7.0,RUE,3517,DE LA FERME DES ANGLAIS,51100.0,REIMS,51,454,CT,606,1,2.0,Appartement,54.0,2.0
1626559,29/10/2020,Vente,"100000,00",35.0,RUE,2070,CLOVIS,51100.0,REIMS,51,454,IK,623,1,2.0,Appartement,26.0,1.0
1626562,15/10/2020,Vente,"95000,00",134.0,RUE,7010,PIERRE BROSSOLETTE,51100.0,REIMS,51,454,AO,739,1,2.0,Appartement,63.0,3.0
1626579,29/10/2020,Vente,"80000,00",23.0,RUE,5019,JOLIOT-CURIE,51100.0,REIMS,51,454,KT,184,2,2.0,Appartement,63.0,3.0
1626582,16/10/2020,Vente,"185000,00",6.0,RUE,8090,SAINT THIERRY,51100.0,REIMS,51,454,AV,1097,1,2.0,Appartement,56.0,2.0
1626586,23/10/2020,Vente,"295000,00",73.0,RUE,7160,PONSARDIN,51100.0,REIMS,51,454,CY,627,1,2.0,Appartement,109.0,5.0
1626589,14/10/2020,Vente,"649000,00",52.0,RUE,1590,DE CERNAY,51100.0,REIMS,51,454,CW,405,0,2.0,Appartement,53.0,2.0
1626593,14/10/2020,Vente,"649000,00",52.0,RUE,1590,DE CERNAY,51100.0,REIMS,51,454,CW,405,0,2.0,Appartement,130.0,5.0
1626595,14/10/2020,Vente,"649000,00",52.0,RUE,1590,DE CERNAY,51100.0,REIMS,51,454,CW,405,0,2.0,Appartement,86.0,3.0
1626599,20/10/2020,Vente,"96500,00",21.0,RUE,0390,ARMAND GUERY,51100.0,REIMS,51,454,AV,1030,2,2.0,Appartement,45.0,3.0
1626602,08/10/2020,Vente,"162000,00",7.0,RUE,8980,VERNOUILLET,51100.0,REIMS,51,454,AT,221,2,2.0,Appartement,79.0,3.0
1626704,16/10/2020,Vente,"77500,00",1.0,ALL,2003,CLAUDE MONET,51100.0,REIMS,51,454,DK,198,1,2.0,Appartement,46.0,2.0
1626706,23/10/2020,Vente,"79000,00",54.0,BD,7290,PRESIDENT WILSON,51100.0,REIMS,51,454,DP,516,1,2.0,Appartement,64.0,2.0
1626710,23/10/2020,Vente,"112000,00",48.0,RUE,5160,DE LA JUSTICE,51100.0,REIMS,51,454,BD,99,1,2.0,Appartement,69.0,3.0
1626714,16/10/2020,Vente,"142000,00",77.0,RUE,8950,DE VENISE,51100.0,REIMS,51,454,CY,434,2,2.0,Appartement,83.0,4.0
1626720,23/10/2020,Vente,"54250,00",21.0,RUE,5090,JULES GUICHARD,51100.0,REIMS,51,454,AV,654,1,2.0,Appartement,17.0,1.0
1626726,19/10/2020,Vente,"275000,00",79.0,RUE,8950,DE VENISE,51100.0,REIMS,51,454,CY,434,2,2.0,Appartement,96.0,5.0
1626728,21/10/2020,Vente,"64000,00",38.0,RUE,2570,CROUTELLE,51100.0,REIMS,51,454,AV,111,3,2.0,Appartement,26.0,1.0
1626732,15/10/2020,Vente,"150000,00",145.0,RUE,9040,DE VESLE,51100.0,REIMS,51,454,IK,823,2,2.0,Appartement,38.0,2.0
1626741,29/10/2020,Vente,"88700,00",6.0,ALL,2003,CLAUDE MONET,51100.0,REIMS,51,454,DK,198,1,2.0,Appartement,46.0,2.0
1626744,27/10/2020,Vente,"90900,00",14.0,BD,5570,LOUIS BARTHOU,51100.0,REIMS,51,454,DT,671,1,2.0,Appartement,65.0,4.0
1626746,27/10/2020,Vente,"90900,00",14.0,BD,5570,LOUIS BARTHOU,51100.0,REIMS,51,454,DT,671,1,2.0,Appartement,53.0,3.0
1626748,13/10/2020,Vente,"141000,00",16.0,BD,6690,DE LA PAIX,51100.0,REIMS,51,454,CX,561,2,2.0,Appartement,44.0,2.0
1626776,07/10/2020,Vente,"272500,00",131.0,RUE,2430,DE COURCELLES,51100.0,REIMS,51,454,AR,923,0,2.0,Appartement,58.0,3.0
1626781,30/10/2020,Vente,"187400,00",24.0,RUE,6760,PAUL ADAM,51100.0,REIMS,51,454,IK,1463,2,2.0,Appartement,60.0,2.0
1626788,20/10/2020,Vente,"57000,00",58.0,BD,7550,ROBESPIERRE,51100.0,REIMS,51,454,AY,341,1,2.0,Appartement,20.0,1.0
1626817,23/10/2020,Vente,"77000,00",66.0,RUE,9040,DE VESLE,51100.0,REIMS,51,454,IM,119,1,2.0,Appartement,25.0,2.0
1626834,28/10/2020,Vente,"130000,00",31.0,RUE,5920,M CLEMENCE FOURIAUX,51100.0,REIMS,51,454,AT,296,2,2.0,Appartement,50.0,3.0
1626859,26/10/2020,Vente,"254030,00",176.0,RUE,9040,DE VESLE,51100.0,REIMS,51,454,IM,246,1,2.0,Appartement,90.0,2.0
1626865,27/10/2020,Vente,"90500,00",5.0,ALL,2003,CLAUDE MONET,51100.0,REIMS,51,454,DK,198,1,2.0,Appartement,46.0,2.0
1626877,27/10/2020,Vente,"127800,00",3.0,RUE,2760,DESBUREAUX,51100.0,REIMS,51,454,AL,402,2,2.0,Appartement,79.0,4.0
1626885,05/10/2020,Vente,"147000,00",138.0,BD,7960,ST MARCEAUX,51100.0,REIMS,51,454,CK,157,4,2.0,Appartement,59.0,2.0
1626904,05/10/2020,Vente,"127840,00",5.0,RUE,6050,MARYSE BASTIE,51100.0,REIMS,51,454,BC,23,2,2.0,Appartement,66.0,4.0
1626917,28/10/2020,Vente,"104500,00",8.0,RUE,6670,DES ORPHELINS,51100.0,REIMS,51,454,CY,224,1,2.0,Appartement,44.0,2.0
1626921,02/10/2020,Vente,"100000,00",103.0,RUE,1640,DU CHALET,51100.0,REIMS,51,454,BK,19,3,2.0,Appartement,63.0,3.0
1626931,26/10/2020,Vente,"121500,00",251.0,RUE,2440,DE COURLANCY,51100.0,REIMS,51,454,DN,548,2,2.0,Appartement,64.0,3.0
1626935,19/10/2020,Vente,"237500,00",15.0,RUE,2290,COQUEBERT,51100.0,REIMS,51,454,BH,533,2,2.0,Appartement,115.0,4.0
1626939,22/10/2020,Vente,"165980,00",19.0,RUE,3650,FOLLE PEINE,51100.0,REIMS,51,454,CY,737,2,2.0,Appartement,66.0,3.0
1626942,26/10/2020,Vente,"83900,00",9.0,RUE,5435,LEONE LALIRE,51100.0,REIMS,51,454,CY,752,1,2.0,Appartement,40.0,1.0
1626952,27/10/2020,Vente,"135000,00",49.0,RUE,9090,VICTOR ROGELET,51100.0,REIMS,51,454,AW,179,2,2.0,Appartement,50.0,3.0
1626966,29/10/2020,Vente,"33650,00",27.0,RUE,9150,DE VILLEDOMMANGE,51100.0,REIMS,51,454,DO,151,1,2.0,Appartement,15.0,1.0
1626988,26/10/2020,Vente,"70000,00",13.0,RUE,8720,TOURNEBONNEAU,51100.0,REIMS,51,454,DM,630,2,2.0,Appartement,33.0,1.0
1626996,12/10/2020,Vente,"68000,00",4.0,RUE,8230,DES SALINES,51100.0,REIMS,51,454,CZ,174,1,2.0,Appartement,30.0,1.0
1626997,16/10/2020,Vente,"70000,00",25.0,RUE,3000,DOCTEUR THOMAS,51100.0,REIMS,51,454,AW,542,2,2.0,Appartement,40.0,2.0
1627027,29/10/2020,Vente,"62130,00",135.0,RUE,2440,DE COURLANCY,51100.0,REIMS,51,454,HY,161,2,2.0,Appartement,19.0,1.0
1627029,16/10/2020,Vente,"142500,00",41.0,AV,8030,ST POL,51100.0,REIMS,51,454,DM,629,2,2.0,Appartement,75.0,3.0
1627033,29/10/2020,Vente,"150000,00",71.0,RUE,5891,MARCEL THIL,51100.0,REIMS,51,454,AV,761,2,2.0,Appartement,64.0,4.0
1627044,29/10/2020,Vente,"138000,00",6.0,RUE,1590,DE CERNAY,51100.0,REIMS,51,454,CW,74,3,2.0,Appartement,60.0,2.0
1627053,16/10/2020,Vente,"117000,00",159.0,RUE,6470,DE NEUFCHATEL,51100.0,REIMS,51,454,AM,59,1,2.0,Appartement,67.0,3.0
1627054,05/11/2020,Vente,"250000,00",11.0,RUE,3180,EDOUARD MIGNOT,51100.0,REIMS,51,454,AT,415,1,2.0,Appartement,77.0,3.0
1627079,05/11/2020,Vente,"102000,00",8.0,RUE,8320,DE SILLERY,51100.0,REIMS,51,454,CI,146,1,2.0,Appartement,48.0,2.0
1627086,03/11/2020,Vente,"139000,00",17.0,RUE,8670,DE TINQUEUX,51100.0,REIMS,51,454,IO,66,1,2.0,Appartement,54.0,2.0
1627090,28/10/2020,Vente,"300000,00",59.0,AV,6425,NATIONALE NEUV,51100.0,REIMS,51,454,KK,1,0,2.0,Appartement,18.0,2.0
1627115,26/10/2020,Vente,"192150,00",2.0,RUE,0830,BERTIN,51100.0,REIMS,51,454,BE,129,2,2.0,Appartement,58.0,3.0
1627139,15/10/2020,Vente,"67000,00",67.0,RUE,3000,DOCTEUR THOMAS,51100.0,REIMS,51,454,AW,218,2,2.0,Appartement,36.0,2.0
1627162,13/10/2020,Vente,"83500,00",42.0,RUE,1360,CAMILLE LENOIR,51100.0,REIMS,51,454,BH,159,1,2.0,Appartement,20.0,1.0
1627189,30/10/2020,Vente,"120000,00",32.0,RUE,3070,DUQUENELLE,51100.0,REIMS,51,454,AW,296,0,2.0,Appartement,34.0,2.0
1627190,30/10/2020,Vente,"120000,00",32.0,RUE,3070,DUQUENELLE,51100.0,REIMS,51,454,AW,296,0,2.0,Appartement,34.0,2.0
1627191,30/10/2020,Vente,"120000,00",32.0,RUE,3070,DUQUENELLE,51100.0,REIMS,51,454,AW,296,0,2.0,Appartement,34.0,2.0
1627239,27/10/2020,Vente,"76000,00",21.0,AV,4455,HENRI FARMAN,51100.0,REIMS,51,454,DH,90,1,2.0,Appartement,17.0,1.0
1627240,27/10/2020,Vente,"76000,00",21.0,AV,4455,HENRI FARMAN,51100.0,REIMS,51,454,DH,90,1,2.0,Appartement,17.0,1.0
1627241,16/10/2020,Vente,"353000,00",218.0,AV,5300,DE LAON,51100.0,REIMS,51,454,AX,439,0,2.0,Appartement,50.0,3.0
1627243,16/10/2020,Vente,"353000,00",218.0,AV,5300,DE LAON,51100.0,REIMS,51,454,AX,439,0,2.0,Appartement,45.0,2.0
1627244,16/10/2020,Vente,"353000,00",218.0,AV,5300,DE LAON,51100.0,REIMS,51,454,AX,439,0,2.0,Appartement,20.0,1.0
1627245,16/10/2020,Vente,"353000,00",218.0,AV,5300,DE LAON,51100.0,REIMS,51,454,AX,439,0,2.0,Appartement,20.0,1.0
1627247,20/10/2020,Vente,"275500,00",57.0,RUE,6230,DU MONT D ARENE,51100.0,REIMS,51,454,AT,17,1,2.0,Appartement,97.0,3.0
1627248,30/10/2020,Vente,"120000,00",35.0,RUE,5520,DES LILAS,51100.0,REIMS,51,454,AS,45,1,2.0,Appartement,67.0,3.0
1627250,30/10/2020,Vente,"335000,00",36.0,RUE,7980,ST MAURICE,51100.0,REIMS,51,454,CZ,366,0,2.0,Appartement,32.0,1.0
1627252,30/10/2020,Vente,"335000,00",36.0,RUE,7980,ST MAURICE,51100.0,REIMS,51,454,CZ,366,0,2.0,Appartement,32.0,1.0
1627253,30/10/2020,Vente,"335000,00",36.0,RUE,7980,ST MAURICE,51100.0,REIMS,51,454,CZ,366,0,2.0,Appartement,31.0,1.0
1627294,02/11/2020,Vente,"112500,00",2.0,BD,6955,DES PHENICIENS,51100.0,REIMS,51,454,EV,594,2,2.0,Appartement,79.0,4.0
1627308,04/11/2020,Vente,"127600,00",11.0,RUE,8000,ST NICAISE,51100.0,REIMS,51,454,CZ,22,2,2.0,Appartement,50.0,3.0
1627310,03/11/2020,Vente,"158000,00",1.0,RUE,1300,BRUYANT,51100.0,REIMS,51,454,AS,295,1,2.0,Appartement,63.0,3.0
1627332,13/11/2020,Vente,"205000,00",199.0,RUE,0600,DU BARBATRE,51100.0,REIMS,51,454,CZ,258,1,2.0,Appartement,69.0,3.0
1627346,29/10/2020,Vente,"149000,00",8.0,ESP,3590,FLECHAMBAULT,51100.0,REIMS,51,454,DM,636,2,2.0,Appartement,83.0,4.0
1627356,29/10/2020,Vente,"74910,00",17.0,RUE,4220,GRANDVAL,51100.0,REIMS,51,454,CL,236,1,2.0,Appartement,29.0,1.0
1627357,09/11/2020,Vente,"80000,00",63.0,BD,2990,DOCTEUR ROUX,51100.0,REIMS,51,454,KO,22,1,2.0,Appartement,32.0,1.0
1627360,21/10/2020,Vente,"84010,00",56.0,RUE,4740,JACQUART,51100.0,REIMS,51,454,BI,569,2,2.0,Appartement,40.0,2.0
1627365,16/10/2020,Vente,"231950,00",21.0,AV,3320,D EPERNAY,51100.0,REIMS,51,454,DP,460,2,2.0,Appartement,122.0,6.0
1627371,23/10/2020,Vente,"144000,00",10.0,RUE,0846,RUE BERTRAND DE VOGUE,51100.0,REIMS,51,454,DK,238,1,2.0,Appartement,73.0,4.0
1627379,30/10/2020,Vente,"122500,00",5.0,AV,4010,GEORGES CLEMENCEAU,51100.0,REIMS,51,454,CK,29,2,2.0,Appartement,60.0,3.0
1627381,26/10/2020,Vente,"130000,00",27.0,RUE,1710,DE CHAMPIGNY,51100.0,REIMS,51,454,AR,302,2,2.0,Appartement,60.0,4.0
1627387,06/11/2020,Vente,"158000,00",71.0,RUE,2070,CLOVIS,51100.0,REIMS,51,454,IK,403,2,2.0,Appartement,58.0,2.0
1627406,20/10/2020,Vente,"118350,00",41.0,RUE,6470,DE NEUFCHATEL,51100.0,REIMS,51,454,AX,878,1,2.0,Appartement,57.0,4.0
1627420,28/10/2020,Vente,"136200,00",279.0,AV,5300,DE LAON,51100.0,REIMS,51,454,AN,143,2,2.0,Appartement,45.0,3.0
1627423,03/11/2020,Vente,"112000,00",71.0,BD,7140,POMMERY,51100.0,REIMS,51,454,CM,177,1,2.0,Appartement,49.0,2.0
1627428,03/11/2020,Vente,"128000,00",34.0,RUE,3280,EMILE ZOLA,51100.0,REIMS,51,454,AW,403,1,2.0,Appartement,36.0,2.0
1627431,07/11/2020,Vente,"60000,00",28.0,RUE,5270,LANDOUZY,51100.0,REIMS,51,454,AW,210,1,2.0,Appartement,25.0,1.0
1627432,19/10/2020,Vente,"190990,00",51.0,BD,4550,HENRY VASNIER,51100.0,REIMS,51,454,CI,77,2,2.0,Appartement,59.0,3.0
1627435,28/10/2020,Vente,"83000,00",22.0,RUE,2560,CROIX ST MARC,51100.0,REIMS,51,454,CV,391,1,2.0,Appartement,43.0,3.0
1627436,05/11/2020,Vente,"305000,00",15.0,RUE,3430,EUGENE DESTEUQUE,51100.0,REIMS,51,454,CX,53,1,2.0,Appartement,78.0,3.0
1627442,30/10/2020,Vente,"120000,00",26.0,BD,5570,LOUIS BARTHOU,51100.0,REIMS,51,454,DT,671,2,2.0,Appartement,65.0,4.0
1627444,02/11/2020,Vente,"170000,00",27.0,AV,4010,GEORGES CLEMENCEAU,51100.0,REIMS,51,454,CL,560,2,2.0,Appartement,79.0,3.0
1627447,02/11/2020,Vente,"187000,00",2.0,AV,3913,DU GENERAL DE GAULLE,51100.0,REIMS,51,454,HX,547,1,2.0,Appartement,66.0,3.0
1627451,29/10/2020,Vente,"632225,00",5.0,BD,3950,DU GENERAL LECLERC,51100.0,REIMS,51,454,IM,29,0,2.0,Appartement,66.0,3.0
1627453,29/10/2020,Vente,"632225,00",5.0,BD,3950,DU GENERAL LECLERC,51100.0,REIMS,51,454,IM,29,0,2.0,Appartement,60.0,3.0
1627459,16/10/2020,Vente,"110000,00",59.0,RUE,1920,DE CHEVIGNE,51100.0,REIMS,51,454,CL,33,2,2.0,Appartement,52.0,2.0
1627461,02/11/2020,Vente,"136939,00",10.0,RUE,4050,GERBERT,51100.0,REIMS,51,454,CY,752,1,2.0,Appartement,76.0,1.0
1627466,06/11/2020,Vente,"123500,00",263.0,AV,5300,DE LAON,51100.0,REIMS,51,454,AN,604,1,2.0,Appartement,70.0,3.0
1627468,05/11/2020,Vente,"137000,00",263.0,AV,5300,DE LAON,51100.0,REIMS,51,454,AN,604,1,2.0,Appartement,70.0,3.0
1627473,06/11/2020,Vente,"114900,00",2.0,RUE,3987,GEORGES BERNANOS,51100.0,REIMS,51,454,HV,978,2,2.0,Appartement,76.0,4.0
1627475,20/10/2020,Vente en l'état futur d'achèvement,"240000,00",8.0,ALL,5657,LUCIEN PONSINET,51100.0,REIMS,51,454,CR,94,1,2.0,Appartement,111.0,4.0
1627485,28/10/2020,Vente,"83000,00",22.0,RUE,4620,HOUZEAU MUIRON,51100.0,REIMS,51,454,CK,203,1,2.0,Appartement,31.0,1.0
1627490,09/11/2020,Vente,"109590,00",140.0,BD,2650,DAUPHINOT,51100.0,REIMS,51,454,CV,1049,2,2.0,Appartement,49.0,2.0
1627504,04/11/2020,Vente,"96000,00",91.0,RUE,6830,P VAILLANT COUTURIER,51100.0,REIMS,51,454,AV,1044,1,2.0,Appartement,53.0,3.0
1627534,24/10/2020,Vente,"79000,00",71.0,RUE,2430,DE COURCELLES,51100.0,REIMS,51,454,AT,319,1,2.0,Appartement,29.0,2.0
1627559,06/11/2020,Vente,"140000,00",20.0,RUE,2975,DR LUCIEN BETTINGER,51100.0,REIMS,51,454,AE,262,2,2.0,Appartement,76.0,4.0
1627583,06/11/2020,Vente,"119000,00",6.0,ALL,7615,RONSARD,51100.0,REIMS,51,454,DK,184,1,2.0,Appartement,106.0,6.0
1627588,10/11/2020,Vente,"115000,00",13.0,RUE,8270,DE SEBASTOPOL,51100.0,REIMS,51,454,BI,126,3,2.0,Appartement,51.0,3.0
1627598,04/11/2020,Vente,"69000,00",69.0,RUE,3280,EMILE ZOLA,51100.0,REIMS,51,454,AW,444,1,2.0,Appartement,30.0,1.0
1627632,30/10/2020,Vente,"166000,00",5.0,RUE,6740,PASSE DEMOISELLES,51100.0,REIMS,51,454,HX,576,1,2.0,Appartement,69.0,3.0
1627647,10/11/2020,Vente en l'état futur d'achèvement,"127000,00",5.0,RUE,4965,JEAN URBAIN,51100.0,REIMS,51,454,BI,35,1,2.0,Appartement,46.0,2.0
1627662,10/11/2020,Vente,"143900,00",52.0,RUE,6230,DU MONT D ARENE,51100.0,REIMS,51,454,AV,382,3,2.0,Appartement,65.0,4.0
1627664,13/11/2020,Vente,"142200,00",3.0,RUE,4425,HELENE NAUTRE,51100.0,REIMS,51,454,BT,580,2,2.0,Appartement,77.0,3.0
1627672,19/10/2020,Vente,"146000,00",133.0,BD,7140,POMMERY,51100.0,REIMS,51,454,CI,65,2,2.0,Appartement,57.0,2.0
1627692,12/11/2020,Vente,"72500,00",94.0,RUE,5350,LEDRU ROLLIN,51100.0,REIMS,51,454,DV,33,2,2.0,Appartement,40.0,2.0
1627694,29/10/2020,Vente,"76000,00",7.0,RUE,8980,VERNOUILLET,51100.0,REIMS,51,454,AT,221,2,2.0,Appartement,49.0,2.0
1627732,10/11/2020,Vente,"113000,00",10.0,RUE,4050,GERBERT,51100.0,REIMS,51,454,CY,752,1,2.0,Appartement,43.0,1.0
1627758,18/11/2020,Vente,"692520,00",40.0,RUE,1310,BUIRETTE,51100.0,REIMS,51,454,IM,499,4,2.0,Appartement,214.0,5.0
1627768,21/10/2020,Vente,"117000,00",15.0,RUE,3770,FRANCOIS DOR,51100.0,REIMS,51,454,HX,385,1,2.0,Appartement,38.0,2.0
1627782,18/11/2020,Vente,"65000,00",39.0,AV,4455,HENRI FARMAN,51100.0,REIMS,51,454,EK,6,1,2.0,Appartement,18.0,1.0
1627798,26/10/2020,Vente,"212000,00",21.0,RUE,8500,DE TALLEYRAND,51100.0,REIMS,51,454,IL,230,2,2.0,Appartement,50.0,2.0
1627800,27/10/2020,Vente,"138000,00",3.0,RUE,4650,HUGUES KRAFFT,51100.0,REIMS,51,454,AM,760,3,2.0,Appartement,87.0,4.0
1627803,30/10/2020,Vente,"78000,00",11.0,RUE,8670,DE TINQUEUX,51100.0,REIMS,51,454,IO,390,1,2.0,Appartement,20.0,1.0
1627804,30/10/2020,Vente,"78000,00",11.0,RUE,8670,DE TINQUEUX,51100.0,REIMS,51,454,IO,390,1,2.0,Appartement,15.0,1.0
1627813,29/10/2020,Vente,"85000,00",7.0,RUE,8620,THIERS,51100.0,REIMS,51,454,IL,46,1,2.0,Appartement,33.0,1.0
1627875,29/10/2020,Vente,"114000,00",9.0,RUE,2560,CROIX ST MARC,51100.0,REIMS,51,454,CV,1019,1,2.0,Appartement,55.0,2.0
1627880,03/11/2020,Vente,"145000,00",21.0,RUE,6740,PASSE DEMOISELLES,51100.0,REIMS,51,454,HY,184,1,2.0,Appartement,48.0,2.0
1627890,30/10/2020,Vente,"139200,00",29.0,BD,7960,ST MARCEAUX,51100.0,REIMS,51,454,CK,312,1,2.0,Appartement,74.0,3.0
1627893,02/11/2020,Echange,"124168,00",122.0,RUE,3850,GAMBETTA,51100.0,REIMS,51,454,DM,632,2,2.0,Appartement,59.0,3.0
1627916,08/07/2020,Vente,"304100,00",3.0,PL,6810,PAUL JAMOT,51100.0,REIMS,51,454,CX,112,2,2.0,Appartement,95.0,4.0
1627928,02/11/2020,Vente,"80000,00",36.0,RUE,5920,M CLEMENCE FOURIAUX,51100.0,REIMS,51,454,AV,304,2,2.0,Appartement,34.0,1.0
1627946,07/11/2020,Vente,"148000,00",6.0,RUE,7031,PIERRE HADOT,51100.0,REIMS,51,454,AT,492,1,2.0,Appartement,45.0,2.0
1627958,29/10/2020,Vente,"184000,00",6.0,AV,4900,JEAN JAURES,51100.0,REIMS,51,454,CW,51,2,2.0,Appartement,55.0,3.0
1627973,28/10/2020,Vente,"58000,00",50.0,RUE,5920,M CLEMENCE FOURIAUX,51100.0,REIMS,51,454,AV,849,2,2.0,Appartement,29.0,1.0
1628008,26/10/2020,Vente,"90000,00",1.0,RUE,5785,MAGELLAN,51100.0,REIMS,51,454,EV,589,2,2.0,Appartement,60.0,3.0
1628009,09/11/2020,Vente,"124000,00",11.0,RUE,5435,LEONE LALIRE,51100.0,REIMS,51,454,CY,752,1,2.0,Appartement,48.0,1.0
1628022,02/11/2020,Vente,"149000,00",52.0,RUE,6230,DU MONT D ARENE,51100.0,REIMS,51,454,AV,382,3,2.0,Appartement,65.0,4.0
1628031,09/11/2020,Vente,"164025,00",23.0,BD,6750,PASTEUR,51100.0,REIMS,51,454,CK,310,2,2.0,Appartement,66.0,4.0
1628037,30/10/2020,Vente,"109950,00",69.0,RUE,3280,EMILE ZOLA,51100.0,REIMS,51,454,AW,444,1,2.0,Appartement,52.0,3.0
1628056,30/10/2020,Vente,"70500,00",12.0,RUE,4360,HANNEQUIN,51100.0,REIMS,51,454,AX,226,2,2.0,Appartement,34.0,1.0
1628059,12/11/2020,Vente,"108700,00",5.0,RUE,6050,MARYSE BASTIE,51100.0,REIMS,51,454,BC,23,2,2.0,Appartement,66.0,4.0
1628063,29/10/2020,Vente,"162000,00",16.0,RUE,4035,GERARD PHILIPE,51100.0,REIMS,51,454,CI,67,2,2.0,Appartement,73.0,3.0
1628105,09/11/2020,Vente,"109500,00",9.0,RUE,5435,LEONE LALIRE,51100.0,REIMS,51,454,CY,752,1,2.0,Appartement,40.0,1.0
1628106,12/11/2020,Vente,"200953,00",52.0,RUE,3280,EMILE ZOLA,51100.0,REIMS,51,454,AW,527,2,2.0,Appartement,93.0,5.0
1628112,12/11/2020,Vente,"123000,00",1.0,RUE,2250,DE LA CONCORDE,51100.0,REIMS,51,454,IO,16,1,2.0,Appartement,20.0,1.0
1628114,12/11/2020,Vente,"123000,00",1.0,RUE,2250,DE LA CONCORDE,51100.0,REIMS,51,454,IO,16,1,2.0,Appartement,34.0,1.0
1628116,19/10/2020,Vente,"124000,00",80.0,RUE,3000,DOCTEUR THOMAS,51100.0,REIMS,51,454,AW,268,1,2.0,Appartement,58.0,3.0
1628117,06/11/2020,Vente,"83000,00",37.0,AV,0070,ALEXANDRE DE SERBIE,51100.0,REIMS,51,454,DT,265,2,2.0,Appartement,62.0,3.0
1628158,29/10/2020,Vente,"94000,00",158.0,RUE,7160,PONSARDIN,51100.0,REIMS,51,454,CZ,237,2,2.0,Appartement,54.0,2.0
1628160,12/11/2020,Vente en l'état futur d'achèvement,"197700,00",,RUE,4220,GRANDVAL,51100.0,REIMS,51,454,CL,1000,1,2.0,Appartement,63.0,3.0
1628165,13/11/2020,Vente,"119031,00",30.0,RUE,5920,M CLEMENCE FOURIAUX,51100.0,REIMS,51,454,AV,353,1,2.0,Appartement,51.0,2.0
1628189,28/10/2020,Vente,"95000,00",132.0,RUE,7010,PIERRE BROSSOLETTE,51100.0,REIMS,51,454,AO,739,1,2.0,Appartement,63.0,3.0
1628195,18/09/2020,Vente,"141800,00",7.0,RUE,6670,DES ORPHELINS,51100.0,REIMS,51,454,CY,240,1,2.0,Appartement,55.0,2.0
1628216,13/11/2020,Vente,"79000,00",4.0,RUE,1250,DE BRIMONTEL,51100.0,REIMS,51,454,AY,153,3,2.0,Appartement,38.0,2.0
1628223,09/11/2020,Vente,"66000,00",12.0,RUE,3970,DU GENERAL SARRAIL,51100.0,REIMS,51,454,IL,13,1,2.0,Appartement,13.0,1.0
1628230,30/10/2020,Vente,"162000,00",24.0,RUE,8090,SAINT THIERRY,51100.0,REIMS,51,454,AV,647,2,2.0,Appartement,80.0,3.0
1628240,17/11/2020,Vente,"99000,00",8.0,RUE,7750,SAINT BENOIT,51100.0,REIMS,51,454,AY,221,2,2.0,Appartement,41.0,2.0
1628242,12/11/2020,Vente,"57500,00",7.0,IMP,1440,DES CARMELITES,51100.0,REIMS,51,454,IK,1347,1,2.0,Appartement,22.0,1.0
1628292,03/11/2020,Vente,"154300,00",50.0,BD,7290,PRESIDENT WILSON,51100.0,REIMS,51,454,DP,516,2,2.0,Appartement,110.0,5.0
1628300,17/11/2020,Vente,"85000,00",3.0,ALL,2003,CLAUDE MONET,51100.0,REIMS,51,454,DK,198,1,2.0,Appartement,48.0,2.0
1628383,03/11/2020,Vente,"66000,00",131.0,RUE,1590,DE CERNAY,51100.0,REIMS,51,454,CV,413,2,2.0,Appartement,31.0,2.0
1628385,03/11/2020,Vente,"175000,00",7.0,RUE,1730,CHANTERAINE,51100.0,REIMS,51,454,DM,634,2,2.0,Appartement,79.0,4.0
1628387,24/11/2020,Vente,"50000,00",19.0,RUE,3090,DURUY,51100.0,REIMS,51,454,AX,310,1,2.0,Appartement,35.0,2.0
1628399,23/11/2020,Vente,"110000,00",77.0,RUE,6420,NARCISSE BRUNETTE,51100.0,REIMS,51,454,DT,227,2,2.0,Appartement,67.0,4.0
1628406,03/11/2020,Vente,"75000,00",39.0,RUE,8430,DE STRASBOURG,51100.0,REIMS,51,454,CV,563,2,2.0,Appartement,33.0,2.0
1628417,06/11/2020,Vente,"158800,00",3.0,RUE,1640,DU CHALET,51100.0,REIMS,51,454,BK,328,1,2.0,Appartement,70.0,3.0
1628420,18/11/2020,Vente,"228000,00",53.0,RUE,1920,DE CHEVIGNE,51100.0,REIMS,51,454,CL,35,1,2.0,Appartement,100.0,5.0
1628428,12/11/2020,Vente,"92000,00",64.0,RUE,5840,MALDAN,51100.0,REIMS,51,454,AR,165,2,2.0,Appartement,29.0,2.0
1628430,12/11/2020,Vente,"120000,00",168.0,RUE,1590,DE CERNAY,51100.0,REIMS,51,454,CV,209,2,2.0,Appartement,49.0,2.0
1628446,04/11/2020,Vente,"265000,00",52.0,RUE,1390,DES CAPUCINS,51100.0,REIMS,51,454,IK,426,1,2.0,Appartement,78.0,4.0
1628468,10/11/2020,Vente,"91000,00",136.0,BD,7140,POMMERY,51100.0,REIMS,51,454,CL,1030,1,2.0,Appartement,32.0,1.0
1628469,13/11/2020,Vente,"440000,00",13.0,RUE,1350,DU CADRAN ST PIERRE,51100.0,REIMS,51,454,IL,234,1,2.0,Appartement,128.0,5.0
1628471,23/11/2020,Vente,"92000,00",14.0,RUE,6864,PAYEN,51100.0,REIMS,51,454,HZ,15,2,2.0,Appartement,21.0,1.0
1628487,09/11/2020,Vente,"128000,00",11.0,RUE,3570,DE FISMES,51100.0,REIMS,51,454,AR,765,1,2.0,Appartement,51.0,3.0
1628500,30/10/2020,Vente,"187780,00",124.0,BD,7960,ST MARCEAUX,51100.0,REIMS,51,454,CK,176,2,2.0,Appartement,77.0,4.0
1628503,25/11/2020,Vente,"78450,00",251.0,RUE,2440,DE COURLANCY,51100.0,REIMS,51,454,DN,548,2,2.0,Appartement,41.0,2.0
1628519,30/10/2020,Vente,"139500,00",301.0,AV,5300,DE LAON,51100.0,REIMS,51,454,AN,711,1,2.0,Appartement,84.0,4.0
1628538,29/10/2020,Vente,"74300,00",71.0,RUE,5650,DE LOUVOIS,51100.0,REIMS,51,454,DV,516,1,2.0,Appartement,45.0,2.0
1628540,20/11/2020,Vente,"126000,00",6.0,PL,7990,ST NICAISE,51100.0,REIMS,51,454,CZ,130,1,2.0,Appartement,61.0,3.0
1628541,27/11/2020,Vente,"90500,00",75.0,RUE,5340,LECOINTRE,51100.0,REIMS,51,454,AV,719,2,2.0,Appartement,91.0,5.0
1628545,30/10/2020,Vente,"69000,00",42.0,AV,6730,DE PARIS,51100.0,REIMS,51,454,IO,360,1,2.0,Appartement,31.0,1.0
1628546,30/10/2020,Vente,"55000,00",42.0,AV,6730,DE PARIS,51100.0,REIMS,51,454,IO,360,1,2.0,Appartement,28.0,1.0
1628557,05/11/2020,Vente,"303700,00",8.0,PL,4110,GODINOT,51100.0,REIMS,51,454,CX,560,2,2.0,Appartement,126.0,5.0
1628567,18/11/2020,Vente,"86000,00",11.0,RUE,9090,VICTOR ROGELET,51100.0,REIMS,51,454,AW,159,1,2.0,Appartement,44.0,2.0
1628573,30/11/2020,Vente,"272225,00",11.0,RUE,5540,LINGUET,51100.0,REIMS,51,454,BE,314,2,2.0,Appartement,74.0,3.0
1628584,20/11/2020,Vente,"83000,00",12.0,RUE,5270,LANDOUZY,51100.0,REIMS,51,454,AW,286,1,2.0,Appartement,42.0,2.0
1628591,26/11/2020,Vente,"54000,00",21.0,AV,4455,HENRI FARMAN,51100.0,REIMS,51,454,DH,90,1,2.0,Appartement,17.0,1.0
1628604,02/11/2020,Vente,"238800,00",21.0,RUE,5780,DE LA MAGDELEINE,51100.0,REIMS,51,454,IN,20,2,2.0,Appartement,90.0,4.0
1628630,18/11/2020,Vente,"90000,00",100.0,AV,4010,GEORGES CLEMENCEAU,51100.0,REIMS,51,454,CL,875,2,2.0,Appartement,45.0,2.0
1628649,10/11/2020,Vente,"75200,00",73.0,RUE,5650,DE LOUVOIS,51100.0,REIMS,51,454,DV,516,1,2.0,Appartement,46.0,2.0
1628676,04/11/2020,Vente,"145000,00",301.0,AV,5300,DE LAON,51100.0,REIMS,51,454,AN,711,1,2.0,Appartement,82.0,4.0
1628684,20/11/2020,Vente,"116000,00",135.0,RUE,2440,DE COURLANCY,51100.0,REIMS,51,454,HY,161,2,2.0,Appartement,45.0,2.0
1628686,23/11/2020,Vente,"77000,00",1.0,RUE,6250,DE MONTBRE,51100.0,REIMS,51,454,HY,162,2,2.0,Appartement,34.0,1.0
1628691,12/11/2020,Vente,"70000,00",3.0,PL,5894,MAL DE LATTRE DE TASSIGNY,51100.0,REIMS,51,454,CO,415,2,2.0,Appartement,54.0,3.0
1628699,13/11/2020,Vente,"88000,00",16.0,RUE,0970,BLONDEL,51100.0,REIMS,51,454,AX,839,2,2.0,Appartement,47.0,2.0
1628701,18/11/2020,Vente,"170500,00",18.0,RUE,5290,LANTIOME,51100.0,REIMS,51,454,CL,110,1,2.0,Appartement,66.0,3.0
1628706,17/11/2020,Vente,"205000,00",12.0,RUE,8950,DE VENISE,51100.0,REIMS,51,454,IK,1335,1,2.0,Appartement,103.0,5.0
1628722,16/11/2020,Vente,"48350,00",165.0,RUE,1590,DE CERNAY,51100.0,REIMS,51,454,CV,133,1,2.0,Appartement,20.0,1.0
1628725,20/11/2020,Vente,"140750,00",56.0,RUE,4740,JACQUART,51100.0,REIMS,51,454,BI,569,2,2.0,Appartement,70.0,3.0
1628734,19/11/2020,Vente,"83000,00",23.0,RUE,3280,EMILE ZOLA,51100.0,REIMS,51,454,AW,504,2,2.0,Appartement,47.0,2.0
1628741,12/11/2020,Vente,"150000,00",40.0,RUE,4440,HENRI BARBUSSE,51100.0,REIMS,51,454,CL,1005,1,2.0,Appartement,45.0,2.0
1628743,27/11/2020,Vente,"81510,00",10.0,RUE,6360,DES MURS,51100.0,REIMS,51,454,CY,49,1,2.0,Appartement,30.0,2.0
1628749,05/11/2020,Vente,"250000,00",88.0,RUE,5490,LIBERGIER,51100.0,REIMS,51,454,IK,777,2,2.0,Appartement,70.0,3.0
1628751,24/11/2020,Vente,"90400,00",3.0,CHS,7970,SAINT MARTIN,51100.0,REIMS,51,454,DN,587,1,2.0,Appartement,43.0,2.0
1628771,13/11/2020,Vente,"90000,00",2.0,RUE,8603,THEODORE GERICAULT,51100.0,REIMS,51,454,AE,296,1,2.0,Appartement,88.0,4.0
1628772,13/11/2020,Vente,"90000,00",2.0,RUE,8603,THEODORE GERICAULT,51100.0,REIMS,51,454,AE,296,1,2.0,Appartement,89.0,4.0
1628779,02/12/2020,Vente,"140000,00",30.0,RUE,0550,BACQUENOIS,51100.0,REIMS,51,454,IM,287,3,2.0,Appartement,57.0,3.0
1628783,20/11/2020,Vente,"165000,00",15.0,RUE,6720,DE PARGNY,51100.0,REIMS,51,454,HX,399,1,2.0,Appartement,70.0,4.0
1628785,18/11/2020,Vente,"232000,00",4.0,RUE,2290,COQUEBERT,51100.0,REIMS,51,454,BH,418,1,2.0,Appartement,66.0,3.0
1628793,10/11/2020,Vente,"134350,00",11.0,RUE,1270,BRULART,51100.0,REIMS,51,454,CZ,417,1,2.0,Appartement,55.0,2.0
1628795,20/11/2020,Vente,"95000,00",54.0,RUE,2430,DE COURCELLES,51100.0,REIMS,51,454,AR,808,1,2.0,Appartement,35.0,1.0
1628798,06/11/2020,Vente,"177500,00",122.0,RUE,3850,GAMBETTA,51100.0,REIMS,51,454,DM,632,2,2.0,Appartement,70.0,4.0
1628805,17/11/2020,Vente,"107500,00",58.0,RUE,4220,GRANDVAL,51100.0,REIMS,51,454,CL,203,2,2.0,Appartement,61.0,3.0
1628810,05/11/2020,Vente,"104000,00",12.0,RUE,6260,MONTLAURENT,51100.0,REIMS,51,454,CZ,427,1,2.0,Appartement,50.0,2.0
1628813,20/11/2020,Vente,"94000,00",22.0,RUE,8480,DE TAISSY,51100.0,REIMS,51,454,DK,235,2,2.0,Appartement,59.0,3.0
1628817,06/11/2020,Vente,"67900,00",333.0,AV,5300,DE LAON,51100.0,REIMS,51,454,AN,548,1,2.0,Appartement,52.0,2.0
1628830,20/11/2020,Vente,"65500,00",24.0,RUE,6720,DE PARGNY,51100.0,REIMS,51,454,HW,390,1,2.0,Appartement,21.0,1.0
1628831,10/11/2020,Vente,"170000,00",13.0,RUE,4120,GOIOT,51100.0,REIMS,51,454,CZ,607,2,2.0,Appartement,82.0,4.0
1628834,13/11/2020,Vente,"105500,00",19.0,RUE,4100,DES GOBELINS,51100.0,REIMS,51,454,CV,981,1,2.0,Appartement,55.0,2.0
1628869,23/11/2020,Vente,"138000,00",32.0,BD,4760,JAMIN,51100.0,REIMS,51,454,BI,854,1,2.0,Appartement,68.0,3.0
1628873,03/11/2020,Vente,"89500,00",79.0,RUE,2430,DE COURCELLES,51100.0,REIMS,51,454,AT,248,1,2.0,Appartement,36.0,2.0
1628875,06/11/2020,Vente,"125000,00",195.0,RUE,6830,P VAILLANT COUTURIER,51100.0,REIMS,51,454,AN,719,2,2.0,Appartement,82.0,4.0
1628877,02/12/2020,Vente,"67000,00",52.0,PL,5790,MAGNEUX,51100.0,REIMS,51,454,AR,541,1,2.0,Appartement,34.0,1.0
1628878,25/11/2020,Vente,"50700,00",16.0,RUE,5050,JULES BRUNEAU,51100.0,REIMS,51,454,DT,658,2,2.0,Appartement,24.0,1.0
1628880,18/11/2020,Vente,"99500,00",76.0,RUE,3850,GAMBETTA,51100.0,REIMS,51,454,CY,298,1,2.0,Appartement,32.0,2.0
1628886,06/11/2020,Vente,"60000,00",38.0,RUE,9090,VICTOR ROGELET,51100.0,REIMS,51,454,AW,555,1,2.0,Appartement,20.0,1.0
1628889,19/11/2020,Vente,"311000,00",13.0,RUE,1350,DU CADRAN ST PIERRE,51100.0,REIMS,51,454,IL,234,1,2.0,Appartement,35.0,2.0
1628890,19/11/2020,Vente,"311000,00",13.0,RUE,1350,DU CADRAN ST PIERRE,51100.0,REIMS,51,454,IL,234,1,2.0,Appartement,52.0,2.0
1628894,12/11/2020,Vente,"57000,00",114.0,RUE,6230,DU MONT D ARENE,51100.0,REIMS,51,454,AR,353,2,2.0,Appartement,26.0,2.0
1628932,06/11/2020,Vente,"74000,00",7.0,RUE,5650,DE LOUVOIS,51100.0,REIMS,51,454,DL,141,1,2.0,Appartement,31.0,1.0
1628934,24/11/2020,Vente,"77300,00",26.0,RUE,9160,VILLEMINOT HUART,51100.0,REIMS,51,454,AT,294,2,2.0,Appartement,36.0,2.0
1628937,02/11/2020,Vente,"391000,00",10.0,RUE,0200,D ALSACE LORRAINE,51100.0,REIMS,51,454,CV,9,0,2.0,Appartement,84.0,5.0
1628939,02/11/2020,Vente,"391000,00",10.0,RUE,0200,D ALSACE LORRAINE,51100.0,REIMS,51,454,CV,9,0,2.0,Appartement,32.0,2.0
1628942,25/11/2020,Vente,"119500,00",3.0,PL,5894,MAL DE LATTRE DE TASSIGNY,51100.0,REIMS,51,454,CO,415,2,2.0,Appartement,64.0,4.0
1628947,24/11/2020,Vente,"163500,00",3.0,RUE,8290,16E ET 22E DRAGONS,51100.0,REIMS,51,454,CK,17,2,2.0,Appartement,85.0,4.0
1628950,04/12/2020,Vente,"250000,00",78.0,RUE,6210,DES MOISSONS,51100.0,REIMS,51,454,CK,149,3,2.0,Appartement,81.0,3.0
1628973,25/11/2020,Vente,"95000,00",76.0,RUE,5615,LOUIS PASTEUR NEUV,51100.0,REIMS,51,454,KI,231,1,2.0,Appartement,44.0,2.0
1628987,27/11/2020,Vente,"94300,00",69.0,RUE,5650,DE LOUVOIS,51100.0,REIMS,51,454,DV,538,1,2.0,Appartement,57.0,3.0
1629001,16/11/2020,Vente,"473800,00",6.0,RUE,4890,JEAN JACQUES ROUSSEAU,51100.0,REIMS,51,454,BE,260,2,2.0,Appartement,140.0,4.0
1629028,07/12/2020,Vente,"51800,00",1.0,RUE,2860,DOCTEUR BIENFAIT,51100.0,REIMS,51,454,IO,217,1,2.0,Appartement,21.0,1.0
1629035,13/11/2020,Vente,"145000,00",9.0,RUE,7420,REIMBEAU,51100.0,REIMS,51,454,AX,63,2,2.0,Appartement,38.0,3.0
1629060,04/12/2020,Vente,"170225,00",39.0,RUE,4560,HINCMAR,51100.0,REIMS,51,454,IK,1267,1,2.0,Appartement,49.0,2.0
1629069,27/11/2020,Vente,"309900,00",14.0,RUE,1550,CERES,51100.0,REIMS,51,454,CX,43,2,2.0,Appartement,98.0,3.0
1629099,06/11/2020,Vente,"96000,00",93.0,RUE,3850,GAMBETTA,51100.0,REIMS,51,454,CY,631,1,2.0,Appartement,26.0,1.0
1629144,23/11/2020,Vente en l'état futur d'achèvement,"168200,00",7.0,RUE,3517,DE LA FERME DES ANGLAIS,51100.0,REIMS,51,454,CT,606,1,2.0,Appartement,69.0,3.0
1629146,26/11/2020,Vente en l'état futur d'achèvement,"297605,00",215.0,RUE,2440,DE COURLANCY,51100.0,REIMS,51,454,DN,253,1,2.0,Appartement,67.0,3.0
1629159,23/11/2020,Vente,"43000,00",1.0,ALL,6535,DES NIVERNAIS,51100.0,REIMS,51,454,KT,194,2,2.0,Appartement,53.0,2.0
1629164,18/11/2020,Vente,"50000,00",39.0,BD,6690,DE LA PAIX,51100.0,REIMS,51,454,CK,241,1,2.0,Appartement,23.0,1.0
1629183,23/11/2020,Vente,"109000,00",48.0,RUE,5920,M CLEMENCE FOURIAUX,51100.0,REIMS,51,454,AV,294,1,2.0,Appartement,42.0,2.0
1629190,13/11/2020,Vente,"495000,00",20.0,RUE,0410,DE L ARQUEBUSE,51100.0,REIMS,51,454,IM,328,3,2.0,Appartement,136.0,5.0
1629192,23/11/2020,Vente,"160000,00",27.0,RUE,8570,DU TEMPLE,51100.0,REIMS,51,454,BE,351,2,2.0,Appartement,57.0,3.0
1629211,30/11/2020,Vente,"133000,00",10.0,RUE,2192,COMMANDANT ARNAUD,51100.0,REIMS,51,454,AL,402,2,2.0,Appartement,79.0,4.0
1629220,24/11/2020,Vente,"168700,00",78.0,RUE,5460,LESAGE,51100.0,REIMS,51,454,AY,172,1,2.0,Appartement,68.0,3.0
1629229,20/11/2020,Vente,"82000,00",3.0,ALL,7019,PIERRE GRANDREMY,51100.0,REIMS,51,454,HT,90,2,2.0,Appartement,84.0,5.0
1629240,03/12/2020,Vente,"133000,00",44.0,RUE,8980,VERNOUILLET,51100.0,REIMS,51,454,AT,233,2,2.0,Appartement,74.0,4.0
1629268,24/11/2020,Vente,"147000,00",94.0,RUE,8090,SAINT THIERRY,51100.0,REIMS,51,454,AN,325,2,2.0,Appartement,76.0,4.0
1629278,02/12/2020,Vente,"90300,00",134.0,RUE,7010,PIERRE BROSSOLETTE,51100.0,REIMS,51,454,AO,739,1,2.0,Appartement,63.0,3.0
1629290,26/11/2020,Vente,"152500,00",155.0,AV,4900,JEAN JAURES,51100.0,REIMS,51,454,BI,138,1,2.0,Appartement,35.0,3.0
1629299,24/11/2020,Vente,"82000,00",18.0,RUE,7710,RUINART DE BRIMONT,51100.0,REIMS,51,454,CW,636,1,2.0,Appartement,25.0,1.0
1629310,27/11/2020,Vente,"85000,00",13.0,RUE,7015,PIERRE DE COUBERTIN,51100.0,REIMS,51,454,AE,110,2,2.0,Appartement,81.0,4.0
1629322,27/11/2020,Vente,"39000,00",54.0,BD,7290,PRESIDENT WILSON,51100.0,REIMS,51,454,DP,516,1,2.0,Appartement,18.0,1.0
1629330,18/11/2020,Vente,"192000,00",271.0,AV,5300,DE LAON,51100.0,REIMS,51,454,AN,695,1,2.0,Appartement,24.0,1.0
1629331,18/11/2020,Vente,"192000,00",271.0,AV,5300,DE LAON,51100.0,REIMS,51,454,AN,695,2,2.0,Appartement,27.0,1.0
1629343,26/11/2020,Vente,"135000,00",7.0,RUE,2760,DESBUREAUX,51100.0,REIMS,51,454,AL,419,2,2.0,Appartement,103.0,5.0
1629345,25/11/2020,Vente,"134500,00",13.0,BD,1510,CARTERET,51100.0,REIMS,51,454,CV,842,2,2.0,Appartement,56.0,2.0
1629357,02/12/2020,Vente,"51000,00",21.0,RUE,1890,DU CHEMIN VERT,51100.0,REIMS,51,454,CH,859,1,2.0,Appartement,15.0,1.0
1629370,27/11/2020,Vente,"155350,00",6.0,AV,6730,DE PARIS,51100.0,REIMS,51,454,IO,191,2,2.0,Appartement,73.0,4.0
1629374,18/11/2020,Vente,"424500,00",58.0,RUE,1110,BOULARD,51100.0,REIMS,51,454,IK,1349,1,2.0,Appartement,143.0,6.0
1629376,27/11/2020,Vente,"109000,00",11.0,RUE,6210,DES MOISSONS,51100.0,REIMS,51,454,CW,637,1,2.0,Appartement,33.0,1.0
1629377,27/11/2020,Vente,"170000,00",7.0,RUE,4560,HINCMAR,51100.0,REIMS,51,454,IK,1370,2,2.0,Appartement,45.0,2.0
1629381,01/12/2020,Vente,"50000,00",37.0,RUE,6920,PETIT DELBOURG,51100.0,REIMS,51,454,CL,608,1,2.0,Appartement,25.0,1.0
1629394,01/12/2020,Vente,"163000,00",51.0,BD,4550,HENRY VASNIER,51100.0,REIMS,51,454,CI,77,1,2.0,Appartement,44.0,2.0
1629405,25/11/2020,Vente,"133630,00",22.0,RUE,5400,LEON FAUCHER,51100.0,REIMS,51,454,BC,23,2,2.0,Appartement,78.0,5.0
1629411,24/11/2020,Vente,"193962,00",6.0,RUE,8090,SAINT THIERRY,51100.0,REIMS,51,454,AV,1097,1,2.0,Appartement,54.0,2.0
1629414,26/11/2020,Vente,"370000,00",1.0,PL,5390,LEON BOURGEOIS,51100.0,REIMS,51,454,BE,435,2,2.0,Appartement,97.0,4.0
1629420,04/12/2020,Vente,"114500,00",77.0,RUE,5650,DE LOUVOIS,51100.0,REIMS,51,454,DV,82,1,2.0,Appartement,70.0,4.0
1629425,30/11/2020,Vente,"95000,00",132.0,RUE,7010,PIERRE BROSSOLETTE,51100.0,REIMS,51,454,AO,739,1,2.0,Appartement,63.0,3.0
1629438,20/11/2020,Vente,"88218,00",5.0,RUE,6330,DES MOULINS,51100.0,REIMS,51,454,DM,633,2,2.0,Appartement,30.0,1.0
1629445,20/11/2020,Vente,"93000,00",23.0,RUE,6470,DE NEUFCHATEL,51100.0,REIMS,51,454,AX,58,2,2.0,Appartement,48.0,2.0
1629457,30/11/2020,Vente,"96000,00",100.0,RUE,3280,EMILE ZOLA,51100.0,REIMS,51,454,AX,266,1,2.0,Appartement,45.0,2.0
1629461,01/12/2020,Vente,"64000,00",3.0,RUE,6835,PAUL VERLAINE,51100.0,REIMS,51,454,AD,521,2,2.0,Appartement,30.0,1.0
1629469,01/12/2020,Vente,"147000,00",25.0,RUE,7160,PONSARDIN,51100.0,REIMS,51,454,CX,106,2,2.0,Appartement,50.0,2.0
1629474,08/12/2020,Vente,"68000,00",85.0,RUE,1390,DES CAPUCINS,51100.0,REIMS,51,454,IK,478,1,2.0,Appartement,28.0,1.0
1629493,17/11/2020,Vente,"310000,00",19.0,RUE,2570,CROUTELLE,51100.0,REIMS,51,454,AV,167,0,2.0,Appartement,22.0,1.0
1629494,17/11/2020,Vente,"310000,00",19.0,RUE,2570,CROUTELLE,51100.0,REIMS,51,454,AV,167,0,2.0,Appartement,39.0,2.0
1629495,17/11/2020,Vente,"310000,00",19.0,RUE,2570,CROUTELLE,51100.0,REIMS,51,454,AV,167,0,2.0,Appartement,40.0,1.0
1629496,17/11/2020,Vente,"310000,00",19.0,RUE,2570,CROUTELLE,51100.0,REIMS,51,454,AV,167,0,2.0,Appartement,22.0,1.0
1629497,17/11/2020,Vente,"310000,00",19.0,RUE,2570,CROUTELLE,51100.0,REIMS,51,454,AV,167,0,2.0,Appartement,40.0,2.0
1629502,19/11/2020,Vente,"111500,00",3.0,RUE,8720,TOURNEBONNEAU,51100.0,REIMS,51,454,DM,628,1,2.0,Appartement,46.0,2.0
1629507,19/11/2020,Vente,"190000,00",21.0,RUE,3180,EDOUARD MIGNOT,51100.0,REIMS,51,454,AT,375,1,2.0,Appartement,79.0,3.0
1629527,03/12/2020,Vente,"89600,00",1.0,ALL,2003,CLAUDE MONET,51100.0,REIMS,51,454,DK,198,1,2.0,Appartement,46.0,2.0
1629593,02/12/2020,Vente,"174000,00",5.0,IMP,5690,LUNDY,51100.0,REIMS,51,454,BH,572,1,2.0,Appartement,51.0,2.0
1629597,25/11/2020,Vente,"324000,00",6.0,RUE,7090,PLUMET FOLLIART,51100.0,REIMS,51,454,AV,1050,0,2.0,Appartement,14.0,1.0
1629598,25/11/2020,Vente,"324000,00",6.0,RUE,7090,PLUMET FOLLIART,51100.0,REIMS,51,454,AV,1050,0,2.0,Appartement,123.0,5.0
1629600,25/11/2020,Vente,"324000,00",6.0,RUE,7090,PLUMET FOLLIART,51100.0,REIMS,51,454,AV,1050,0,2.0,Appartement,28.0,2.0
1629613,20/11/2020,Vente,"460000,00",8.0,RUE,2740,DERODE,51100.0,REIMS,51,454,BI,608,0,2.0,Appartement,42.0,2.0
1629614,20/11/2020,Vente,"460000,00",8.0,RUE,2740,DERODE,51100.0,REIMS,51,454,BI,608,0,2.0,Appartement,30.0,2.0
1629615,20/11/2020,Vente,"460000,00",8.0,RUE,2740,DERODE,51100.0,REIMS,51,454,BI,608,0,2.0,Appartement,37.0,2.0
1629616,20/11/2020,Vente,"460000,00",8.0,RUE,2740,DERODE,51100.0,REIMS,51,454,BI,608,0,2.0,Appartement,43.0,2.0
1629617,20/11/2020,Vente,"460000,00",8.0,RUE,2740,DERODE,51100.0,REIMS,51,454,BI,608,0,2.0,Appartement,21.0,1.0
1629618,20/11/2020,Vente,"460000,00",8.0,RUE,2740,DERODE,51100.0,REIMS,51,454,BI,608,0,2.0,Appartement,38.0,2.0
1629619,20/11/2020,Vente,"460000,00",8.0,RUE,2740,DERODE,51100.0,REIMS,51,454,BI,608,0,2.0,Appartement,49.0,2.0
1629621,30/11/2020,Vente,"74520,00",36.0,RUE,1870,DE CHATIVESLE,51100.0,REIMS,51,454,IM,390,1,2.0,Appartement,18.0,2.0
1629622,06/11/2020,Vente,"81000,00",30.0,RUE,7010,PIERRE BROSSOLETTE,51100.0,REIMS,51,454,AV,416,1,2.0,Appartement,33.0,1.0
1629632,04/12/2020,Vente en l'état futur d'achèvement,"189414,00",33.0,RUE,6920,PETIT DELBOURG,51100.0,REIMS,51,454,CL,579,1,2.0,Appartement,50.0,2.0
1629637,27/11/2020,Vente,"128100,00",1.0,RUE,2170,DU COLONEL FABIEN,51100.0,REIMS,51,454,HZ,102,2,2.0,Appartement,50.0,2.0
1629669,18/11/2020,Vente,"287000,00",28.0,RUE,6864,PAYEN,51100.0,REIMS,51,454,HZ,22,1,2.0,Appartement,117.0,4.0
1629711,02/12/2020,Vente,"140000,00",4.0,AV,3455,DE L EUROPE,51100.0,REIMS,51,454,CM,118,2,2.0,Appartement,90.0,4.0
1629717,01/12/2020,Vente,"71000,00",2.0,PL,7016,PIERRE DE FERMAT,51100.0,REIMS,51,454,AE,117,2,2.0,Appartement,83.0,5.0
1629725,02/12/2020,Vente,"116650,00",10.0,RUE,5980,DE MARS,51100.0,REIMS,51,454,BE,475,1,2.0,Appartement,27.0,1.0
1629727,27/11/2020,Vente,"462750,00",42.0,RUE,7790,DE ST BRICE,51100.0,REIMS,51,454,AT,247,1,2.0,Appartement,122.0,4.0
1629731,02/12/2020,Vente,"70000,00",133.0,RUE,2440,DE COURLANCY,51100.0,REIMS,51,454,HY,161,2,2.0,Appartement,27.0,1.0
1629735,03/12/2020,Vente,"145000,00",38.0,CRS,4850,J B LANGLET,51100.0,REIMS,51,454,IL,57,2,2.0,Appartement,72.0,3.0
1629743,18/11/2020,Vente,"124700,00",9.0,RUE,2760,DESBUREAUX,51100.0,REIMS,51,454,AL,419,2,2.0,Appartement,83.0,4.0
1629775,02/12/2020,Vente,"134145,00",7.0,RUE,3517,DE LA FERME DES ANGLAIS,51100.0,REIMS,51,454,CT,606,1,2.0,Appartement,54.0,2.0
1629779,24/11/2020,Vente,"183500,00",29.0,BD,7960,ST MARCEAUX,51100.0,REIMS,51,454,CK,312,1,2.0,Appartement,92.0,4.0
1629794,07/12/2020,Vente,"530000,00",21.0,RUE,3340,DE L EQUERRE,51100.0,REIMS,51,454,CY,300,0,2.0,Appartement,31.0,1.0
1629795,07/12/2020,Vente,"530000,00",21.0,RUE,3340,DE L EQUERRE,51100.0,REIMS,51,454,CY,300,0,2.0,Appartement,54.0,1.0
1629796,07/12/2020,Vente,"530000,00",21.0,RUE,3340,DE L EQUERRE,51100.0,REIMS,51,454,CY,300,0,2.0,Appartement,65.0,3.0
1629797,07/12/2020,Vente,"530000,00",21.0,RUE,3340,DE L EQUERRE,51100.0,REIMS,51,454,CY,300,0,2.0,Appartement,71.0,4.0
1629816,23/11/2020,Vente,"150000,00",144.0,RUE,7160,PONSARDIN,51100.0,REIMS,51,454,CZ,419,2,2.0,Appartement,60.0,2.0
1629829,08/12/2020,Vente,"87400,00",8.0,RUE,2290,COQUEBERT,51100.0,REIMS,51,454,BH,38,1,2.0,Appartement,32.0,1.0
1629830,24/11/2020,Vente,"128000,00",15.0,RUE,8890,DE L UNION FONCIERE,51100.0,REIMS,51,454,HX,220,2,2.0,Appartement,63.0,3.0
1629865,07/12/2020,Vente,"45000,00",11.0,RUE,8670,DE TINQUEUX,51100.0,REIMS,51,454,IO,390,1,2.0,Appartement,17.0,1.0
1629883,20/11/2020,Vente,"782500,00",15.0,RUE,6360,DES MURS,51100.0,REIMS,51,454,CX,267,0,2.0,Appartement,80.0,3.0
1629884,20/11/2020,Vente,"782500,00",15.0,RUE,6360,DES MURS,51100.0,REIMS,51,454,CX,267,0,2.0,Appartement,80.0,3.0
1629885,20/11/2020,Vente,"782500,00",15.0,RUE,6360,DES MURS,51100.0,REIMS,51,454,CX,267,0,2.0,Appartement,52.0,3.0
1629886,20/11/2020,Vente,"782500,00",15.0,RUE,6360,DES MURS,51100.0,REIMS,51,454,CX,267,0,2.0,Appartement,108.0,5.0
1629887,03/12/2020,Vente,"101450,00",139.0,RUE,7010,PIERRE BROSSOLETTE,51100.0,REIMS,51,454,AO,426,2,2.0,Appartement,44.0,2.0
1629914,03/12/2020,Vente,"65000,00",10.0,RUE,4870,JEAN DE FOIGNY,51100.0,REIMS,51,454,DO,591,1,2.0,Appartement,55.0,3.0
1629915,03/12/2020,Vente,"65000,00",8.0,RUE,4870,JEAN DE FOIGNY,51100.0,REIMS,51,454,DO,591,1,2.0,Appartement,55.0,3.0
1629938,02/12/2020,Vente,"109200,00",25.0,RUE,3770,FRANCOIS DOR,51100.0,REIMS,51,454,HX,390,1,2.0,Appartement,60.0,3.0
1629947,26/11/2020,Vente,"110000,00",16.0,RUE,6210,DES MOISSONS,51100.0,REIMS,51,454,CW,21,1,2.0,Appartement,28.0,2.0
1629949,30/11/2020,Vente,"98550,00",80.0,RUE,3000,DOCTEUR THOMAS,51100.0,REIMS,51,454,AW,268,1,2.0,Appartement,52.0,2.0
1629955,16/11/2020,Vente,"180000,00",28.0,RUE,0820,DE BERRU,51100.0,REIMS,51,454,CW,357,1,2.0,Appartement,69.0,3.0
1629957,04/12/2020,Vente,"133000,00",66.0,RUE,4740,JACQUART,51100.0,REIMS,51,454,BI,573,1,2.0,Appartement,66.0,3.0
1629964,04/12/2020,Vente,"120000,00",24.0,RUE,8090,SAINT THIERRY,51100.0,REIMS,51,454,AV,647,2,2.0,Appartement,53.0,3.0
1629978,01/12/2020,Vente,"197550,00",118.0,RUE,6230,DU MONT D ARENE,51100.0,REIMS,51,454,AR,355,1,2.0,Appartement,71.0,3.0
1629983,23/11/2020,Vente,"90000,00",81.0,RUE,1740,CHANZY,51100.0,REIMS,51,454,CX,387,1,2.0,Appartement,29.0,1.0
1629986,01/12/2020,Vente,"74000,00",135.0,RUE,2440,DE COURLANCY,51100.0,REIMS,51,454,HY,161,2,2.0,Appartement,25.0,1.0
1630001,16/11/2020,Vente,"45000,00",42.0,AV,6730,DE PARIS,51100.0,REIMS,51,454,IO,360,1,2.0,Appartement,19.0,1.0
1630002,27/11/2020,Vente,"183500,00",29.0,BD,7960,ST MARCEAUX,51100.0,REIMS,51,454,CK,312,1,2.0,Appartement,87.0,4.0
1630025,30/11/2020,Vente,"103500,00",1.0,AV,4010,GEORGES CLEMENCEAU,51100.0,REIMS,51,454,CK,312,1,2.0,Appartement,47.0,2.0
1630029,07/12/2020,Vente,"315000,00",31.0,RUE,3970,DU GENERAL SARRAIL,51100.0,REIMS,51,454,IL,445,1,2.0,Appartement,89.0,4.0
1630047,19/11/2020,Vente,"121000,00",67.0,RUE,3500,FAVART D HERBIGNY,51100.0,REIMS,51,454,CV,1134,1,2.0,Appartement,42.0,2.0
1630049,07/12/2020,Vente,"114400,00",63.0,RUE,3500,FAVART D HERBIGNY,51100.0,REIMS,51,454,CV,744,5,2.0,Appartement,44.0,3.0
1630056,16/12/2020,Vente,"66500,00",52.0,RUE,3000,DOCTEUR THOMAS,51100.0,REIMS,51,454,AW,280,1,2.0,Appartement,26.0,1.0
1630062,16/12/2020,Vente,"400000,00",51.0,RUE,5460,LESAGE,51100.0,REIMS,51,454,AW,298,0,2.0,Appartement,40.0,2.0
1630063,16/12/2020,Vente,"400000,00",51.0,RUE,5460,LESAGE,51100.0,REIMS,51,454,AW,298,0,2.0,Appartement,68.0,3.0
1630064,16/12/2020,Vente,"400000,00",51.0,RUE,5460,LESAGE,51100.0,REIMS,51,454,AW,298,0,2.0,Appartement,68.0,3.0
1630065,16/12/2020,Vente,"400000,00",51.0,RUE,5460,LESAGE,51100.0,REIMS,51,454,AW,298,0,2.0,Appartement,62.0,3.0
1630069,01/12/2020,Vente,"79000,00",4.0,ALL,7615,RONSARD,51100.0,REIMS,51,454,DK,184,2,2.0,Appartement,65.0,3.0
1630078,20/11/2020,Vente,"400000,00",40.0,RUE,4902,JEAN JAURES NEUV,51100.0,REIMS,51,454,KK,11,0,2.0,Appartement,80.0,2.0
1630079,20/11/2020,Vente,"400000,00",40.0,RUE,4902,JEAN JAURES NEUV,51100.0,REIMS,51,454,KK,11,0,2.0,Appartement,80.0,2.0
1630080,20/11/2020,Vente,"400000,00",40.0,RUE,4902,JEAN JAURES NEUV,51100.0,REIMS,51,454,KK,11,0,2.0,Appartement,70.0,2.0
1630090,16/12/2020,Vente,"162000,00",60.0,PL,3040,DROUET D ERLON,51100.0,REIMS,51,454,IL,337,2,2.0,Appartement,51.0,2.0
1630124,13/11/2020,Vente,"174400,00",13.0,BD,7960,ST MARCEAUX,51100.0,REIMS,51,454,CK,17,2,2.0,Appartement,93.0,3.0
1630134,11/12/2020,Vente,"80640,00",35.0,RUE,7150,DE LA POMPELLE,51100.0,REIMS,51,454,CL,727,1,2.0,Appartement,34.0,1.0
1630136,03/12/2020,Vente,"57000,00",11.0,ALL,1725,CH NICOLAS ROLAND,51100.0,REIMS,51,454,DM,239,2,2.0,Appartement,43.0,2.0
1630138,10/12/2020,Vente,"125000,00",237.0,AV,4900,JEAN JAURES,51100.0,REIMS,51,454,BK,208,1,2.0,Appartement,73.0,2.0
1630141,25/11/2020,Vente,"185000,00",66.0,RUE,8950,DE VENISE,51100.0,REIMS,51,454,IK,288,2,2.0,Appartement,102.0,4.0
1630146,04/12/2020,Vente,"158000,00",25.0,RUE,4970,JEANNE D ARC,51100.0,REIMS,51,454,IM,189,1,2.0,Appartement,25.0,1.0
1630147,04/12/2020,Vente,"158000,00",25.0,RUE,4970,JEANNE D ARC,51100.0,REIMS,51,454,IM,189,1,2.0,Appartement,40.0,2.0
1630148,04/12/2020,Vente,"158000,00",25.0,RUE,4970,JEANNE D ARC,51100.0,REIMS,51,454,IM,189,1,2.0,Appartement,14.0,1.0
1630155,04/12/2020,Vente,"168000,00",22.0,RUE,2170,DU COLONEL FABIEN,51100.0,REIMS,51,454,IO,168,2,2.0,Appartement,88.0,4.0
1630156,04/12/2020,Vente,"238712,00",11.0,RUE,0180,ALPHONSE DEFFAUT,51100.0,REIMS,51,454,AN,661,1,2.0,Appartement,70.0,3.0
1630171,14/12/2020,Vente,"640000,00",25.0,RUE,5940,MARLOT,51100.0,REIMS,51,454,IK,523,0,2.0,Appartement,40.0,2.0
1630172,14/12/2020,Vente,"640000,00",25.0,RUE,5940,MARLOT,51100.0,REIMS,51,454,IK,523,0,2.0,Appartement,40.0,2.0
1630173,14/12/2020,Vente,"640000,00",25.0,RUE,5940,MARLOT,51100.0,REIMS,51,454,IK,523,0,2.0,Appartement,50.0,2.0
1630174,14/12/2020,Vente,"640000,00",25.0,RUE,5940,MARLOT,51100.0,REIMS,51,454,IK,523,0,2.0,Appartement,15.0,1.0
1630175,14/12/2020,Vente,"640000,00",25.0,RUE,5940,MARLOT,51100.0,REIMS,51,454,IK,523,0,2.0,Appartement,50.0,2.0
1630176,14/12/2020,Vente,"640000,00",25.0,RUE,5940,MARLOT,51100.0,REIMS,51,454,IK,523,0,2.0,Appartement,40.0,2.0
1630189,08/12/2020,Vente,"64000,00",67.0,RUE,3500,FAVART D HERBIGNY,51100.0,REIMS,51,454,CV,1134,1,2.0,Appartement,24.0,1.0
1630191,10/12/2020,Vente,"160000,00",1.0,RUE,8820,DES 3 PILIERS,51100.0,REIMS,51,454,AW,26,1,2.0,Appartement,116.0,3.0
1630195,23/11/2020,Vente,"102000,00",230.0,AV,4900,JEAN JAURES,51100.0,REIMS,51,454,CT,256,1,2.0,Appartement,17.0,1.0
1630196,23/11/2020,Vente,"102000,00",230.0,AV,4900,JEAN JAURES,51100.0,REIMS,51,454,CT,256,1,2.0,Appartement,41.0,1.0
1630199,25/11/2020,Vente,"241500,00",32.0,RUE,5310,LAURENT DERAMEZ,51100.0,REIMS,51,454,BH,170,1,2.0,Appartement,85.0,5.0
1630210,23/10/2020,Vente,"253000,00",16.0,RUE,0870,DE BETHENY,51100.0,REIMS,51,454,BI,43,2,2.0,Appartement,31.0,2.0
1630217,07/12/2020,Vente,"82500,00",10.0,RUE,4610,HOURELLE,51100.0,REIMS,51,454,KO,26,2,2.0,Appartement,30.0,2.0
1630222,17/12/2020,Vente,"125000,00",14.0,RUE,2280,DE CONTRAI,51100.0,REIMS,51,454,CY,644,1,2.0,Appartement,54.0,3.0
1630233,17/12/2020,Vente,"126000,00",23.0,RUE,2170,DU COLONEL FABIEN,51100.0,REIMS,51,454,HZ,89,1,2.0,Appartement,92.0,4.0
1630238,30/11/2020,Vente,"60500,00",1.0,RUE,2250,DE LA CONCORDE,51100.0,REIMS,51,454,IO,16,1,2.0,Appartement,25.0,1.0
1630239,30/11/2020,Vente,"239620,00",23.0,RUE,2170,DU COLONEL FABIEN,51100.0,REIMS,51,454,HZ,89,1,2.0,Appartement,70.0,2.0
1630242,17/12/2020,Vente,"133000,00",15.0,RUE,8890,DE L UNION FONCIERE,51100.0,REIMS,51,454,HX,220,2,2.0,Appartement,59.0,3.0
1630244,30/11/2020,Vente,"57000,00",1.0,RUE,2250,DE LA CONCORDE,51100.0,REIMS,51,454,IO,16,1,2.0,Appartement,27.0,1.0
1630246,16/12/2020,Vente,"40660,00",10.0,RUE,1260,DE LA BRIQUETERIE,51100.0,REIMS,51,454,DV,671,1,2.0,Appartement,18.0,1.0
1630247,07/12/2020,Vente,"207000,00",19.0,RUE,4100,DES GOBELINS,51100.0,REIMS,51,454,CV,981,1,2.0,Appartement,104.0,5.0
1630250,11/12/2020,Vente,"82000,00",9.0,RUE,4307,GUILLAUME APOLLINAIRE,51100.0,REIMS,51,454,KP,30,1,2.0,Appartement,52.0,2.0
1630252,14/12/2020,Vente,"104600,00",45.0,RUE,8320,DE SILLERY,51100.0,REIMS,51,454,CL,662,1,2.0,Appartement,56.0,2.0
1630253,11/12/2020,Vente,"103150,00",7.0,RUE,5435,LEONE LALIRE,51100.0,REIMS,51,454,CY,752,1,2.0,Appartement,47.0,1.0
1630255,04/12/2020,Vente,"167000,00",301.0,AV,5300,DE LAON,51100.0,REIMS,51,454,AN,711,1,2.0,Appartement,105.0,6.0
1630258,10/12/2020,Vente,"205500,00",158.0,AV,4900,JEAN JAURES,51100.0,REIMS,51,454,CV,981,1,2.0,Appartement,113.0,4.0
1630263,15/12/2020,Vente en l'état futur d'achèvement,"276816,00",33.0,RUE,6920,PETIT DELBOURG,51100.0,REIMS,51,454,CL,579,1,2.0,Appartement,72.0,3.0
1630266,10/12/2020,Vente,"39000,00",54.0,BD,7290,PRESIDENT WILSON,51100.0,REIMS,51,454,DP,516,1,2.0,Appartement,18.0,1.0
1630273,04/12/2020,Vente,"149000,00",1.0,AV,4010,GEORGES CLEMENCEAU,51100.0,REIMS,51,454,CK,312,1,2.0,Appartement,71.0,3.0
1630323,20/11/2020,Vente,"85950,00",34.0,BD,9070,VICTOR HUGO,51100.0,REIMS,51,454,CZ,190,2,2.0,Appartement,36.0,1.0
1630326,08/12/2020,Vente,"169000,00",139.0,RUE,7010,PIERRE BROSSOLETTE,51100.0,REIMS,51,454,AO,426,2,2.0,Appartement,69.0,4.0
1630332,11/12/2020,Vente,"303000,00",5.0,RUE,8224,DE LA SALLE,51100.0,REIMS,51,454,IL,118,2,2.0,Appartement,110.0,3.0
1630361,11/12/2020,Vente,"97000,00",47.0,RUE,8500,DE TALLEYRAND,51100.0,REIMS,51,454,IL,620,1,2.0,Appartement,38.0,1.0
1630362,11/12/2020,Vente,"97000,00",47.0,RUE,8500,DE TALLEYRAND,51100.0,REIMS,51,454,IL,620,1,2.0,Appartement,90.0,1.0
1630371,17/12/2020,Vente,"160000,00",87.0,RUE,8950,DE VENISE,51100.0,REIMS,51,454,CY,434,1,2.0,Appartement,78.0,4.0
1630415,11/12/2020,Vente,"61500,00",8.0,RUE,2280,DE CONTRAI,51100.0,REIMS,51,454,CY,8,1,2.0,Appartement,21.0,1.0
1630416,10/12/2020,Vente,"165500,00",7.0,RUE,3517,DE LA FERME DES ANGLAIS,51100.0,REIMS,51,454,CT,606,1,2.0,Appartement,69.0,3.0
1630448,01/12/2020,Vente,"522000,00",61.0,RUE,5490,LIBERGIER,51100.0,REIMS,51,454,IK,929,4,2.0,Appartement,125.0,4.0
1630450,14/12/2020,Vente,"479300,00",32.0,RUE,9090,VICTOR ROGELET,51100.0,REIMS,51,454,AW,184,0,2.0,Appartement,55.0,3.0
1630451,14/12/2020,Vente,"479300,00",32.0,RUE,9090,VICTOR ROGELET,51100.0,REIMS,51,454,AW,184,0,2.0,Appartement,45.0,2.0
1630452,14/12/2020,Vente,"479300,00",32.0,RUE,9090,VICTOR ROGELET,51100.0,REIMS,51,454,AW,184,0,2.0,Appartement,52.0,3.0
1630468,14/12/2020,Vente,"151500,00",169.0,RUE,6830,P VAILLANT COUTURIER,51100.0,REIMS,51,454,AN,366,2,2.0,Appartement,62.0,4.0
1630482,03/12/2020,Vente,"86000,00",73.0,RUE,7160,PONSARDIN,51100.0,REIMS,51,454,CY,627,1,2.0,Appartement,30.0,1.0
1630483,08/12/2020,Vente,"1100000,00",25.0,RUE,2070,CLOVIS,51100.0,REIMS,51,454,IK,643,0,2.0,Appartement,78.0,3.0
1630485,08/12/2020,Vente,"1100000,00",25.0,RUE,2070,CLOVIS,51100.0,REIMS,51,454,IK,643,0,2.0,Appartement,94.0,4.0
1630486,08/12/2020,Vente,"1100000,00",25.0,RUE,2070,CLOVIS,51100.0,REIMS,51,454,IK,643,0,2.0,Appartement,47.0,2.0
1630488,08/12/2020,Vente,"1100000,00",27.0,RUE,2070,CLOVIS,51100.0,REIMS,51,454,IK,1426,0,2.0,Appartement,81.0,4.0
1630489,08/12/2020,Vente,"1100000,00",27.0,RUE,2070,CLOVIS,51100.0,REIMS,51,454,IK,1426,0,2.0,Appartement,61.0,2.0
1630493,26/11/2020,Vente,"265000,00",15.0,RUE,1880,CHAVAILLIAUD,51100.0,REIMS,51,454,CV,716,0,2.0,Appartement,31.0,2.0
1630494,26/11/2020,Vente,"265000,00",15.0,RUE,1880,CHAVAILLIAUD,51100.0,REIMS,51,454,CV,716,0,2.0,Appartement,70.0,4.0
1630500,07/12/2020,Vente,"76500,00",28.0,RUE,8500,DE TALLEYRAND,51100.0,REIMS,51,454,IL,231,1,2.0,Appartement,23.0,1.0
1630504,24/11/2020,Vente,"110000,00",66.0,RUE,4740,JACQUART,51100.0,REIMS,51,454,BI,573,1,2.0,Appartement,51.0,2.0
1630507,18/12/2020,Vente en l'état futur d'achèvement,"282149,00",33.0,RUE,6920,PETIT DELBOURG,51100.0,REIMS,51,454,CL,579,1,2.0,Appartement,69.0,3.0
1630509,14/12/2020,Vente,"393000,00",40.0,RUE,6520,NICOLAS HENRIOT,51100.0,REIMS,51,454,CW,501,2,2.0,Appartement,135.0,6.0
1630512,09/12/2020,Vente,"115770,00",14.0,ALL,8718,DES TOURANGEAUX,51100.0,REIMS,51,454,KT,179,2,2.0,Appartement,78.0,3.0
1630515,14/12/2020,Vente,"127000,00",38.0,RUE,8430,DE STRASBOURG,51100.0,REIMS,51,454,CV,589,1,2.0,Appartement,43.0,2.0
1630533,14/12/2020,Vente,"84750,00",42.0,RUE,2440,DE COURLANCY,51100.0,REIMS,51,454,HY,56,1,2.0,Appartement,26.0,1.0
1630548,10/12/2020,Vente,"132000,00",19.0,RUE,6720,DE PARGNY,51100.0,REIMS,51,454,HX,401,2,2.0,Appartement,67.0,4.0
1630551,10/12/2020,Vente,"63650,00",10.0,RUE,2970,DOCTEUR LEMOINE,51100.0,REIMS,51,454,BC,258,1,2.0,Appartement,23.0,1.0
1630566,14/12/2020,Vente,"100000,00",71.0,RUE,5891,MARCEL THIL,51100.0,REIMS,51,454,AV,761,2,2.0,Appartement,57.0,3.0
1630585,08/12/2020,Vente en l'état futur d'achèvement,"297123,00",215.0,RUE,2440,DE COURLANCY,51100.0,REIMS,51,454,DN,253,1,2.0,Appartement,67.0,3.0
1630608,18/12/2020,Vente en l'état futur d'achèvement,"212000,00",28.0,CHS,0980,BOCQUAINE,51100.0,REIMS,51,454,HZ,172,1,2.0,Appartement,40.0,2.0
1630676,14/12/2020,Vente,"100000,00",29.0,RUE,5920,M CLEMENCE FOURIAUX,51100.0,REIMS,51,454,AT,94,0,2.0,Appartement,22.0,1.0
1630677,14/12/2020,Vente,"100000,00",29.0,RUE,5920,M CLEMENCE FOURIAUX,51100.0,REIMS,51,454,AT,94,0,2.0,Appartement,107.0,6.0
1630678,14/12/2020,Vente,"100000,00",29.0,RUE,5920,M CLEMENCE FOURIAUX,51100.0,REIMS,51,454,AT,94,0,2.0,Appartement,27.0,1.0
1630680,21/12/2020,Vente,"64000,00",9.0,,3915,GPE GENERAL EISENHOWER,51100.0,REIMS,51,454,HS,216,1,2.0,Appartement,74.0,3.0
1630681,21/12/2020,Vente,"64000,00",9.0,,3915,GPE GENERAL EISENHOWER,51100.0,REIMS,51,454,HS,216,1,2.0,Appartement,74.0,3.0
1630683,14/12/2020,Vente,"193000,00",8.0,RUE,8950,DE VENISE,51100.0,REIMS,51,454,IK,1335,1,2.0,Appartement,112.0,5.0
1630689,18/12/2020,Vente,"285600,00",1.0,RUE,6210,DES MOISSONS,51100.0,REIMS,51,454,CW,138,2,2.0,Appartement,100.0,4.0
1630690,18/12/2020,Vente,"177000,00",131.0,RUE,9040,DE VESLE,51100.0,REIMS,51,454,IK,847,3,2.0,Appartement,70.0,3.0
1630698,18/12/2020,Vente,"139000,00",237.0,AV,4900,JEAN JAURES,51100.0,REIMS,51,454,BK,208,1,2.0,Appartement,102.0,2.0
1630699,18/12/2020,Vente,"121750,00",1.0,RUE,4425,HELENE NAUTRE,51100.0,REIMS,51,454,BT,580,2,2.0,Appartement,85.0,4.0
1630705,18/12/2020,Vente,"174350,00",11.0,RUE,1270,BRULART,51100.0,REIMS,51,454,CZ,417,1,2.0,Appartement,70.0,3.0
1630745,14/12/2020,Vente,"105000,00",114.0,RUE,6230,DU MONT D ARENE,51100.0,REIMS,51,454,AR,353,2,2.0,Appartement,35.0,2.0
1630754,23/12/2020,Vente,"254000,00",10.0,RUE,6910,DU PETIT ARSENAL,51100.0,REIMS,51,454,BE,79,1,2.0,Appartement,72.0,3.0
1630795,14/12/2020,Vente,"65400,00",28.0,RUE,7040,PIERRET,51100.0,REIMS,51,454,AW,137,2,2.0,Appartement,28.0,1.0
1630824,02/12/2020,Vente,"103500,00",6.0,RUE,2280,DE CONTRAI,51100.0,REIMS,51,454,CY,4,1,2.0,Appartement,34.0,1.0
1630829,27/11/2020,Vente,"70000,00",3.0,RUE,3210,DES ELUS,51100.0,REIMS,51,454,IL,100,2,2.0,Appartement,35.0,2.0
1630834,07/12/2020,Vente,"168000,00",1.0,AV,1809,CHARLES FANDRE,51100.0,REIMS,51,454,CT,610,1,2.0,Appartement,63.0,3.0
1630836,01/12/2020,Vente,"77000,00",30.0,RUE,4050,GERBERT,51100.0,REIMS,51,454,CY,694,1,2.0,Appartement,24.0,1.0
1630838,27/11/2020,Vente,"215700,00",139.0,RUE,2430,DE COURCELLES,51100.0,REIMS,51,454,AR,334,1,2.0,Appartement,29.0,2.0
1630840,04/12/2020,Vente,"74500,00",42.0,AV,6730,DE PARIS,51100.0,REIMS,51,454,IO,360,1,2.0,Appartement,41.0,1.0
1630843,04/12/2020,Vente,"127400,00",15.0,RUE,2760,DESBUREAUX,51100.0,REIMS,51,454,AL,419,2,2.0,Appartement,79.0,4.0
1630846,30/11/2020,Vente,"131000,00",139.0,RUE,7010,PIERRE BROSSOLETTE,51100.0,REIMS,51,454,AO,426,2,2.0,Appartement,80.0,4.0
1630861,04/12/2020,Vente,"95000,00",39.0,RUE,8430,DE STRASBOURG,51100.0,REIMS,51,454,CV,563,2,2.0,Appartement,45.0,3.0
1630904,10/12/2020,Vente,"110000,00",10.0,RUE,8555,DES TEINTURIERS,51100.0,REIMS,51,454,CT,536,1,2.0,Appartement,59.0,2.0
1630943,18/12/2020,Vente,"154500,00",28.0,BD,5010,JOFFRE,51100.0,REIMS,51,454,IL,548,1,2.0,Appartement,70.0,3.0
1630952,15/12/2020,Vente,"137000,00",9.0,RUE,7420,REIMBEAU,51100.0,REIMS,51,454,AX,63,2,2.0,Appartement,44.0,2.0
1630959,16/12/2020,Vente,"44000,00",21.0,AV,4455,HENRI FARMAN,51100.0,REIMS,51,454,DH,90,1,2.0,Appartement,17.0,1.0
1630972,15/12/2020,Vente,"270500,00",49.0,AV,4900,JEAN JAURES,51100.0,REIMS,51,454,BH,537,1,2.0,Appartement,126.0,6.0
1630975,15/12/2020,Vente,"207000,00",25.0,RUE,2480,DES COUTURES,51100.0,REIMS,51,454,CI,10,2,2.0,Appartement,102.0,5.0
1631021,21/12/2020,Vente,"69000,00",27.0,RUE,1723,CHANOINE RENE CAMUS,51100.0,REIMS,51,454,KO,32,1,2.0,Appartement,26.0,1.0
1631025,10/12/2020,Vente,"210000,00",6.0,RUE,4270,DE LA GRUE,51100.0,REIMS,51,454,CX,39,1,2.0,Appartement,61.0,3.0
1631030,11/12/2020,Vente,"300000,00",39.0,RUE,1590,DE CERNAY,51100.0,REIMS,51,454,CW,167,1,2.0,Appartement,131.0,6.0
1631040,14/12/2020,Vente,"145400,00",57.0,BD,6790,PAUL DOUMER,51100.0,REIMS,51,454,IK,1348,1,2.0,Appartement,60.0,2.0
1631050,16/12/2020,Vente,"117000,00",55.0,RUE,1360,CAMILLE LENOIR,51100.0,REIMS,51,454,BH,62,2,2.0,Appartement,53.0,3.0
1631071,15/12/2020,Vente,"56570,00",8.0,RUE,2280,DE CONTRAI,51100.0,REIMS,51,454,CY,8,1,2.0,Appartement,15.0,1.0
1631074,04/12/2020,Vente,"55000,00",1.0,RUE,4470,HENRI GUILLAUMET,51100.0,REIMS,51,454,CO,245,1,2.0,Appartement,23.0,1.0
1631075,03/12/2020,Vente,"230000,00",43.0,RUE,1830,CHARLIER,51100.0,REIMS,51,454,BI,265,1,2.0,Appartement,86.0,3.0
1631087,03/12/2020,Vente,"189310,00",11.0,BD,7960,ST MARCEAUX,51100.0,REIMS,51,454,CK,17,2,2.0,Appartement,92.0,4.0
1631112,07/12/2020,Vente,"99000,00",9.0,RUE,0340,DE L ARBALETE,51100.0,REIMS,51,454,IL,501,1,2.0,Appartement,25.0,1.0
1631128,17/12/2020,Vente,"124500,00",14.0,RUE,4290,GUERNIER,51100.0,REIMS,51,454,BI,627,2,2.0,Appartement,63.0,3.0
1631149,14/12/2020,Vente,"140000,00",1.0,RUE,7460,DE LA RENFERMERIE,51100.0,REIMS,51,454,IL,412,3,2.0,Appartement,58.0,3.0
1631151,02/12/2020,Vente,"187000,00",53.0,AV,1809,CHARLES FANDRE,51100.0,REIMS,51,454,CT,533,1,2.0,Appartement,68.0,3.0
1631234,15/12/2020,Vente,"100000,00",16.0,RUE,8950,DE VENISE,51100.0,REIMS,51,454,IK,1401,1,2.0,Appartement,32.0,1.0
1631236,16/12/2020,Vente,"116400,00",4.0,RUE,4425,HELENE NAUTRE,51100.0,REIMS,51,454,BT,580,1,2.0,Appartement,74.0,4.0
1631238,16/12/2020,Vente,"116400,00",4.0,RUE,4425,HELENE NAUTRE,51100.0,REIMS,51,454,BT,580,1,2.0,Appartement,85.0,4.0
1631251,14/12/2020,Vente,"735000,00",23.0,RUE,1480,CARNOT,51100.0,REIMS,51,454,CX,21,0,2.0,Appartement,78.0,3.0
1631253,14/12/2020,Vente,"735000,00",23.0,RUE,1480,CARNOT,51100.0,REIMS,51,454,CX,21,0,2.0,Appartement,46.0,2.0
1631255,03/12/2020,Vente,"81197,00",18.0,RUE,2192,COMMANDANT ARNAUD,51100.0,REIMS,51,454,AL,419,1,2.0,Appartement,71.0,3.0
1631261,15/12/2020,Vente,"185000,00",24.0,RUE,4620,HOUZEAU MUIRON,51100.0,REIMS,51,454,CK,228,2,2.0,Appartement,81.0,4.0
1631268,11/12/2020,Vente,"200000,00",45.0,PL,3040,DROUET D ERLON,51100.0,REIMS,51,454,IM,44,3,2.0,Appartement,65.0,2.0
1631269,16/12/2020,Vente,"118000,00",4.0,RUE,1890,DU CHEMIN VERT,51100.0,REIMS,51,454,CI,135,1,2.0,Appartement,40.0,2.0
1631273,09/12/2020,Vente,"221950,00",14.0,RUE,4620,HOUZEAU MUIRON,51100.0,REIMS,51,454,CK,197,2,2.0,Appartement,87.0,4.0
1631291,29/12/2020,Vente,"340000,00",3.0,RUE,5930,MARIE STUART,51100.0,REIMS,51,454,CX,254,1,2.0,Appartement,73.0,3.0
1631299,03/12/2020,Vente,"89875,00",7.0,RUE,2760,DESBUREAUX,51100.0,REIMS,51,454,AL,419,1,2.0,Appartement,79.0,4.0
1631304,17/12/2020,Vente en l'état futur d'achèvement,"218616,00",2.0,RUE,6687,PABLO PICASSO,51100.0,REIMS,51,454,CL,1000,1,2.0,Appartement,62.0,3.0
1631317,14/12/2020,Vente en l'état futur d'achèvement,"133000,00",5.0,RUE,4965,JEAN URBAIN,51100.0,REIMS,51,454,BI,35,1,2.0,Appartement,49.0,2.0
1631319,17/12/2020,Vente,"115000,00",67.0,RUE,1830,CHARLIER,51100.0,REIMS,51,454,BI,627,2,2.0,Appartement,63.0,3.0
1631323,17/12/2020,Vente,"185000,00",10.0,RUE,8950,DE VENISE,51100.0,REIMS,51,454,IK,1335,1,2.0,Appartement,85.0,4.0
1631332,17/12/2020,Vente,"3240000,00",31.0,RUE,2190,DU COLONEL MOLL,51100.0,REIMS,51,454,AX,637,0,2.0,Appartement,15.0,1.0
1631333,17/12/2020,Vente,"3240000,00",31.0,RUE,2190,DU COLONEL MOLL,51100.0,REIMS,51,454,AX,637,0,2.0,Appartement,15.0,1.0
1631334,17/12/2020,Vente,"3240000,00",31.0,RUE,2190,DU COLONEL MOLL,51100.0,REIMS,51,454,AX,637,0,2.0,Appartement,16.0,1.0
1631335,17/12/2020,Vente,"3240000,00",31.0,RUE,2190,DU COLONEL MOLL,51100.0,REIMS,51,454,AX,637,0,2.0,Appartement,16.0,1.0
1631336,17/12/2020,Vente,"3240000,00",31.0,RUE,2190,DU COLONEL MOLL,51100.0,REIMS,51,454,AX,637,0,2.0,Appartement,16.0,1.0
1631337,17/12/2020,Vente,"3240000,00",31.0,RUE,2190,DU COLONEL MOLL,51100.0,REIMS,51,454,AX,637,0,2.0,Appartement,17.0,1.0
1631338,17/12/2020,Vente,"3240000,00",31.0,RUE,2190,DU COLONEL MOLL,51100.0,REIMS,51,454,AX,637,0,2.0,Appartement,15.0,1.0
1631339,17/12/2020,Vente,"3240000,00",31.0,RUE,2190,DU COLONEL MOLL,51100.0,REIMS,51,454,AX,637,0,2.0,Appartement,23.0,1.0
1631340,17/12/2020,Vente,"3240000,00",31.0,RUE,2190,DU COLONEL MOLL,51100.0,REIMS,51,454,AX,637,0,2.0,Appartement,17.0,1.0
1631341,17/12/2020,Vente,"3240000,00",31.0,RUE,2190,DU COLONEL MOLL,51100.0,REIMS,51,454,AX,637,0,2.0,Appartement,16.0,1.0
1631342,17/12/2020,Vente,"3240000,00",31.0,RUE,2190,DU COLONEL MOLL,51100.0,REIMS,51,454,AX,637,0,2.0,Appartement,23.0,2.0
1631343,17/12/2020,Vente,"3240000,00",31.0,RUE,2190,DU COLONEL MOLL,51100.0,REIMS,51,454,AX,637,0,2.0,Appartement,82.0,2.0
1631344,17/12/2020,Vente,"3240000,00",31.0,RUE,2190,DU COLONEL MOLL,51100.0,REIMS,51,454,AX,637,0,2.0,Appartement,22.0,1.0
1631345,17/12/2020,Vente,"3240000,00",31.0,RUE,2190,DU COLONEL MOLL,51100.0,REIMS,51,454,AX,637,0,2.0,Appartement,15.0,1.0
1631346,17/12/2020,Vente,"3240000,00",31.0,RUE,2190,DU COLONEL MOLL,51100.0,REIMS,51,454,AX,637,0,2.0,Appartement,17.0,1.0
1631347,17/12/2020,Vente,"3240000,00",31.0,RUE,2190,DU COLONEL MOLL,51100.0,REIMS,51,454,AX,637,0,2.0,Appartement,23.0,1.0
1631348,17/12/2020,Vente,"3240000,00",31.0,RUE,2190,DU COLONEL MOLL,51100.0,REIMS,51,454,AX,637,0,2.0,Appartement,15.0,1.0
1631349,17/12/2020,Vente,"3240000,00",31.0,RUE,2190,DU COLONEL MOLL,51100.0,REIMS,51,454,AX,637,0,2.0,Appartement,18.0,1.0
1631350,17/12/2020,Vente,"3240000,00",31.0,RUE,2190,DU COLONEL MOLL,51100.0,REIMS,51,454,AX,637,0,2.0,Appartement,26.0,1.0
1631352,17/12/2020,Vente,"3240000,00",31.0,RUE,2190,DU COLONEL MOLL,51100.0,REIMS,51,454,AX,637,0,2.0,Appartement,15.0,1.0
1631353,17/12/2020,Vente,"3240000,00",31.0,RUE,2190,DU COLONEL MOLL,51100.0,REIMS,51,454,AX,637,0,2.0,Appartement,26.0,1.0
1631354,17/12/2020,Vente,"3240000,00",31.0,RUE,2190,DU COLONEL MOLL,51100.0,REIMS,51,454,AX,637,0,2.0,Appartement,19.0,1.0
1631355,17/12/2020,Vente,"3240000,00",31.0,RUE,2190,DU COLONEL MOLL,51100.0,REIMS,51,454,AX,637,0,2.0,Appartement,26.0,1.0
1631356,17/12/2020,Vente,"3240000,00",31.0,RUE,2190,DU COLONEL MOLL,51100.0,REIMS,51,454,AX,637,0,2.0,Appartement,16.0,1.0
1631357,17/12/2020,Vente,"3240000,00",31.0,RUE,2190,DU COLONEL MOLL,51100.0,REIMS,51,454,AX,637,0,2.0,Appartement,25.0,1.0
1631358,17/12/2020,Vente,"3240000,00",31.0,RUE,2190,DU COLONEL MOLL,51100.0,REIMS,51,454,AX,637,0,2.0,Appartement,23.0,1.0
1631359,17/12/2020,Vente,"3240000,00",31.0,RUE,2190,DU COLONEL MOLL,51100.0,REIMS,51,454,AX,637,0,2.0,Appartement,20.0,1.0
1631360,17/12/2020,Vente,"3240000,00",31.0,RUE,2190,DU COLONEL MOLL,51100.0,REIMS,51,454,AX,637,0,2.0,Appartement,23.0,1.0
1631361,17/12/2020,Vente,"3240000,00",31.0,RUE,2190,DU COLONEL MOLL,51100.0,REIMS,51,454,AX,637,0,2.0,Appartement,17.0,1.0
1631362,17/12/2020,Vente,"3240000,00",31.0,RUE,2190,DU COLONEL MOLL,51100.0,REIMS,51,454,AX,637,0,2.0,Appartement,17.0,1.0
1631363,17/12/2020,Vente,"3240000,00",31.0,RUE,2190,DU COLONEL MOLL,51100.0,REIMS,51,454,AX,637,0,2.0,Appartement,50.0,3.0
1631364,17/12/2020,Vente,"3240000,00",31.0,RUE,2190,DU COLONEL MOLL,51100.0,REIMS,51,454,AX,637,0,2.0,Appartement,20.0,1.0
1631365,17/12/2020,Vente,"3240000,00",31.0,RUE,2190,DU COLONEL MOLL,51100.0,REIMS,51,454,AX,637,0,2.0,Appartement,26.0,1.0
1631366,17/12/2020,Vente,"3240000,00",31.0,RUE,2190,DU COLONEL MOLL,51100.0,REIMS,51,454,AX,637,0,2.0,Appartement,23.0,1.0
1631367,17/12/2020,Vente,"3240000,00",31.0,RUE,2190,DU COLONEL MOLL,51100.0,REIMS,51,454,AX,637,0,2.0,Appartement,18.0,1.0
1631368,17/12/2020,Vente,"3240000,00",31.0,RUE,2190,DU COLONEL MOLL,51100.0,REIMS,51,454,AX,637,0,2.0,Appartement,17.0,1.0
1631369,17/12/2020,Vente,"3240000,00",31.0,RUE,2190,DU COLONEL MOLL,51100.0,REIMS,51,454,AX,637,0,2.0,Appartement,25.0,1.0
1631370,17/12/2020,Vente,"3240000,00",31.0,RUE,2190,DU COLONEL MOLL,51100.0,REIMS,51,454,AX,637,0,2.0,Appartement,16.0,1.0
1631371,17/12/2020,Vente,"3240000,00",31.0,RUE,2190,DU COLONEL MOLL,51100.0,REIMS,51,454,AX,637,0,2.0,Appartement,17.0,1.0
1631372,17/12/2020,Vente,"3240000,00",31.0,RUE,2190,DU COLONEL MOLL,51100.0,REIMS,51,454,AX,637,0,2.0,Appartement,15.0,1.0
1631373,17/12/2020,Vente,"3240000,00",31.0,RUE,2190,DU COLONEL MOLL,51100.0,REIMS,51,454,AX,637,0,2.0,Appartement,34.0,2.0
1631374,17/12/2020,Vente,"3240000,00",31.0,RUE,2190,DU COLONEL MOLL,51100.0,REIMS,51,454,AX,637,0,2.0,Appartement,22.0,1.0
1631375,17/12/2020,Vente,"3240000,00",31.0,RUE,2190,DU COLONEL MOLL,51100.0,REIMS,51,454,AX,637,0,2.0,Appartement,18.0,1.0
1631376,17/12/2020,Vente,"3240000,00",31.0,RUE,2190,DU COLONEL MOLL,51100.0,REIMS,51,454,AX,637,0,2.0,Appartement,16.0,1.0
1631377,17/12/2020,Vente,"3240000,00",31.0,RUE,2190,DU COLONEL MOLL,51100.0,REIMS,51,454,AX,637,0,2.0,Appartement,23.0,1.0
1631378,17/12/2020,Vente,"3240000,00",31.0,RUE,2190,DU COLONEL MOLL,51100.0,REIMS,51,454,AX,637,0,2.0,Appartement,17.0,1.0
1631379,17/12/2020,Vente,"3240000,00",31.0,RUE,2190,DU COLONEL MOLL,51100.0,REIMS,51,454,AX,637,0,2.0,Appartement,16.0,1.0
1631380,17/12/2020,Vente,"3240000,00",31.0,RUE,2190,DU COLONEL MOLL,51100.0,REIMS,51,454,AX,637,0,2.0,Appartement,18.0,1.0
1631381,17/12/2020,Vente,"3240000,00",31.0,RUE,2190,DU COLONEL MOLL,51100.0,REIMS,51,454,AX,637,0,2.0,Appartement,16.0,1.0
1631382,17/12/2020,Vente,"3240000,00",31.0,RUE,2190,DU COLONEL MOLL,51100.0,REIMS,51,454,AX,637,0,2.0,Appartement,22.0,1.0
1631383,17/12/2020,Vente,"3240000,00",31.0,RUE,2190,DU COLONEL MOLL,51100.0,REIMS,51,454,AX,637,0,2.0,Appartement,20.0,1.0
1631384,17/12/2020,Vente,"3240000,00",31.0,RUE,2190,DU COLONEL MOLL,51100.0,REIMS,51,454,AX,637,0,2.0,Appartement,21.0,1.0
1631385,17/12/2020,Vente,"3240000,00",31.0,RUE,2190,DU COLONEL MOLL,51100.0,REIMS,51,454,AX,637,0,2.0,Appartement,15.0,1.0
1631386,17/12/2020,Vente,"3240000,00",31.0,RUE,2190,DU COLONEL MOLL,51100.0,REIMS,51,454,AX,637,0,2.0,Appartement,14.0,1.0
1631388,17/12/2020,Vente,"3240000,00",31.0,RUE,2190,DU COLONEL MOLL,51100.0,REIMS,51,454,AX,637,0,2.0,Appartement,15.0,1.0
1631389,17/12/2020,Vente,"3240000,00",31.0,RUE,2190,DU COLONEL MOLL,51100.0,REIMS,51,454,AX,637,0,2.0,Appartement,25.0,1.0
1631390,17/12/2020,Vente,"3240000,00",31.0,RUE,2190,DU COLONEL MOLL,51100.0,REIMS,51,454,AX,637,0,2.0,Appartement,21.0,1.0
1631391,17/12/2020,Vente,"3240000,00",31.0,RUE,2190,DU COLONEL MOLL,51100.0,REIMS,51,454,AX,637,0,2.0,Appartement,34.0,1.0
1631392,17/12/2020,Vente,"3240000,00",31.0,RUE,2190,DU COLONEL MOLL,51100.0,REIMS,51,454,AX,637,0,2.0,Appartement,15.0,1.0
1631393,17/12/2020,Vente,"3240000,00",31.0,RUE,2190,DU COLONEL MOLL,51100.0,REIMS,51,454,AX,637,0,2.0,Appartement,17.0,1.0
1631394,17/12/2020,Vente,"3240000,00",31.0,RUE,2190,DU COLONEL MOLL,51100.0,REIMS,51,454,AX,637,0,2.0,Appartement,16.0,1.0
1631395,17/12/2020,Vente,"3240000,00",31.0,RUE,2190,DU COLONEL MOLL,51100.0,REIMS,51,454,AX,637,0,2.0,Appartement,15.0,1.0
1631396,17/12/2020,Vente,"3240000,00",31.0,RUE,2190,DU COLONEL MOLL,51100.0,REIMS,51,454,AX,637,0,2.0,Appartement,22.0,1.0
1631397,17/12/2020,Vente,"3240000,00",31.0,RUE,2190,DU COLONEL MOLL,51100.0,REIMS,51,454,AX,637,0,2.0,Appartement,16.0,1.0
1631398,17/12/2020,Vente,"3240000,00",31.0,RUE,2190,DU COLONEL MOLL,51100.0,REIMS,51,454,AX,637,0,2.0,Appartement,17.0,1.0
1631399,17/12/2020,Vente,"3240000,00",31.0,RUE,2190,DU COLONEL MOLL,51100.0,REIMS,51,454,AX,637,0,2.0,Appartement,14.0,1.0
1631400,17/12/2020,Vente,"3240000,00",31.0,RUE,2190,DU COLONEL MOLL,51100.0,REIMS,51,454,AX,637,0,2.0,Appartement,18.0,1.0
1631401,17/12/2020,Vente,"3240000,00",31.0,RUE,2190,DU COLONEL MOLL,51100.0,REIMS,51,454,AX,637,0,2.0,Appartement,17.0,1.0
1631402,17/12/2020,Vente,"3240000,00",31.0,RUE,2190,DU COLONEL MOLL,51100.0,REIMS,51,454,AX,637,0,2.0,Appartement,52.0,3.0
1631403,17/12/2020,Vente,"3240000,00",31.0,RUE,2190,DU COLONEL MOLL,51100.0,REIMS,51,454,AX,637,0,2.0,Appartement,22.0,1.0
1631404,17/12/2020,Vente,"3240000,00",31.0,RUE,2190,DU COLONEL MOLL,51100.0,REIMS,51,454,AX,637,0,2.0,Appartement,17.0,1.0
1631405,17/12/2020,Vente,"3240000,00",31.0,RUE,2190,DU COLONEL MOLL,51100.0,REIMS,51,454,AX,637,0,2.0,Appartement,18.0,1.0
1631406,17/12/2020,Vente,"3240000,00",31.0,RUE,2190,DU COLONEL MOLL,51100.0,REIMS,51,454,AX,637,0,2.0,Appartement,22.0,1.0
1631407,17/12/2020,Vente,"3240000,00",31.0,RUE,2190,DU COLONEL MOLL,51100.0,REIMS,51,454,AX,637,0,2.0,Appartement,15.0,1.0
1631408,17/12/2020,Vente,"3240000,00",31.0,RUE,2190,DU COLONEL MOLL,51100.0,REIMS,51,454,AX,637,0,2.0,Appartement,18.0,1.0
1631409,17/12/2020,Vente,"3240000,00",31.0,RUE,2190,DU COLONEL MOLL,51100.0,REIMS,51,454,AX,637,0,2.0,Appartement,17.0,1.0
1631410,17/12/2020,Vente,"3240000,00",31.0,RUE,2190,DU COLONEL MOLL,51100.0,REIMS,51,454,AX,637,0,2.0,Appartement,22.0,1.0
1631411,17/12/2020,Vente,"3240000,00",31.0,RUE,2190,DU COLONEL MOLL,51100.0,REIMS,51,454,AX,637,0,2.0,Appartement,17.0,1.0
1631412,17/12/2020,Vente,"3240000,00",31.0,RUE,2190,DU COLONEL MOLL,51100.0,REIMS,51,454,AX,637,0,2.0,Appartement,26.0,1.0
1631413,17/12/2020,Vente,"3240000,00",31.0,RUE,2190,DU COLONEL MOLL,51100.0,REIMS,51,454,AX,637,0,2.0,Appartement,29.0,1.0
1631414,17/12/2020,Vente,"3240000,00",31.0,RUE,2190,DU COLONEL MOLL,51100.0,REIMS,51,454,AX,637,0,2.0,Appartement,20.0,1.0
1631415,17/12/2020,Vente,"3240000,00",31.0,RUE,2190,DU COLONEL MOLL,51100.0,REIMS,51,454,AX,637,0,2.0,Appartement,16.0,1.0
1631416,17/12/2020,Vente,"3240000,00",31.0,RUE,2190,DU COLONEL MOLL,51100.0,REIMS,51,454,AX,637,0,2.0,Appartement,16.0,1.0
1631417,17/12/2020,Vente,"3240000,00",31.0,RUE,2190,DU COLONEL MOLL,51100.0,REIMS,51,454,AX,637,0,2.0,Appartement,20.0,1.0
1631418,17/12/2020,Vente,"3240000,00",31.0,RUE,2190,DU COLONEL MOLL,51100.0,REIMS,51,454,AX,637,0,2.0,Appartement,23.0,1.0
1631419,17/12/2020,Vente,"3240000,00",31.0,RUE,2190,DU COLONEL MOLL,51100.0,REIMS,51,454,AX,637,0,2.0,Appartement,16.0,1.0
1631420,17/12/2020,Vente,"3240000,00",31.0,RUE,2190,DU COLONEL MOLL,51100.0,REIMS,51,454,AX,637,0,2.0,Appartement,17.0,1.0
1631421,17/12/2020,Vente,"3240000,00",31.0,RUE,2190,DU COLONEL MOLL,51100.0,REIMS,51,454,AX,637,0,2.0,Appartement,24.0,1.0
1631422,17/12/2020,Vente,"3240000,00",31.0,RUE,2190,DU COLONEL MOLL,51100.0,REIMS,51,454,AX,637,0,2.0,Appartement,25.0,1.0
1631423,17/12/2020,Vente,"3240000,00",31.0,RUE,2190,DU COLONEL MOLL,51100.0,REIMS,51,454,AX,637,0,2.0,Appartement,39.0,2.0
1631424,17/12/2020,Vente,"3240000,00",31.0,RUE,2190,DU COLONEL MOLL,51100.0,REIMS,51,454,AX,637,0,2.0,Appartement,19.0,1.0
1631425,17/12/2020,Vente,"3240000,00",31.0,RUE,2190,DU COLONEL MOLL,51100.0,REIMS,51,454,AX,637,0,2.0,Appartement,26.0,1.0
1631426,17/12/2020,Vente,"3240000,00",31.0,RUE,2190,DU COLONEL MOLL,51100.0,REIMS,51,454,AX,637,0,2.0,Appartement,15.0,1.0
1631427,17/12/2020,Vente,"3240000,00",31.0,RUE,2190,DU COLONEL MOLL,51100.0,REIMS,51,454,AX,637,0,2.0,Appartement,23.0,1.0
1631428,17/12/2020,Vente,"3240000,00",31.0,RUE,2190,DU COLONEL MOLL,51100.0,REIMS,51,454,AX,637,0,2.0,Appartement,41.0,2.0
1631429,17/12/2020,Vente,"3240000,00",31.0,RUE,2190,DU COLONEL MOLL,51100.0,REIMS,51,454,AX,637,0,2.0,Appartement,55.0,2.0
1631430,17/12/2020,Vente,"3240000,00",31.0,RUE,2190,DU COLONEL MOLL,51100.0,REIMS,51,454,AX,637,0,2.0,Appartement,16.0,1.0
1631431,17/12/2020,Vente,"3240000,00",31.0,RUE,2190,DU COLONEL MOLL,51100.0,REIMS,51,454,AX,637,0,2.0,Appartement,17.0,1.0
1631441,17/12/2020,Vente,"287000,00",9.0,RUE,8020,ST PIERRE LES DAMES,51100.0,REIMS,51,454,CX,457,3,2.0,Appartement,66.0,4.0
1631447,23/12/2020,Vente,"126000,00",19.0,RUE,6720,DE PARGNY,51100.0,REIMS,51,454,HX,401,2,2.0,Appartement,88.0,5.0
1631451,11/12/2020,Vente,"72000,00",193.0,AV,5300,DE LAON,51100.0,REIMS,51,454,AV,25,2,2.0,Appartement,36.0,2.0
1631457,18/12/2020,Vente,"80000,00",8.0,RUE,1620,CHABAUD,51100.0,REIMS,51,454,IK,798,1,2.0,Appartement,25.0,1.0
1631480,21/12/2020,Vente,"430000,00",1.0,RUE,4440,HENRI BARBUSSE,51100.0,REIMS,51,454,CW,400,0,2.0,Appartement,14.0,1.0
1631481,21/12/2020,Vente,"430000,00",1.0,RUE,4440,HENRI BARBUSSE,51100.0,REIMS,51,454,CW,400,0,2.0,Appartement,34.0,2.0
1631483,21/12/2020,Vente,"430000,00",1.0,RUE,4440,HENRI BARBUSSE,51100.0,REIMS,51,454,CW,400,0,2.0,Appartement,34.0,2.0
1631484,21/12/2020,Vente,"430000,00",1.0,RUE,4440,HENRI BARBUSSE,51100.0,REIMS,51,454,CW,400,0,2.0,Appartement,16.0,1.0
1631485,21/12/2020,Vente,"430000,00",1.0,RUE,4440,HENRI BARBUSSE,51100.0,REIMS,51,454,CW,400,0,2.0,Appartement,62.0,4.0
1631488,21/12/2020,Vente,"430000,00",1.0,RUE,4440,HENRI BARBUSSE,51100.0,REIMS,51,454,CW,400,0,2.0,Appartement,35.0,2.0
1631489,21/12/2020,Vente,"430000,00",1.0,RUE,4440,HENRI BARBUSSE,51100.0,REIMS,51,454,CW,400,0,2.0,Appartement,62.0,4.0
1631492,18/12/2020,Vente,"119200,00",31.0,RUE,6520,NICOLAS HENRIOT,51100.0,REIMS,51,454,CW,458,2,2.0,Appartement,48.0,2.0
1631502,21/12/2020,Vente,"63500,00",131.0,RUE,1590,DE CERNAY,51100.0,REIMS,51,454,CV,413,1,2.0,Appartement,30.0,2.0
1631505,16/12/2020,Vente,"203000,00",23.0,RUE,1740,CHANZY,51100.0,REIMS,51,454,CX,423,2,2.0,Appartement,90.0,4.0
1631519,17/12/2020,Vente,"600000,00",19.0,BD,6690,DE LA PAIX,51100.0,REIMS,51,454,CK,321,2,2.0,Appartement,180.0,5.0
1631534,11/12/2020,Vente,"190000,00",20.0,BD,6690,DE LA PAIX,51100.0,REIMS,51,454,CX,106,2,2.0,Appartement,87.0,4.0
1631535,18/12/2020,Vente,"105400,00",34.0,RUE,1830,CHARLIER,51100.0,REIMS,51,454,BI,183,1,2.0,Appartement,42.0,3.0
1631544,18/12/2020,Vente,"5800000,00",20.0,RUE,5920,M CLEMENCE FOURIAUX,51100.0,REIMS,51,454,AV,779,0,2.0,Appartement,111.0,5.0
1631545,18/12/2020,Vente,"5800000,00",20.0,RUE,5920,M CLEMENCE FOURIAUX,51100.0,REIMS,51,454,AV,779,0,2.0,Appartement,79.0,4.0
1631549,18/12/2020,Vente,"5800000,00",20.0,RUE,5920,M CLEMENCE FOURIAUX,51100.0,REIMS,51,454,AV,779,0,2.0,Appartement,77.0,4.0
1631551,18/12/2020,Vente,"5800000,00",20.0,RUE,5920,M CLEMENCE FOURIAUX,51100.0,REIMS,51,454,AV,779,0,2.0,Appartement,88.0,5.0
1631552,18/12/2020,Vente,"5800000,00",20.0,RUE,5920,M CLEMENCE FOURIAUX,51100.0,REIMS,51,454,AV,779,0,2.0,Appartement,89.0,5.0
1631554,18/12/2020,Vente,"5800000,00",20.0,RUE,5920,M CLEMENCE FOURIAUX,51100.0,REIMS,51,454,AV,779,0,2.0,Appartement,83.0,4.0
1631555,18/12/2020,Vente,"5800000,00",20.0,RUE,5920,M CLEMENCE FOURIAUX,51100.0,REIMS,51,454,AV,779,0,2.0,Appartement,103.0,5.0
1631556,18/12/2020,Vente,"5800000,00",20.0,RUE,5920,M CLEMENCE FOURIAUX,51100.0,REIMS,51,454,AV,779,0,2.0,Appartement,88.0,5.0
1631557,18/12/2020,Vente,"5800000,00",20.0,RUE,5920,M CLEMENCE FOURIAUX,51100.0,REIMS,51,454,AV,779,0,2.0,Appartement,79.0,4.0
1631559,18/12/2020,Vente,"5800000,00",20.0,RUE,5920,M CLEMENCE FOURIAUX,51100.0,REIMS,51,454,AV,779,0,2.0,Appartement,108.0,6.0
1631560,18/12/2020,Vente,"5800000,00",20.0,RUE,5920,M CLEMENCE FOURIAUX,51100.0,REIMS,51,454,AV,779,0,2.0,Appartement,74.0,4.0
1631561,18/12/2020,Vente,"5800000,00",20.0,RUE,5920,M CLEMENCE FOURIAUX,51100.0,REIMS,51,454,AV,779,0,2.0,Appartement,91.0,5.0
1631562,18/12/2020,Vente,"5800000,00",20.0,RUE,5920,M CLEMENCE FOURIAUX,51100.0,REIMS,51,454,AV,779,0,2.0,Appartement,89.0,5.0
1631563,18/12/2020,Vente,"5800000,00",20.0,RUE,5920,M CLEMENCE FOURIAUX,51100.0,REIMS,51,454,AV,779,0,2.0,Appartement,64.0,3.0
1631569,18/12/2020,Vente,"5800000,00",20.0,RUE,5920,M CLEMENCE FOURIAUX,51100.0,REIMS,51,454,AV,779,0,2.0,Appartement,89.0,5.0
1631570,18/12/2020,Vente,"5800000,00",20.0,RUE,5920,M CLEMENCE FOURIAUX,51100.0,REIMS,51,454,AV,779,0,2.0,Appartement,73.0,4.0
1631571,18/12/2020,Vente,"5800000,00",20.0,RUE,5920,M CLEMENCE FOURIAUX,51100.0,REIMS,51,454,AV,779,0,2.0,Appartement,79.0,4.0
1631574,18/12/2020,Vente,"5800000,00",20.0,RUE,5920,M CLEMENCE FOURIAUX,51100.0,REIMS,51,454,AV,779,0,2.0,Appartement,105.0,6.0
1631576,18/12/2020,Vente,"5800000,00",20.0,RUE,5920,M CLEMENCE FOURIAUX,51100.0,REIMS,51,454,AV,779,0,2.0,Appartement,101.0,6.0
1631585,18/12/2020,Vente,"5800000,00",20.0,RUE,5920,M CLEMENCE FOURIAUX,51100.0,REIMS,51,454,AV,779,0,2.0,Appartement,111.0,5.0
1631590,18/12/2020,Vente,"5800000,00",20.0,RUE,5920,M CLEMENCE FOURIAUX,51100.0,REIMS,51,454,AV,779,0,2.0,Appartement,89.0,5.0
1631591,18/12/2020,Vente,"5800000,00",20.0,RUE,5920,M CLEMENCE FOURIAUX,51100.0,REIMS,51,454,AV,779,0,2.0,Appartement,55.0,2.0
1631594,18/12/2020,Vente,"5800000,00",20.0,RUE,5920,M CLEMENCE FOURIAUX,51100.0,REIMS,51,454,AV,779,0,2.0,Appartement,53.0,2.0
1631595,18/12/2020,Vente,"5800000,00",20.0,RUE,5920,M CLEMENCE FOURIAUX,51100.0,REIMS,51,454,AV,779,0,2.0,Appartement,103.0,5.0
1631598,18/12/2020,Vente,"5800000,00",20.0,RUE,5920,M CLEMENCE FOURIAUX,51100.0,REIMS,51,454,AV,779,0,2.0,Appartement,94.0,5.0
1631599,18/12/2020,Vente,"5800000,00",20.0,RUE,5920,M CLEMENCE FOURIAUX,51100.0,REIMS,51,454,AV,779,0,2.0,Appartement,48.0,2.0
1631600,18/12/2020,Vente,"5800000,00",20.0,RUE,5920,M CLEMENCE FOURIAUX,51100.0,REIMS,51,454,AV,779,0,2.0,Appartement,91.0,5.0
1631601,18/12/2020,Vente,"5800000,00",20.0,RUE,5920,M CLEMENCE FOURIAUX,51100.0,REIMS,51,454,AV,779,0,2.0,Appartement,88.0,5.0
1631603,18/12/2020,Vente,"5800000,00",20.0,RUE,5920,M CLEMENCE FOURIAUX,51100.0,REIMS,51,454,AV,779,0,2.0,Appartement,89.0,5.0
1631604,18/12/2020,Vente,"5800000,00",20.0,RUE,5920,M CLEMENCE FOURIAUX,51100.0,REIMS,51,454,AV,779,0,2.0,Appartement,91.0,5.0
1631605,18/12/2020,Vente,"5800000,00",20.0,RUE,5920,M CLEMENCE FOURIAUX,51100.0,REIMS,51,454,AV,779,0,2.0,Appartement,91.0,5.0
1631607,18/12/2020,Vente,"5800000,00",20.0,RUE,5920,M CLEMENCE FOURIAUX,51100.0,REIMS,51,454,AV,779,0,2.0,Appartement,89.0,5.0
1631609,18/12/2020,Vente,"5800000,00",20.0,RUE,5920,M CLEMENCE FOURIAUX,51100.0,REIMS,51,454,AV,779,0,2.0,Appartement,79.0,4.0
1631610,18/12/2020,Vente,"5800000,00",20.0,RUE,5920,M CLEMENCE FOURIAUX,51100.0,REIMS,51,454,AV,779,0,2.0,Appartement,79.0,4.0
1631614,18/12/2020,Vente,"5800000,00",20.0,RUE,5920,M CLEMENCE FOURIAUX,51100.0,REIMS,51,454,AV,779,0,2.0,Appartement,88.0,5.0
1631616,18/12/2020,Vente,"5800000,00",20.0,RUE,5920,M CLEMENCE FOURIAUX,51100.0,REIMS,51,454,AV,779,0,2.0,Appartement,88.0,5.0
1631617,18/12/2020,Vente,"5800000,00",20.0,RUE,5920,M CLEMENCE FOURIAUX,51100.0,REIMS,51,454,AV,779,0,2.0,Appartement,89.0,5.0
1631618,18/12/2020,Vente,"5800000,00",20.0,RUE,5920,M CLEMENCE FOURIAUX,51100.0,REIMS,51,454,AV,779,0,2.0,Appartement,83.0,4.0
1631621,18/12/2020,Vente,"5800000,00",20.0,RUE,5920,M CLEMENCE FOURIAUX,51100.0,REIMS,51,454,AV,779,0,2.0,Appartement,91.0,5.0
1631622,18/12/2020,Vente,"5800000,00",20.0,RUE,5920,M CLEMENCE FOURIAUX,51100.0,REIMS,51,454,AV,779,0,2.0,Appartement,83.0,4.0
1631629,17/12/2020,Vente,"110000,00",121.0,RUE,1390,DES CAPUCINS,51100.0,REIMS,51,454,IK,453,1,2.0,Appartement,42.0,2.0
1631630,17/12/2020,Vente,"110000,00",121.0,RUE,1390,DES CAPUCINS,51100.0,REIMS,51,454,IK,453,3,2.0,Appartement,44.0,2.0
1631631,17/12/2020,Vente,"110000,00",121.0,RUE,1390,DES CAPUCINS,51100.0,REIMS,51,454,IK,453,1,2.0,Appartement,44.0,2.0
1631648,18/12/2020,Vente,"560000,00",4.0,RUE,1620,CHABAUD,51100.0,REIMS,51,454,IK,1236,3,2.0,Appartement,200.0,4.0
1631652,11/12/2020,Vente,"180000,00",75.0,RUE,5340,LECOINTRE,51100.0,REIMS,51,454,AV,719,2,2.0,Appartement,55.0,4.0
1631654,10/12/2020,Vente,"90477,00",251.0,RUE,2440,DE COURLANCY,51100.0,REIMS,51,454,DN,548,2,2.0,Appartement,64.0,4.0
1631657,11/12/2020,Vente,"88450,00",217.0,RUE,0600,DU BARBATRE,51100.0,REIMS,51,454,CZ,603,1,2.0,Appartement,44.0,2.0
1631662,21/12/2020,Vente,"146000,00",7.0,RUE,8580,DES TEMPLIERS,51100.0,REIMS,51,454,BH,346,2,2.0,Appartement,53.0,2.0
1632174,16/12/2020,Vente,"69000,00",29.0,BD,7960,ST MARCEAUX,51100.0,REIMS,51,454,CK,312,1,2.0,Appartement,30.0,1.0
1632181,23/12/2020,Vente,"178770,00",8.0,RUE,8430,DE STRASBOURG,51100.0,REIMS,51,454,CV,940,2,2.0,Appartement,81.0,4.0
1632183,21/12/2020,Vente,"93000,00",5.0,RUE,5895,MARECHAL GALLIENI,51100.0,REIMS,51,454,AH,412,2,2.0,Appartement,69.0,4.0
1632217,22/12/2020,Vente,"279000,00",5.0,RUE,1590,DE CERNAY,51100.0,REIMS,51,454,CW,76,2,2.0,Appartement,90.0,4.0
1632219,23/12/2020,Vente,"47485,00",52.0,BD,7290,PRESIDENT WILSON,51100.0,REIMS,51,454,DP,516,1,2.0,Appartement,18.0,1.0
1632220,28/12/2020,Vente,"115050,00",67.0,BD,7140,POMMERY,51100.0,REIMS,51,454,CM,192,1,2.0,Appartement,45.0,2.0
1632222,28/12/2020,Vente,"85000,00",25.0,RUE,3020,DORIGNY,51100.0,REIMS,51,454,BI,600,1,2.0,Appartement,36.0,2.0
1632225,23/12/2020,Vente,"82000,00",2.0,ALL,3165,EDOUARD DEKETELAERE,51100.0,REIMS,51,454,AN,668,1,2.0,Appartement,56.0,3.0
1632264,18/12/2020,Vente,"236700,00",51.0,BD,4550,HENRY VASNIER,51100.0,REIMS,51,454,CI,77,1,2.0,Appartement,61.0,3.0
1632277,16/12/2020,Vente,"96000,00",49.0,RUE,7160,PONSARDIN,51100.0,REIMS,51,454,CK,358,2,2.0,Appartement,25.0,1.0
1632280,11/12/2020,Vente,"98000,00",2.0,AV,3913,DU GENERAL DE GAULLE,51100.0,REIMS,51,454,HX,547,1,2.0,Appartement,47.0,2.0
1632282,16/12/2020,Vente,"118450,00",71.0,BD,6790,PAUL DOUMER,51100.0,REIMS,51,454,IK,335,2,2.0,Appartement,65.0,2.0
1632283,28/12/2020,Vente,"250000,00",6.0,RUE,2670,DAVID,51100.0,REIMS,51,454,CW,199,3,2.0,Appartement,90.0,3.0
1632363,22/12/2020,Vente,"155000,00",20.0,BD,1510,CARTERET,51100.0,REIMS,51,454,CW,632,2,2.0,Appartement,83.0,4.0
1632375,16/12/2020,Vente,"167100,00",26.0,BD,6750,PASTEUR,51100.0,REIMS,51,454,CY,123,3,2.0,Appartement,149.0,6.0
1632429,23/12/2020,Vente,"334000,00",31.0,RUE,7100,DES POISSONNIERS,51100.0,REIMS,51,454,IM,530,0,2.0,Appartement,38.0,3.0
1632430,23/12/2020,Vente,"334000,00",31.0,RUE,7100,DES POISSONNIERS,51100.0,REIMS,51,454,IM,530,0,2.0,Appartement,25.0,2.0
1632431,23/12/2020,Vente,"334000,00",31.0,RUE,7100,DES POISSONNIERS,51100.0,REIMS,51,454,IM,530,0,2.0,Appartement,21.0,1.0
1632432,23/12/2020,Vente,"334000,00",31.0,RUE,7100,DES POISSONNIERS,51100.0,REIMS,51,454,IM,530,0,2.0,Appartement,25.0,2.0
1632821,29/12/2020,Vente,"105000,00",65.0,BD,2990,DOCTEUR ROUX,51100.0,REIMS,51,454,KO,20,2,2.0,Appartement,38.0,2.0
1632835,17/12/2020,Vente,"97000,00",213.0,AV,5300,DE LAON,51100.0,REIMS,51,454,AV,845,2,2.0,Appartement,47.0,1.0
1632837,21/12/2020,Vente,"148000,00",20.0,RUE,8250,DE SAVOYE,51100.0,REIMS,51,454,BH,50,1,2.0,Appartement,69.0,3.0
1632838,18/12/2020,Vente,"142000,00",6.0,RUE,3610,FLIN DES OLIVIERS,51100.0,REIMS,51,454,HX,17,3,2.0,Appartement,65.0,3.0
1632871,28/12/2020,Vente,"278000,00",38.0,RUE,9090,VICTOR ROGELET,51100.0,REIMS,51,454,AW,555,1,2.0,Appartement,93.0,4.0
1632883,17/12/2020,Vente,"650000,00",15.0,RUE,0870,DE BETHENY,51100.0,REIMS,51,454,BI,620,0,2.0,Appartement,100.0,5.0
1632915,23/12/2020,Vente,"58000,00",135.0,RUE,2440,DE COURLANCY,51100.0,REIMS,51,454,HY,161,1,2.0,Appartement,25.0,1.0
1632919,23/12/2020,Vente,"1780000,00",7.0,RUE,8900,DE L UNIVERSITE,51100.0,REIMS,51,454,CX,228,0,2.0,Appartement,66.0,3.0
1632920,23/12/2020,Vente,"1780000,00",7.0,RUE,8900,DE L UNIVERSITE,51100.0,REIMS,51,454,CX,228,0,2.0,Appartement,131.0,5.0
1632923,23/12/2020,Vente,"1780000,00",7.0,RUE,8900,DE L UNIVERSITE,51100.0,REIMS,51,454,CX,228,0,2.0,Appartement,123.0,3.0
1632924,23/12/2020,Vente,"1780000,00",7.0,RUE,8900,DE L UNIVERSITE,51100.0,REIMS,51,454,CX,228,0,2.0,Appartement,120.0,4.0
1632925,23/12/2020,Vente,"1780000,00",7.0,RUE,8900,DE L UNIVERSITE,51100.0,REIMS,51,454,CX,228,0,2.0,Appartement,92.0,4.0
1632927,23/12/2020,Vente,"1780000,00",7.0,RUE,8900,DE L UNIVERSITE,51100.0,REIMS,51,454,CX,228,0,2.0,Appartement,120.0,5.0
1632928,23/12/2020,Vente,"1780000,00",7.0,RUE,8900,DE L UNIVERSITE,51100.0,REIMS,51,454,CX,228,0,2.0,Appartement,60.0,3.0
1632930,23/12/2020,Vente,"75000,00",3.0,BD,9070,VICTOR HUGO,51100.0,REIMS,51,454,CZ,607,2,2.0,Appartement,43.0,2.0
1632932,16/12/2020,Vente,"275000,00",20.0,RUE,3390,DE L ETAPE,51100.0,REIMS,51,454,IL,530,1,2.0,Appartement,97.0,4.0
1632934,23/12/2020,Vente,"136000,00",6.0,RUE,4100,DES GOBELINS,51100.0,REIMS,51,454,CV,1070,1,2.0,Appartement,46.0,3.0
1632946,21/12/2020,Vente,"130000,00",140.0,BD,2650,DAUPHINOT,51100.0,REIMS,51,454,CV,1049,2,2.0,Appartement,49.0,2.0
1632952,21/12/2020,Vente,"121450,00",83.0,AV,6730,DE PARIS,51100.0,REIMS,51,454,HX,3,2,2.0,Appartement,66.0,4.0
1632954,21/12/2020,Vente,"124990,00",2.0,CHS,0980,BOCQUAINE,51100.0,REIMS,51,454,HZ,102,2,2.0,Appartement,44.0,2.0
1632958,21/12/2020,Vente,"73000,00",12.0,AV,3455,DE L EUROPE,51100.0,REIMS,51,454,CN,577,2,2.0,Appartement,51.0,2.0
1632986,23/12/2020,Vente,"2124000,00",21.0,BD,4760,JAMIN,51100.0,REIMS,51,454,BI,356,0,2.0,Appartement,49.0,3.0
1632987,23/12/2020,Vente,"2124000,00",21.0,BD,4760,JAMIN,51100.0,REIMS,51,454,BI,356,0,2.0,Appartement,62.0,3.0
1632988,23/12/2020,Vente,"2124000,00",21.0,BD,4760,JAMIN,51100.0,REIMS,51,454,BI,356,0,2.0,Appartement,70.0,3.0
1632989,23/12/2020,Vente,"2124000,00",21.0,BD,4760,JAMIN,51100.0,REIMS,51,454,BI,356,0,2.0,Appartement,62.0,3.0
1632990,23/12/2020,Vente,"2124000,00",21.0,BD,4760,JAMIN,51100.0,REIMS,51,454,BI,356,0,2.0,Appartement,23.0,1.0
1632991,23/12/2020,Vente,"2124000,00",21.0,BD,4760,JAMIN,51100.0,REIMS,51,454,BI,356,0,2.0,Appartement,52.0,3.0
1632992,23/12/2020,Vente,"2124000,00",21.0,BD,4760,JAMIN,51100.0,REIMS,51,454,BI,356,0,2.0,Appartement,67.0,3.0
1632993,23/12/2020,Vente,"2124000,00",21.0,BD,4760,JAMIN,51100.0,REIMS,51,454,BI,356,0,2.0,Appartement,51.0,3.0
1632994,23/12/2020,Vente,"2124000,00",21.0,BD,4760,JAMIN,51100.0,REIMS,51,454,BI,356,0,2.0,Appartement,65.0,3.0
1632995,23/12/2020,Vente,"2124000,00",21.0,BD,4760,JAMIN,51100.0,REIMS,51,454,BI,356,0,2.0,Appartement,60.0,3.0
1632996,23/12/2020,Vente,"2124000,00",21.0,BD,4760,JAMIN,51100.0,REIMS,51,454,BI,356,0,2.0,Appartement,49.0,3.0
1632997,23/12/2020,Vente,"2124000,00",21.0,BD,4760,JAMIN,51100.0,REIMS,51,454,BI,356,0,2.0,Appartement,50.0,3.0
1632998,23/12/2020,Vente,"2124000,00",21.0,BD,4760,JAMIN,51100.0,REIMS,51,454,BI,356,0,2.0,Appartement,52.0,3.0
1632999,23/12/2020,Vente,"2124000,00",21.0,BD,4760,JAMIN,51100.0,REIMS,51,454,BI,356,0,2.0,Appartement,62.0,3.0
1633000,23/12/2020,Vente,"2124000,00",21.0,BD,4760,JAMIN,51100.0,REIMS,51,454,BI,356,0,2.0,Appartement,66.0,3.0
1633001,23/12/2020,Vente,"2124000,00",21.0,BD,4760,JAMIN,51100.0,REIMS,51,454,BI,356,0,2.0,Appartement,61.0,3.0
1633003,23/12/2020,Vente,"2124000,00",21.0,BD,4760,JAMIN,51100.0,REIMS,51,454,BI,356,0,2.0,Appartement,60.0,3.0
1633005,23/12/2020,Vente,"2124000,00",21.0,BD,4760,JAMIN,51100.0,REIMS,51,454,BI,356,0,2.0,Appartement,49.0,3.0
1633025,23/12/2020,Vente,"92000,00",21.0,RUE,5019,JOLIOT-CURIE,51100.0,REIMS,51,454,KT,290,2,2.0,Appartement,63.0,3.0
1633076,21/12/2020,Vente,"101600,00",18.0,RUE,7010,PIERRE BROSSOLETTE,51100.0,REIMS,51,454,AV,857,2,2.0,Appartement,42.0,2.0
1633077,22/12/2020,Vente,"30000,00",21.0,RUE,1890,DU CHEMIN VERT,51100.0,REIMS,51,454,CH,859,1,2.0,Appartement,21.0,1.0
1633079,18/12/2020,Vente,"97000,00",24.0,ESP,3590,FLECHAMBAULT,51100.0,REIMS,51,454,DM,636,2,2.0,Appartement,48.0,2.0
1633088,22/12/2020,Vente,"86000,00",18.0,RUE,5920,M CLEMENCE FOURIAUX,51100.0,REIMS,51,454,AV,367,2,2.0,Appartement,39.0,2.0
1633090,22/12/2020,Vente,"186950,00",8.0,RUE,7600,ROGIER,51100.0,REIMS,51,454,BE,59,2,2.0,Appartement,59.0,3.0
1633099,21/12/2020,Vente,"96000,00",86.0,RUE,7010,PIERRE BROSSOLETTE,51100.0,REIMS,51,454,AV,538,2,2.0,Appartement,44.0,2.0
1633108,24/12/2020,Vente,"73000,00",77.0,RUE,6420,NARCISSE BRUNETTE,51100.0,REIMS,51,454,DT,227,2,2.0,Appartement,70.0,4.0
1633115,21/12/2020,Vente,"121600,00",74.0,RUE,5340,LECOINTRE,51100.0,REIMS,51,454,AV,860,2,2.0,Appartement,45.0,2.0
1633116,29/12/2020,Vente,"71740,00",48.0,RUE,5920,M CLEMENCE FOURIAUX,51100.0,REIMS,51,454,AV,294,1,2.0,Appartement,17.0,1.0
1633129,21/12/2020,Vente,"168000,00",31.0,RUE,6850,PAULIN PARIS,51100.0,REIMS,51,454,AW,55,1,2.0,Appartement,58.0,3.0
1633152,22/12/2020,Vente,"54400,00",9.0,RUE,5435,LEONE LALIRE,51100.0,REIMS,51,454,CY,752,1,2.0,Appartement,25.0,1.0
1633191,21/12/2020,Vente,"96000,00",2.0,ALL,7615,RONSARD,51100.0,REIMS,51,454,DK,184,1,2.0,Appartement,75.0,4.0
1633193,22/12/2020,Vente,"135000,00",40.0,RUE,5090,JULES GUICHARD,51100.0,REIMS,51,454,AV,681,1,2.0,Appartement,86.0,5.0
1633194,28/12/2020,Vente,"225000,00",5.0,RUE,1590,DE CERNAY,51100.0,REIMS,51,454,CW,76,1,2.0,Appartement,83.0,4.0
1633199,28/12/2020,Vente,"94000,00",34.0,RUE,1830,CHARLIER,51100.0,REIMS,51,454,BI,183,1,2.0,Appartement,35.0,2.0
1633205,14/12/2020,Vente,"120000,00",16.0,RUE,0970,BLONDEL,51100.0,REIMS,51,454,AX,839,2,2.0,Appartement,77.0,4.0
1633221,15/12/2020,Vente,"132050,00",8.0,ALL,3045,DU BELLAY,51100.0,REIMS,51,454,DK,184,2,2.0,Appartement,78.0,4.0
1633230,24/12/2020,Vente,"105700,00",39.0,AV,8030,ST POL,51100.0,REIMS,51,454,DM,629,2,2.0,Appartement,54.0,2.0
1633233,30/12/2020,Vente,"126000,00",27.0,BD,6690,DE LA PAIX,51100.0,REIMS,51,454,CK,128,1,2.0,Appartement,69.0,3.0
1633237,30/12/2020,Vente,"139000,00",55.0,RUE,1360,CAMILLE LENOIR,51100.0,REIMS,51,454,BH,62,2,2.0,Appartement,54.0,2.0
1633238,16/12/2020,Vente,"83800,00",41.0,RUE,3990,GEORGES BOUSSINESQ,51100.0,REIMS,51,454,CL,874,2,2.0,Appartement,43.0,2.0
1633251,18/12/2020,Vente,"136500,00",10.0,RUE,0846,RUE BERTRAND DE VOGUE,51100.0,REIMS,51,454,DK,238,1,2.0,Appartement,76.0,3.0
1633253,21/12/2020,Vente,"93000,00",20.0,RUE,4040,GERBAULT,51100.0,REIMS,51,454,CV,771,1,2.0,Appartement,55.0,3.0
1633263,16/12/2020,Vente,"151500,00",29.0,BD,7960,ST MARCEAUX,51100.0,REIMS,51,454,CK,312,1,2.0,Appartement,69.0,3.0
1633270,23/12/2020,Vente,"117200,00",5.0,BD,2830,DIEU LUMIERE,51100.0,REIMS,51,454,DM,638,2,2.0,Appartement,66.0,3.0
1633271,18/12/2020,Vente,"173500,00",29.0,BD,7960,ST MARCEAUX,51100.0,REIMS,51,454,CK,312,1,2.0,Appartement,92.0,4.0
1633276,23/12/2020,Vente,"382000,00",17.0,CRS,0250,ANATOLE FRANCE,51100.0,REIMS,51,454,CX,218,2,2.0,Appartement,110.0,5.0
1633279,16/12/2020,Vente,"350500,00",6.0,RUE,0100,ALEXANDRE HENROT,51100.0,REIMS,51,454,AV,562,2,2.0,Appartement,106.0,4.0
1633287,29/12/2020,Vente,"107000,00",3.0,RUE,0600,DU BARBATRE,51100.0,REIMS,51,454,CY,41,1,2.0,Appartement,42.0,2.0
1633331,17/12/2020,Vente,"166000,00",33.0,RUE,7610,DES ROMAINS,51100.0,REIMS,51,454,AR,929,1,2.0,Appartement,69.0,3.0
1633335,22/12/2020,Vente,"115000,00",4.0,RUE,1270,BRULART,51100.0,REIMS,51,454,CZ,266,3,2.0,Appartement,46.0,2.0
1633336,29/12/2020,Vente,"245000,00",38.0,RUE,2430,DE COURCELLES,51100.0,REIMS,51,454,AR,332,0,2.0,Appartement,35.0,2.0
1633337,29/12/2020,Vente,"245000,00",38.0,RUE,2430,DE COURCELLES,51100.0,REIMS,51,454,AR,332,0,2.0,Appartement,29.0,2.0
1633338,29/12/2020,Vente,"245000,00",38.0,RUE,2430,DE COURCELLES,51100.0,REIMS,51,454,AR,332,0,2.0,Appartement,31.0,2.0
1633362,23/12/2020,Vente,"95000,00",2.0,ALL,7615,RONSARD,51100.0,REIMS,51,454,DK,184,1,2.0,Appartement,75.0,4.0
1633368,30/12/2020,Vente,"90600,00",8.0,ALL,2003,CLAUDE MONET,51100.0,REIMS,51,454,DK,198,1,2.0,Appartement,48.0,2.0
1633372,21/12/2020,Vente,"220000,00",85.0,AV,4900,JEAN JAURES,51100.0,REIMS,51,454,BI,375,3,2.0,Appartement,83.0,3.0
1633373,17/12/2020,Vente,"63050,00",61.0,RUE,0200,D ALSACE LORRAINE,51100.0,REIMS,51,454,CT,328,1,2.0,Appartement,20.0,1.0
1633378,29/12/2020,Vente,"137000,00",3.0,RUE,4545,HENRI ROYER,51100.0,REIMS,51,454,HV,978,2,2.0,Appartement,76.0,4.0
1633405,18/12/2020,Vente,"104000,00",24.0,RUE,7520,DE RILLY LA MONTAGNE,51100.0,REIMS,51,454,HS,222,2,2.0,Appartement,83.0,4.0
1633424,30/12/2020,Vente,"138000,00",59.0,RUE,2070,CLOVIS,51100.0,REIMS,51,454,IK,1368,2,2.0,Appartement,60.0,1.0
1633431,30/12/2020,Vente,"148000,00",20.0,RUE,6080,MAUCROIX,51100.0,REIMS,51,454,AT,65,2,2.0,Appartement,55.0,3.0
1633445,22/12/2020,Vente,"263440,66",1.0,RUE,3210,DES ELUS,51100.0,REIMS,51,454,IL,485,1,2.0,Appartement,77.0,2.0
1633447,19/12/2020,Vente,"120000,00",133.0,BD,7140,POMMERY,51100.0,REIMS,51,454,CI,65,2,2.0,Appartement,57.0,2.0
1633533,28/12/2020,Vente,"131000,00",20.0,BD,6690,DE LA PAIX,51100.0,REIMS,51,454,CX,106,2,2.0,Appartement,75.0,3.0
1633536,22/12/2020,Vente,"170100,00",85.0,RUE,2290,COQUEBERT,51100.0,REIMS,51,454,BI,824,1,2.0,Appartement,91.0,5.0
1633545,23/12/2020,Vente,"118850,00",13.0,RUE,5770,MACQUART,51100.0,REIMS,51,454,BH,73,1,2.0,Appartement,46.0,2.0
1633547,18/12/2020,Vente,"124000,00",3.0,PL,6810,PAUL JAMOT,51100.0,REIMS,51,454,CX,112,2,2.0,Appartement,45.0,2.0
1633560,23/12/2020,Vente,"265000,00",43.0,RUE,4620,HOUZEAU MUIRON,51100.0,REIMS,51,454,CW,508,2,2.0,Appartement,148.0,6.0
1633566,23/12/2020,Vente,"194600,00",125.0,RUE,9040,DE VESLE,51100.0,REIMS,51,454,IK,1346,1,2.0,Appartement,55.0,2.0
1633591,23/12/2020,Vente,"182000,00",30.0,BD,6750,PASTEUR,51100.0,REIMS,51,454,CY,540,1,2.0,Appartement,61.0,2.0
1633601,30/12/2020,Vente,"84000,00",8.0,BD,5680,LUNDY,51100.0,REIMS,51,454,BH,309,2,2.0,Appartement,25.0,1.0
1633609,23/12/2020,Vente en l'état futur d'achèvement,"214000,00",21.0,RUE,7860,SAINT HILAIRE,51100.0,REIMS,51,454,BE,220,1,2.0,Appartement,42.0,2.0
1633614,23/12/2020,Vente,"10726710,00",4.0,RUE,9284,YVON ET CLAIRE MORANDAT,51100.0,REIMS,51,454,KV,45,0,2.0,Appartement,76.0,3.0
1633617,23/12/2020,Vente,"10726710,00",4.0,RUE,9284,YVON ET CLAIRE MORANDAT,51100.0,REIMS,51,454,KV,45,0,2.0,Appartement,76.0,3.0
1633621,23/12/2020,Vente,"10726710,00",4.0,RUE,9284,YVON ET CLAIRE MORANDAT,51100.0,REIMS,51,454,KV,45,0,2.0,Appartement,56.0,2.0
1633625,23/12/2020,Vente,"10726710,00",4.0,RUE,9284,YVON ET CLAIRE MORANDAT,51100.0,REIMS,51,454,KV,45,0,2.0,Appartement,87.0,4.0
1633626,23/12/2020,Vente,"10726710,00",4.0,RUE,9284,YVON ET CLAIRE MORANDAT,51100.0,REIMS,51,454,KV,45,0,2.0,Appartement,58.0,2.0
1633627,23/12/2020,Vente,"10726710,00",4.0,RUE,9284,YVON ET CLAIRE MORANDAT,51100.0,REIMS,51,454,KV,45,0,2.0,Appartement,88.0,4.0
1633636,23/12/2020,Vente,"10726710,00",4.0,RUE,9284,YVON ET CLAIRE MORANDAT,51100.0,REIMS,51,454,KV,45,0,2.0,Appartement,114.0,5.0
1633637,23/12/2020,Vente,"10726710,00",4.0,RUE,9284,YVON ET CLAIRE MORANDAT,51100.0,REIMS,51,454,KV,45,0,2.0,Appartement,75.0,3.0
1633638,23/12/2020,Vente,"10726710,00",4.0,RUE,9284,YVON ET CLAIRE MORANDAT,51100.0,REIMS,51,454,KV,45,0,2.0,Appartement,88.0,4.0
1633639,23/12/2020,Vente,"10726710,00",4.0,RUE,9284,YVON ET CLAIRE MORANDAT,51100.0,REIMS,51,454,KV,45,0,2.0,Appartement,58.0,2.0
1633641,23/12/2020,Vente,"10726710,00",4.0,RUE,9284,YVON ET CLAIRE MORANDAT,51100.0,REIMS,51,454,KV,45,0,2.0,Appartement,77.0,3.0
1633642,23/12/2020,Vente,"10726710,00",4.0,RUE,9284,YVON ET CLAIRE MORANDAT,51100.0,REIMS,51,454,KV,45,0,2.0,Appartement,87.0,4.0
1633643,23/12/2020,Vente,"10726710,00",4.0,RUE,9284,YVON ET CLAIRE MORANDAT,51100.0,REIMS,51,454,KV,45,0,2.0,Appartement,90.0,4.0
1633647,23/12/2020,Vente,"10726710,00",4.0,RUE,9284,YVON ET CLAIRE MORANDAT,51100.0,REIMS,51,454,KV,45,0,2.0,Appartement,75.0,3.0
1633651,23/12/2020,Vente,"10726710,00",4.0,RUE,9284,YVON ET CLAIRE MORANDAT,51100.0,REIMS,51,454,KV,45,0,2.0,Appartement,77.0,3.0
1633652,23/12/2020,Vente,"10726710,00",4.0,RUE,9284,YVON ET CLAIRE MORANDAT,51100.0,REIMS,51,454,KV,45,0,2.0,Appartement,77.0,3.0
1633653,23/12/2020,Vente,"10726710,00",4.0,RUE,9284,YVON ET CLAIRE MORANDAT,51100.0,REIMS,51,454,KV,45,0,2.0,Appartement,88.0,4.0
1633656,23/12/2020,Vente,"10726710,00",4.0,RUE,9284,YVON ET CLAIRE MORANDAT,51100.0,REIMS,51,454,KV,45,0,2.0,Appartement,58.0,2.0
1633657,23/12/2020,Vente,"10726710,00",4.0,RUE,9284,YVON ET CLAIRE MORANDAT,51100.0,REIMS,51,454,KV,45,0,2.0,Appartement,75.0,3.0
1633659,23/12/2020,Vente,"10726710,00",4.0,RUE,9284,YVON ET CLAIRE MORANDAT,51100.0,REIMS,51,454,KV,45,0,2.0,Appartement,110.0,5.0
1633660,23/12/2020,Vente,"10726710,00",4.0,RUE,9284,YVON ET CLAIRE MORANDAT,51100.0,REIMS,51,454,KV,45,0,2.0,Appartement,74.0,3.0
1633662,23/12/2020,Vente,"10726710,00",4.0,RUE,9284,YVON ET CLAIRE MORANDAT,51100.0,REIMS,51,454,KV,45,0,2.0,Appartement,83.0,4.0
1633669,23/12/2020,Vente,"10726710,00",4.0,RUE,9284,YVON ET CLAIRE MORANDAT,51100.0,REIMS,51,454,KV,45,0,2.0,Appartement,88.0,4.0
1633670,23/12/2020,Vente,"10726710,00",4.0,RUE,9284,YVON ET CLAIRE MORANDAT,51100.0,REIMS,51,454,KV,45,0,2.0,Appartement,77.0,3.0
1633672,23/12/2020,Vente,"10726710,00",4.0,RUE,9284,YVON ET CLAIRE MORANDAT,51100.0,REIMS,51,454,KV,45,0,2.0,Appartement,88.0,4.0
1633673,23/12/2020,Vente,"10726710,00",4.0,RUE,9284,YVON ET CLAIRE MORANDAT,51100.0,REIMS,51,454,KV,45,0,2.0,Appartement,89.0,4.0
1633675,23/12/2020,Vente,"10726710,00",4.0,RUE,9284,YVON ET CLAIRE MORANDAT,51100.0,REIMS,51,454,KV,45,0,2.0,Appartement,74.0,3.0
1633676,23/12/2020,Vente,"10726710,00",4.0,RUE,9284,YVON ET CLAIRE MORANDAT,51100.0,REIMS,51,454,KV,45,0,2.0,Appartement,77.0,3.0
1633677,23/12/2020,Vente,"10726710,00",4.0,RUE,9284,YVON ET CLAIRE MORANDAT,51100.0,REIMS,51,454,KV,45,0,2.0,Appartement,77.0,3.0
1633678,23/12/2020,Vente,"10726710,00",4.0,RUE,9284,YVON ET CLAIRE MORANDAT,51100.0,REIMS,51,454,KV,45,0,2.0,Appartement,83.0,4.0
1633679,23/12/2020,Vente,"10726710,00",4.0,RUE,9284,YVON ET CLAIRE MORANDAT,51100.0,REIMS,51,454,KV,45,0,2.0,Appartement,88.0,4.0
1633680,23/12/2020,Vente,"10726710,00",4.0,RUE,9284,YVON ET CLAIRE MORANDAT,51100.0,REIMS,51,454,KV,45,0,2.0,Appartement,91.0,4.0
1633682,23/12/2020,Vente,"10726710,00",4.0,RUE,9284,YVON ET CLAIRE MORANDAT,51100.0,REIMS,51,454,KV,45,0,2.0,Appartement,71.0,3.0
1633690,23/12/2020,Vente,"10726710,00",4.0,RUE,9284,YVON ET CLAIRE MORANDAT,51100.0,REIMS,51,454,KV,45,0,2.0,Appartement,76.0,3.0
1633694,23/12/2020,Vente,"10726710,00",4.0,RUE,9284,YVON ET CLAIRE MORANDAT,51100.0,REIMS,51,454,KV,45,0,2.0,Appartement,85.0,4.0
1633696,23/12/2020,Vente,"10726710,00",4.0,RUE,9284,YVON ET CLAIRE MORANDAT,51100.0,REIMS,51,454,KV,45,0,2.0,Appartement,87.0,4.0
1633697,23/12/2020,Vente,"10726710,00",4.0,RUE,9284,YVON ET CLAIRE MORANDAT,51100.0,REIMS,51,454,KV,45,0,2.0,Appartement,104.0,5.0
1633698,23/12/2020,Vente,"10726710,00",4.0,RUE,9284,YVON ET CLAIRE MORANDAT,51100.0,REIMS,51,454,KV,45,0,2.0,Appartement,87.0,4.0
1633702,23/12/2020,Vente,"10726710,00",4.0,RUE,9284,YVON ET CLAIRE MORANDAT,51100.0,REIMS,51,454,KV,45,0,2.0,Appartement,99.0,5.0
1633703,23/12/2020,Vente,"10726710,00",4.0,RUE,9284,YVON ET CLAIRE MORANDAT,51100.0,REIMS,51,454,KV,45,0,2.0,Appartement,85.0,4.0
1633704,23/12/2020,Vente,"10726710,00",4.0,RUE,9284,YVON ET CLAIRE MORANDAT,51100.0,REIMS,51,454,KV,45,0,2.0,Appartement,77.0,3.0
1633708,23/12/2020,Vente,"10726710,00",4.0,RUE,9284,YVON ET CLAIRE MORANDAT,51100.0,REIMS,51,454,KV,45,0,2.0,Appartement,77.0,3.0
1633710,23/12/2020,Vente,"10726710,00",4.0,RUE,9284,YVON ET CLAIRE MORANDAT,51100.0,REIMS,51,454,KV,45,0,2.0,Appartement,87.0,4.0
1633711,23/12/2020,Vente,"10726710,00",4.0,RUE,9284,YVON ET CLAIRE MORANDAT,51100.0,REIMS,51,454,KV,45,0,2.0,Appartement,76.0,3.0
1633712,23/12/2020,Vente,"10726710,00",4.0,RUE,9284,YVON ET CLAIRE MORANDAT,51100.0,REIMS,51,454,KV,45,0,2.0,Appartement,81.0,3.0
1633713,23/12/2020,Vente,"10726710,00",4.0,RUE,9284,YVON ET CLAIRE MORANDAT,51100.0,REIMS,51,454,KV,45,0,2.0,Appartement,75.0,3.0
1633716,23/12/2020,Vente,"10726710,00",4.0,RUE,9284,YVON ET CLAIRE MORANDAT,51100.0,REIMS,51,454,KV,45,0,2.0,Appartement,110.0,5.0
1633718,23/12/2020,Vente,"10726710,00",4.0,RUE,9284,YVON ET CLAIRE MORANDAT,51100.0,REIMS,51,454,KV,45,0,2.0,Appartement,77.0,3.0
1633720,23/12/2020,Vente,"10726710,00",4.0,RUE,9284,YVON ET CLAIRE MORANDAT,51100.0,REIMS,51,454,KV,45,0,2.0,Appartement,107.0,5.0
1633722,23/12/2020,Vente,"10726710,00",4.0,RUE,9284,YVON ET CLAIRE MORANDAT,51100.0,REIMS,51,454,KV,45,0,2.0,Appartement,90.0,4.0
1633724,23/12/2020,Vente,"10726710,00",4.0,RUE,9284,YVON ET CLAIRE MORANDAT,51100.0,REIMS,51,454,KV,45,0,2.0,Appartement,76.0,3.0
1633725,23/12/2020,Vente,"10726710,00",4.0,RUE,9284,YVON ET CLAIRE MORANDAT,51100.0,REIMS,51,454,KV,45,0,2.0,Appartement,60.0,2.0
1633726,23/12/2020,Vente,"10726710,00",4.0,RUE,9284,YVON ET CLAIRE MORANDAT,51100.0,REIMS,51,454,KV,45,0,2.0,Appartement,87.0,4.0
1633731,23/12/2020,Vente,"10726710,00",4.0,RUE,9284,YVON ET CLAIRE MORANDAT,51100.0,REIMS,51,454,KV,45,0,2.0,Appartement,74.0,3.0
1633732,23/12/2020,Vente,"10726710,00",4.0,RUE,9284,YVON ET CLAIRE MORANDAT,51100.0,REIMS,51,454,KV,45,0,2.0,Appartement,71.0,3.0
1633734,23/12/2020,Vente,"10726710,00",4.0,RUE,9284,YVON ET CLAIRE MORANDAT,51100.0,REIMS,51,454,KV,45,0,2.0,Appartement,87.0,4.0
1633735,23/12/2020,Vente,"10726710,00",4.0,RUE,9284,YVON ET CLAIRE MORANDAT,51100.0,REIMS,51,454,KV,45,0,2.0,Appartement,75.0,3.0
1633736,23/12/2020,Vente,"10726710,00",4.0,RUE,9284,YVON ET CLAIRE MORANDAT,51100.0,REIMS,51,454,KV,45,0,2.0,Appartement,87.0,4.0
1633742,23/12/2020,Vente,"10726710,00",4.0,RUE,9284,YVON ET CLAIRE MORANDAT,51100.0,REIMS,51,454,KV,45,0,2.0,Appartement,83.0,4.0
1633744,23/12/2020,Vente,"10726710,00",4.0,RUE,9284,YVON ET CLAIRE MORANDAT,51100.0,REIMS,51,454,KV,45,0,2.0,Appartement,56.0,2.0
1633745,23/12/2020,Vente,"10726710,00",4.0,RUE,9284,YVON ET CLAIRE MORANDAT,51100.0,REIMS,51,454,KV,45,0,2.0,Appartement,75.0,3.0
1633746,23/12/2020,Vente,"10726710,00",4.0,RUE,9284,YVON ET CLAIRE MORANDAT,51100.0,REIMS,51,454,KV,45,0,2.0,Appartement,104.0,5.0
1633753,23/12/2020,Vente,"10726710,00",4.0,RUE,9284,YVON ET CLAIRE MORANDAT,51100.0,REIMS,51,454,KV,45,0,2.0,Appartement,77.0,3.0
1633757,23/12/2020,Vente,"10726710,00",4.0,RUE,9284,YVON ET CLAIRE MORANDAT,51100.0,REIMS,51,454,KV,45,0,2.0,Appartement,107.0,5.0
1633761,23/12/2020,Vente,"10726710,00",4.0,RUE,9284,YVON ET CLAIRE MORANDAT,51100.0,REIMS,51,454,KV,45,0,2.0,Appartement,56.0,2.0
1633765,23/12/2020,Vente,"10726710,00",4.0,RUE,9284,YVON ET CLAIRE MORANDAT,51100.0,REIMS,51,454,KV,45,0,2.0,Appartement,58.0,2.0
1633766,23/12/2020,Vente,"10726710,00",4.0,RUE,9284,YVON ET CLAIRE MORANDAT,51100.0,REIMS,51,454,KV,45,0,2.0,Appartement,58.0,2.0
1633767,23/12/2020,Vente,"10726710,00",4.0,RUE,9284,YVON ET CLAIRE MORANDAT,51100.0,REIMS,51,454,KV,45,0,2.0,Appartement,74.0,3.0
1633770,23/12/2020,Vente,"10726710,00",4.0,RUE,9284,YVON ET CLAIRE MORANDAT,51100.0,REIMS,51,454,KV,45,0,2.0,Appartement,72.0,3.0
1633772,23/12/2020,Vente,"10726710,00",4.0,RUE,9284,YVON ET CLAIRE MORANDAT,51100.0,REIMS,51,454,KV,45,0,2.0,Appartement,95.0,4.0
1633773,23/12/2020,Vente,"10726710,00",4.0,RUE,9284,YVON ET CLAIRE MORANDAT,51100.0,REIMS,51,454,KV,45,0,2.0,Appartement,87.0,4.0
1633776,23/12/2020,Vente,"10726710,00",4.0,RUE,9284,YVON ET CLAIRE MORANDAT,51100.0,REIMS,51,454,KV,45,0,2.0,Appartement,107.0,5.0
1633778,23/12/2020,Vente,"10726710,00",4.0,RUE,9284,YVON ET CLAIRE MORANDAT,51100.0,REIMS,51,454,KV,45,0,2.0,Appartement,87.0,4.0
1633781,23/12/2020,Vente,"10726710,00",4.0,RUE,9284,YVON ET CLAIRE MORANDAT,51100.0,REIMS,51,454,KV,45,0,2.0,Appartement,85.0,4.0
1633784,23/12/2020,Vente,"10726710,00",4.0,RUE,9284,YVON ET CLAIRE MORANDAT,51100.0,REIMS,51,454,KV,45,0,2.0,Appartement,87.0,4.0
1633788,23/12/2020,Vente,"10726710,00",4.0,RUE,9284,YVON ET CLAIRE MORANDAT,51100.0,REIMS,51,454,KV,45,0,2.0,Appartement,88.0,4.0
1633790,23/12/2020,Vente,"10726710,00",4.0,RUE,9284,YVON ET CLAIRE MORANDAT,51100.0,REIMS,51,454,KV,45,0,2.0,Appartement,99.0,5.0
1633791,23/12/2020,Vente,"10726710,00",4.0,RUE,9284,YVON ET CLAIRE MORANDAT,51100.0,REIMS,51,454,KV,45,0,2.0,Appartement,76.0,3.0
1633793,23/12/2020,Vente,"10726710,00",4.0,RUE,9284,YVON ET CLAIRE MORANDAT,51100.0,REIMS,51,454,KV,45,0,2.0,Appartement,114.0,5.0
1633795,23/12/2020,Vente,"10726710,00",4.0,RUE,9284,YVON ET CLAIRE MORANDAT,51100.0,REIMS,51,454,KV,45,0,2.0,Appartement,87.0,4.0
1633800,23/12/2020,Vente,"10726710,00",4.0,RUE,9284,YVON ET CLAIRE MORANDAT,51100.0,REIMS,51,454,KV,45,0,2.0,Appartement,87.0,4.0
1633803,23/12/2020,Vente,"10726710,00",4.0,RUE,9284,YVON ET CLAIRE MORANDAT,51100.0,REIMS,51,454,KV,45,0,2.0,Appartement,90.0,4.0
1633804,23/12/2020,Vente,"10726710,00",4.0,RUE,9284,YVON ET CLAIRE MORANDAT,51100.0,REIMS,51,454,KV,45,0,2.0,Appartement,71.0,3.0
1633805,23/12/2020,Vente,"10726710,00",4.0,RUE,9284,YVON ET CLAIRE MORANDAT,51100.0,REIMS,51,454,KV,45,0,2.0,Appartement,58.0,2.0
1633808,23/12/2020,Vente,"10726710,00",4.0,RUE,9284,YVON ET CLAIRE MORANDAT,51100.0,REIMS,51,454,KV,45,0,2.0,Appartement,110.0,5.0
1633809,23/12/2020,Vente,"10726710,00",4.0,RUE,9284,YVON ET CLAIRE MORANDAT,51100.0,REIMS,51,454,KV,45,0,2.0,Appartement,56.0,2.0
1633810,23/12/2020,Vente,"10726710,00",4.0,RUE,9284,YVON ET CLAIRE MORANDAT,51100.0,REIMS,51,454,KV,45,0,2.0,Appartement,70.0,3.0
1633811,23/12/2020,Vente,"10726710,00",4.0,RUE,9284,YVON ET CLAIRE MORANDAT,51100.0,REIMS,51,454,KV,45,0,2.0,Appartement,87.0,4.0
1633813,23/12/2020,Vente,"10726710,00",4.0,RUE,9284,YVON ET CLAIRE MORANDAT,51100.0,REIMS,51,454,KV,45,0,2.0,Appartement,114.0,5.0
1633814,23/12/2020,Vente,"10726710,00",4.0,RUE,9284,YVON ET CLAIRE MORANDAT,51100.0,REIMS,51,454,KV,45,0,2.0,Appartement,70.0,3.0
1633817,23/12/2020,Vente,"10726710,00",4.0,RUE,9284,YVON ET CLAIRE MORANDAT,51100.0,REIMS,51,454,KV,45,0,2.0,Appartement,74.0,3.0
1633818,23/12/2020,Vente,"10726710,00",4.0,RUE,9284,YVON ET CLAIRE MORANDAT,51100.0,REIMS,51,454,KV,45,0,2.0,Appartement,88.0,4.0
1633819,23/12/2020,Vente,"10726710,00",4.0,RUE,9284,YVON ET CLAIRE MORANDAT,51100.0,REIMS,51,454,KV,45,0,2.0,Appartement,87.0,4.0
1633820,23/12/2020,Vente,"10726710,00",4.0,RUE,9284,YVON ET CLAIRE MORANDAT,51100.0,REIMS,51,454,KV,45,0,2.0,Appartement,87.0,4.0
1633823,23/12/2020,Vente,"10726710,00",4.0,RUE,9284,YVON ET CLAIRE MORANDAT,51100.0,REIMS,51,454,KV,45,0,2.0,Appartement,75.0,3.0
1633826,23/12/2020,Vente,"10726710,00",4.0,RUE,9284,YVON ET CLAIRE MORANDAT,51100.0,REIMS,51,454,KV,45,0,2.0,Appartement,104.0,5.0
1633827,23/12/2020,Vente,"10726710,00",4.0,RUE,9284,YVON ET CLAIRE MORANDAT,51100.0,REIMS,51,454,KV,45,0,2.0,Appartement,85.0,4.0
1633833,23/12/2020,Vente,"10726710,00",4.0,RUE,9284,YVON ET CLAIRE MORANDAT,51100.0,REIMS,51,454,KV,45,0,2.0,Appartement,88.0,4.0
1633835,23/12/2020,Vente,"10726710,00",4.0,RUE,9284,YVON ET CLAIRE MORANDAT,51100.0,REIMS,51,454,KV,45,0,2.0,Appartement,71.0,3.0
1633838,23/12/2020,Vente,"10726710,00",4.0,RUE,9284,YVON ET CLAIRE MORANDAT,51100.0,REIMS,51,454,KV,45,0,2.0,Appartement,75.0,3.0
1633839,23/12/2020,Vente,"10726710,00",4.0,RUE,9284,YVON ET CLAIRE MORANDAT,51100.0,REIMS,51,454,KV,45,0,2.0,Appartement,88.0,4.0
1633840,23/12/2020,Vente,"10726710,00",4.0,RUE,9284,YVON ET CLAIRE MORANDAT,51100.0,REIMS,51,454,KV,45,0,2.0,Appartement,81.0,3.0
1633842,23/12/2020,Vente,"10726710,00",4.0,RUE,9284,YVON ET CLAIRE MORANDAT,51100.0,REIMS,51,454,KV,45,0,2.0,Appartement,90.0,4.0
1633843,23/12/2020,Vente,"10726710,00",4.0,RUE,9284,YVON ET CLAIRE MORANDAT,51100.0,REIMS,51,454,KV,45,0,2.0,Appartement,88.0,4.0
1633844,23/12/2020,Vente,"10726710,00",4.0,RUE,9284,YVON ET CLAIRE MORANDAT,51100.0,REIMS,51,454,KV,45,0,2.0,Appartement,56.0,2.0
1633846,23/12/2020,Vente,"10726710,00",4.0,RUE,9284,YVON ET CLAIRE MORANDAT,51100.0,REIMS,51,454,KV,45,0,2.0,Appartement,77.0,3.0
1633847,23/12/2020,Vente,"10726710,00",4.0,RUE,9284,YVON ET CLAIRE MORANDAT,51100.0,REIMS,51,454,KV,45,0,2.0,Appartement,71.0,3.0
1633848,23/12/2020,Vente,"10726710,00",4.0,RUE,9284,YVON ET CLAIRE MORANDAT,51100.0,REIMS,51,454,KV,45,0,2.0,Appartement,83.0,4.0
1633849,23/12/2020,Vente,"10726710,00",4.0,RUE,9284,YVON ET CLAIRE MORANDAT,51100.0,REIMS,51,454,KV,45,0,2.0,Appartement,56.0,2.0
1633850,23/12/2020,Vente,"10726710,00",4.0,RUE,9284,YVON ET CLAIRE MORANDAT,51100.0,REIMS,51,454,KV,45,0,2.0,Appartement,87.0,4.0
1633851,23/12/2020,Vente,"10726710,00",4.0,RUE,9284,YVON ET CLAIRE MORANDAT,51100.0,REIMS,51,454,KV,45,0,2.0,Appartement,87.0,4.0
1633853,23/12/2020,Vente,"10726710,00",4.0,RUE,9284,YVON ET CLAIRE MORANDAT,51100.0,REIMS,51,454,KV,45,0,2.0,Appartement,83.0,4.0
1633855,23/12/2020,Vente,"10726710,00",4.0,RUE,9284,YVON ET CLAIRE MORANDAT,51100.0,REIMS,51,454,KV,45,0,2.0,Appartement,83.0,4.0
1633856,23/12/2020,Vente,"10726710,00",4.0,RUE,9284,YVON ET CLAIRE MORANDAT,51100.0,REIMS,51,454,KV,45,0,2.0,Appartement,75.0,3.0
1633858,23/12/2020,Vente,"10726710,00",4.0,RUE,9284,YVON ET CLAIRE MORANDAT,51100.0,REIMS,51,454,KV,45,0,2.0,Appartement,86.0,4.0
1633859,23/12/2020,Vente,"10726710,00",4.0,RUE,9284,YVON ET CLAIRE MORANDAT,51100.0,REIMS,51,454,KV,45,0,2.0,Appartement,104.0,5.0
1633861,23/12/2020,Vente,"10726710,00",4.0,RUE,9284,YVON ET CLAIRE MORANDAT,51100.0,REIMS,51,454,KV,45,0,2.0,Appartement,74.0,3.0
1633862,23/12/2020,Vente,"10726710,00",4.0,RUE,9284,YVON ET CLAIRE MORANDAT,51100.0,REIMS,51,454,KV,45,0,2.0,Appartement,88.0,4.0
1633866,23/12/2020,Vente,"10726710,00",4.0,RUE,9284,YVON ET CLAIRE MORANDAT,51100.0,REIMS,51,454,KV,45,0,2.0,Appartement,77.0,3.0
1633869,23/12/2020,Vente,"10726710,00",4.0,RUE,9284,YVON ET CLAIRE MORANDAT,51100.0,REIMS,51,454,KV,45,0,2.0,Appartement,77.0,3.0
1633870,23/12/2020,Vente,"10726710,00",4.0,RUE,9284,YVON ET CLAIRE MORANDAT,51100.0,REIMS,51,454,KV,45,0,2.0,Appartement,74.0,3.0
1633871,23/12/2020,Vente,"10726710,00",4.0,RUE,9284,YVON ET CLAIRE MORANDAT,51100.0,REIMS,51,454,KV,45,0,2.0,Appartement,88.0,4.0
1633873,23/12/2020,Vente,"10726710,00",4.0,RUE,9284,YVON ET CLAIRE MORANDAT,51100.0,REIMS,51,454,KV,45,0,2.0,Appartement,85.0,4.0
1633875,23/12/2020,Vente,"10726710,00",4.0,RUE,9284,YVON ET CLAIRE MORANDAT,51100.0,REIMS,51,454,KV,45,0,2.0,Appartement,85.0,4.0
1633876,23/12/2020,Vente,"10726710,00",4.0,RUE,9284,YVON ET CLAIRE MORANDAT,51100.0,REIMS,51,454,KV,45,0,2.0,Appartement,91.0,4.0
1633878,23/12/2020,Vente,"10726710,00",4.0,RUE,9284,YVON ET CLAIRE MORANDAT,51100.0,REIMS,51,454,KV,45,0,2.0,Appartement,72.0,3.0
1633879,23/12/2020,Vente,"10726710,00",4.0,RUE,9284,YVON ET CLAIRE MORANDAT,51100.0,REIMS,51,454,KV,45,0,2.0,Appartement,107.0,5.0
1633882,23/12/2020,Vente,"10726710,00",4.0,RUE,9284,YVON ET CLAIRE MORANDAT,51100.0,REIMS,51,454,KV,45,0,2.0,Appartement,77.0,3.0
1633883,23/12/2020,Vente,"10726710,00",4.0,RUE,9284,YVON ET CLAIRE MORANDAT,51100.0,REIMS,51,454,KV,45,0,2.0,Appartement,88.0,4.0
1633885,23/12/2020,Vente,"10726710,00",4.0,RUE,9284,YVON ET CLAIRE MORANDAT,51100.0,REIMS,51,454,KV,45,0,2.0,Appartement,78.0,3.0
1633895,23/12/2020,Vente,"8629651,00",2.0,RUE,0423,ARTHUR HONEGGER,51100.0,REIMS,51,454,EZ,1091,0,2.0,Appartement,71.0,3.0
1633896,23/12/2020,Vente,"8629651,00",2.0,RUE,0423,ARTHUR HONEGGER,51100.0,REIMS,51,454,EZ,1091,0,2.0,Appartement,67.0,3.0
1633897,23/12/2020,Vente,"8629651,00",2.0,RUE,0423,ARTHUR HONEGGER,51100.0,REIMS,51,454,EZ,1091,0,2.0,Appartement,71.0,3.0
1633901,23/12/2020,Vente,"8629651,00",2.0,RUE,0423,ARTHUR HONEGGER,51100.0,REIMS,51,454,EZ,1091,0,2.0,Appartement,75.0,4.0
1633902,23/12/2020,Vente,"8629651,00",2.0,RUE,0423,ARTHUR HONEGGER,51100.0,REIMS,51,454,EZ,1091,0,2.0,Appartement,71.0,3.0
1633906,23/12/2020,Vente,"8629651,00",2.0,RUE,0423,ARTHUR HONEGGER,51100.0,REIMS,51,454,EZ,1091,0,2.0,Appartement,77.0,4.0
1633907,23/12/2020,Vente,"8629651,00",2.0,RUE,0423,ARTHUR HONEGGER,51100.0,REIMS,51,454,EZ,1091,0,2.0,Appartement,71.0,3.0
1633908,23/12/2020,Vente,"8629651,00",2.0,RUE,0423,ARTHUR HONEGGER,51100.0,REIMS,51,454,EZ,1091,0,2.0,Appartement,67.0,3.0
1633909,23/12/2020,Vente,"8629651,00",2.0,RUE,0423,ARTHUR HONEGGER,51100.0,REIMS,51,454,EZ,1091,0,2.0,Appartement,81.0,4.0
1633915,23/12/2020,Vente,"8629651,00",2.0,RUE,0423,ARTHUR HONEGGER,51100.0,REIMS,51,454,EZ,1091,0,2.0,Appartement,76.0,4.0
1633917,23/12/2020,Vente,"8629651,00",2.0,RUE,0423,ARTHUR HONEGGER,51100.0,REIMS,51,454,EZ,1091,0,2.0,Appartement,73.0,3.0
1633918,23/12/2020,Vente,"8629651,00",2.0,RUE,0423,ARTHUR HONEGGER,51100.0,REIMS,51,454,EZ,1091,0,2.0,Appartement,71.0,3.0
1633923,23/12/2020,Vente,"8629651,00",2.0,RUE,0423,ARTHUR HONEGGER,51100.0,REIMS,51,454,EZ,1091,0,2.0,Appartement,52.0,2.0
1633924,23/12/2020,Vente,"8629651,00",2.0,RUE,0423,ARTHUR HONEGGER,51100.0,REIMS,51,454,EZ,1091,0,2.0,Appartement,69.0,3.0
1633926,23/12/2020,Vente,"8629651,00",2.0,RUE,0423,ARTHUR HONEGGER,51100.0,REIMS,51,454,EZ,1091,0,2.0,Appartement,67.0,3.0
1633928,23/12/2020,Vente,"8629651,00",2.0,RUE,0423,ARTHUR HONEGGER,51100.0,REIMS,51,454,EZ,1091,0,2.0,Appartement,69.0,3.0
1633929,23/12/2020,Vente,"8629651,00",2.0,RUE,0423,ARTHUR HONEGGER,51100.0,REIMS,51,454,EZ,1091,0,2.0,Appartement,70.0,3.0
1633930,23/12/2020,Vente,"8629651,00",2.0,RUE,0423,ARTHUR HONEGGER,51100.0,REIMS,51,454,EZ,1091,0,2.0,Appartement,79.0,4.0
1633933,23/12/2020,Vente,"8629651,00",2.0,RUE,0423,ARTHUR HONEGGER,51100.0,REIMS,51,454,EZ,1091,0,2.0,Appartement,39.0,1.0
1633934,23/12/2020,Vente,"8629651,00",2.0,RUE,0423,ARTHUR HONEGGER,51100.0,REIMS,51,454,EZ,1091,0,2.0,Appartement,77.0,4.0
1633936,23/12/2020,Vente,"8629651,00",2.0,RUE,0423,ARTHUR HONEGGER,51100.0,REIMS,51,454,EZ,1091,0,2.0,Appartement,75.0,4.0
1633937,23/12/2020,Vente,"8629651,00",2.0,RUE,0423,ARTHUR HONEGGER,51100.0,REIMS,51,454,EZ,1091,0,2.0,Appartement,69.0,3.0
1633939,23/12/2020,Vente,"8629651,00",2.0,RUE,0423,ARTHUR HONEGGER,51100.0,REIMS,51,454,EZ,1091,0,2.0,Appartement,75.0,3.0
1633942,23/12/2020,Vente,"8629651,00",2.0,RUE,0423,ARTHUR HONEGGER,51100.0,REIMS,51,454,EZ,1091,0,2.0,Appartement,76.0,3.0
1633943,23/12/2020,Vente,"8629651,00",2.0,RUE,0423,ARTHUR HONEGGER,51100.0,REIMS,51,454,EZ,1091,0,2.0,Appartement,82.0,4.0
1633945,23/12/2020,Vente,"8629651,00",2.0,RUE,0423,ARTHUR HONEGGER,51100.0,REIMS,51,454,EZ,1091,0,2.0,Appartement,84.0,4.0
1633946,23/12/2020,Vente,"8629651,00",2.0,RUE,0423,ARTHUR HONEGGER,51100.0,REIMS,51,454,EZ,1091,0,2.0,Appartement,69.0,3.0
1633947,23/12/2020,Vente,"8629651,00",2.0,RUE,0423,ARTHUR HONEGGER,51100.0,REIMS,51,454,EZ,1091,0,2.0,Appartement,85.0,4.0
1633951,23/12/2020,Vente,"8629651,00",2.0,RUE,0423,ARTHUR HONEGGER,51100.0,REIMS,51,454,EZ,1091,0,2.0,Appartement,86.0,4.0
1633956,23/12/2020,Vente,"8629651,00",2.0,RUE,0423,ARTHUR HONEGGER,51100.0,REIMS,51,454,EZ,1091,0,2.0,Appartement,73.0,3.0
1633957,23/12/2020,Vente,"8629651,00",2.0,RUE,0423,ARTHUR HONEGGER,51100.0,REIMS,51,454,EZ,1091,0,2.0,Appartement,69.0,3.0
1633959,23/12/2020,Vente,"8629651,00",2.0,RUE,0423,ARTHUR HONEGGER,51100.0,REIMS,51,454,EZ,1091,0,2.0,Appartement,76.0,4.0
1633960,23/12/2020,Vente,"8629651,00",2.0,RUE,0423,ARTHUR HONEGGER,51100.0,REIMS,51,454,EZ,1091,0,2.0,Appartement,75.0,3.0
1633965,23/12/2020,Vente,"8629651,00",2.0,RUE,0423,ARTHUR HONEGGER,51100.0,REIMS,51,454,EZ,1091,0,2.0,Appartement,75.0,4.0
1633966,23/12/2020,Vente,"8629651,00",2.0,RUE,0423,ARTHUR HONEGGER,51100.0,REIMS,51,454,EZ,1091,0,2.0,Appartement,80.0,4.0
1633972,23/12/2020,Vente,"8629651,00",2.0,RUE,0423,ARTHUR HONEGGER,51100.0,REIMS,51,454,EZ,1091,0,2.0,Appartement,77.0,4.0
1633973,23/12/2020,Vente,"8629651,00",2.0,RUE,0423,ARTHUR HONEGGER,51100.0,REIMS,51,454,EZ,1091,0,2.0,Appartement,69.0,3.0
1633974,23/12/2020,Vente,"8629651,00",2.0,RUE,0423,ARTHUR HONEGGER,51100.0,REIMS,51,454,EZ,1091,0,2.0,Appartement,75.0,4.0
1633975,23/12/2020,Vente,"8629651,00",2.0,RUE,0423,ARTHUR HONEGGER,51100.0,REIMS,51,454,EZ,1091,0,2.0,Appartement,79.0,4.0
1633981,23/12/2020,Vente,"8629651,00",2.0,RUE,0423,ARTHUR HONEGGER,51100.0,REIMS,51,454,EZ,1091,0,2.0,Appartement,68.0,3.0
1633982,23/12/2020,Vente,"8629651,00",2.0,RUE,0423,ARTHUR HONEGGER,51100.0,REIMS,51,454,EZ,1091,0,2.0,Appartement,69.0,3.0
1633985,23/12/2020,Vente,"8629651,00",2.0,RUE,0423,ARTHUR HONEGGER,51100.0,REIMS,51,454,EZ,1091,0,2.0,Appartement,76.0,4.0
1633986,23/12/2020,Vente,"8629651,00",2.0,RUE,0423,ARTHUR HONEGGER,51100.0,REIMS,51,454,EZ,1091,0,2.0,Appartement,85.0,4.0
1633987,23/12/2020,Vente,"8629651,00",2.0,RUE,0423,ARTHUR HONEGGER,51100.0,REIMS,51,454,EZ,1091,0,2.0,Appartement,69.0,3.0
1633991,23/12/2020,Vente,"8629651,00",2.0,RUE,0423,ARTHUR HONEGGER,51100.0,REIMS,51,454,EZ,1091,0,2.0,Appartement,81.0,4.0
1633996,23/12/2020,Vente,"8629651,00",2.0,RUE,0423,ARTHUR HONEGGER,51100.0,REIMS,51,454,EZ,1091,0,2.0,Appartement,67.0,4.0
1633998,23/12/2020,Vente,"8629651,00",2.0,RUE,0423,ARTHUR HONEGGER,51100.0,REIMS,51,454,EZ,1091,0,2.0,Appartement,71.0,3.0
1634003,23/12/2020,Vente,"8629651,00",2.0,RUE,0423,ARTHUR HONEGGER,51100.0,REIMS,51,454,EZ,1091,0,2.0,Appartement,71.0,3.0
1634006,23/12/2020,Vente,"8629651,00",2.0,RUE,0423,ARTHUR HONEGGER,51100.0,REIMS,51,454,EZ,1091,0,2.0,Appartement,84.0,4.0
1634007,23/12/2020,Vente,"8629651,00",2.0,RUE,0423,ARTHUR HONEGGER,51100.0,REIMS,51,454,EZ,1091,0,2.0,Appartement,82.0,4.0
1634011,23/12/2020,Vente,"8629651,00",2.0,RUE,0423,ARTHUR HONEGGER,51100.0,REIMS,51,454,EZ,1091,0,2.0,Appartement,67.0,3.0
1634015,23/12/2020,Vente,"8629651,00",2.0,RUE,0423,ARTHUR HONEGGER,51100.0,REIMS,51,454,EZ,1091,0,2.0,Appartement,70.0,3.0
1634018,23/12/2020,Vente,"8629651,00",2.0,RUE,0423,ARTHUR HONEGGER,51100.0,REIMS,51,454,EZ,1091,0,2.0,Appartement,69.0,3.0
1634020,23/12/2020,Vente,"8629651,00",2.0,RUE,0423,ARTHUR HONEGGER,51100.0,REIMS,51,454,EZ,1091,0,2.0,Appartement,75.0,4.0
1634024,23/12/2020,Vente,"8629651,00",2.0,RUE,0423,ARTHUR HONEGGER,51100.0,REIMS,51,454,EZ,1091,0,2.0,Appartement,77.0,4.0
1634025,23/12/2020,Vente,"8629651,00",2.0,RUE,0423,ARTHUR HONEGGER,51100.0,REIMS,51,454,EZ,1091,0,2.0,Appartement,69.0,3.0
1634026,23/12/2020,Vente,"8629651,00",2.0,RUE,0423,ARTHUR HONEGGER,51100.0,REIMS,51,454,EZ,1091,0,2.0,Appartement,69.0,3.0
1634029,23/12/2020,Vente,"8629651,00",2.0,RUE,0423,ARTHUR HONEGGER,51100.0,REIMS,51,454,EZ,1091,0,2.0,Appartement,69.0,3.0
1634032,23/12/2020,Vente,"8629651,00",2.0,RUE,0423,ARTHUR HONEGGER,51100.0,REIMS,51,454,EZ,1091,0,2.0,Appartement,67.0,3.0
1634035,23/12/2020,Vente,"8629651,00",2.0,RUE,0423,ARTHUR HONEGGER,51100.0,REIMS,51,454,EZ,1091,0,2.0,Appartement,67.0,3.0
1634044,23/12/2020,Vente,"8629651,00",2.0,RUE,0423,ARTHUR HONEGGER,51100.0,REIMS,51,454,EZ,1091,0,2.0,Appartement,67.0,3.0
1634053,23/12/2020,Vente,"8629651,00",2.0,RUE,0423,ARTHUR HONEGGER,51100.0,REIMS,51,454,EZ,1091,0,2.0,Appartement,68.0,3.0
1634055,23/12/2020,Vente,"8629651,00",2.0,RUE,0423,ARTHUR HONEGGER,51100.0,REIMS,51,454,EZ,1091,0,2.0,Appartement,69.0,3.0
1634056,23/12/2020,Vente,"8629651,00",2.0,RUE,0423,ARTHUR HONEGGER,51100.0,REIMS,51,454,EZ,1091,0,2.0,Appartement,69.0,3.0
1634059,23/12/2020,Vente,"8629651,00",2.0,RUE,0423,ARTHUR HONEGGER,51100.0,REIMS,51,454,EZ,1091,0,2.0,Appartement,75.0,4.0
1634060,23/12/2020,Vente,"8629651,00",2.0,RUE,0423,ARTHUR HONEGGER,51100.0,REIMS,51,454,EZ,1091,0,2.0,Appartement,71.0,3.0
1634061,23/12/2020,Vente,"8629651,00",2.0,RUE,0423,ARTHUR HONEGGER,51100.0,REIMS,51,454,EZ,1091,0,2.0,Appartement,78.0,4.0
1634062,23/12/2020,Vente,"8629651,00",2.0,RUE,0423,ARTHUR HONEGGER,51100.0,REIMS,51,454,EZ,1091,0,2.0,Appartement,69.0,3.0
1634064,23/12/2020,Vente,"8629651,00",2.0,RUE,0423,ARTHUR HONEGGER,51100.0,REIMS,51,454,EZ,1091,0,2.0,Appartement,67.0,3.0
1634075,23/12/2020,Vente,"8629651,00",2.0,RUE,0423,ARTHUR HONEGGER,51100.0,REIMS,51,454,EZ,1091,0,2.0,Appartement,53.0,2.0
1634077,23/12/2020,Vente,"8629651,00",2.0,RUE,0423,ARTHUR HONEGGER,51100.0,REIMS,51,454,EZ,1091,0,2.0,Appartement,71.0,3.0
1634080,23/12/2020,Vente,"8629651,00",2.0,RUE,0423,ARTHUR HONEGGER,51100.0,REIMS,51,454,EZ,1091,0,2.0,Appartement,77.0,4.0
1634082,23/12/2020,Vente,"8629651,00",2.0,RUE,0423,ARTHUR HONEGGER,51100.0,REIMS,51,454,EZ,1091,0,2.0,Appartement,68.0,3.0
1634084,23/12/2020,Vente,"8629651,00",2.0,RUE,0423,ARTHUR HONEGGER,51100.0,REIMS,51,454,EZ,1091,0,2.0,Appartement,82.0,4.0
1634085,23/12/2020,Vente,"8629651,00",2.0,RUE,0423,ARTHUR HONEGGER,51100.0,REIMS,51,454,EZ,1091,0,2.0,Appartement,79.0,4.0
1634086,23/12/2020,Vente,"8629651,00",2.0,RUE,0423,ARTHUR HONEGGER,51100.0,REIMS,51,454,EZ,1091,0,2.0,Appartement,71.0,3.0
1634087,23/12/2020,Vente,"8629651,00",2.0,RUE,0423,ARTHUR HONEGGER,51100.0,REIMS,51,454,EZ,1091,0,2.0,Appartement,75.0,4.0
1634089,23/12/2020,Vente,"8629651,00",2.0,RUE,0423,ARTHUR HONEGGER,51100.0,REIMS,51,454,EZ,1091,0,2.0,Appartement,88.0,4.0
1634092,23/12/2020,Vente,"8629651,00",2.0,RUE,0423,ARTHUR HONEGGER,51100.0,REIMS,51,454,EZ,1091,0,2.0,Appartement,75.0,4.0
1634093,23/12/2020,Vente,"8629651,00",2.0,RUE,0423,ARTHUR HONEGGER,51100.0,REIMS,51,454,EZ,1091,0,2.0,Appartement,77.0,4.0
1634094,23/12/2020,Vente,"8629651,00",2.0,RUE,0423,ARTHUR HONEGGER,51100.0,REIMS,51,454,EZ,1091,0,2.0,Appartement,68.0,3.0
1634096,23/12/2020,Vente,"8629651,00",2.0,RUE,0423,ARTHUR HONEGGER,51100.0,REIMS,51,454,EZ,1091,0,2.0,Appartement,75.0,3.0
1634097,23/12/2020,Vente,"8629651,00",2.0,RUE,0423,ARTHUR HONEGGER,51100.0,REIMS,51,454,EZ,1091,0,2.0,Appartement,69.0,3.0
1634102,23/12/2020,Vente,"8629651,00",2.0,RUE,0423,ARTHUR HONEGGER,51100.0,REIMS,51,454,EZ,1091,0,2.0,Appartement,67.0,3.0
1634103,23/12/2020,Vente,"8629651,00",2.0,RUE,0423,ARTHUR HONEGGER,51100.0,REIMS,51,454,EZ,1091,0,2.0,Appartement,69.0,3.0
1634105,23/12/2020,Vente,"8629651,00",2.0,RUE,0423,ARTHUR HONEGGER,51100.0,REIMS,51,454,EZ,1091,0,2.0,Appartement,69.0,3.0
1634109,23/12/2020,Vente,"8629651,00",2.0,RUE,0423,ARTHUR HONEGGER,51100.0,REIMS,51,454,EZ,1091,0,2.0,Appartement,71.0,3.0
1634110,23/12/2020,Vente,"8629651,00",2.0,RUE,0423,ARTHUR HONEGGER,51100.0,REIMS,51,454,EZ,1091,0,2.0,Appartement,72.0,3.0
1634111,23/12/2020,Vente,"8629651,00",2.0,RUE,0423,ARTHUR HONEGGER,51100.0,REIMS,51,454,EZ,1091,0,2.0,Appartement,69.0,3.0
1634114,23/12/2020,Vente,"8629651,00",2.0,RUE,0423,ARTHUR HONEGGER,51100.0,REIMS,51,454,EZ,1091,0,2.0,Appartement,67.0,3.0
1634116,23/12/2020,Vente,"8629651,00",2.0,RUE,0423,ARTHUR HONEGGER,51100.0,REIMS,51,454,EZ,1091,0,2.0,Appartement,69.0,3.0
1634118,23/12/2020,Vente,"8629651,00",2.0,RUE,0423,ARTHUR HONEGGER,51100.0,REIMS,51,454,EZ,1091,0,2.0,Appartement,69.0,3.0
1634119,23/12/2020,Vente,"8629651,00",2.0,RUE,0423,ARTHUR HONEGGER,51100.0,REIMS,51,454,EZ,1091,0,2.0,Appartement,52.0,2.0
1634122,23/12/2020,Vente,"8629651,00",2.0,RUE,0423,ARTHUR HONEGGER,51100.0,REIMS,51,454,EZ,1091,0,2.0,Appartement,66.0,3.0
1634123,23/12/2020,Vente,"8629651,00",2.0,RUE,0423,ARTHUR HONEGGER,51100.0,REIMS,51,454,EZ,1091,0,2.0,Appartement,81.0,3.0
1634126,23/12/2020,Vente,"8629651,00",2.0,RUE,0423,ARTHUR HONEGGER,51100.0,REIMS,51,454,EZ,1091,0,2.0,Appartement,72.0,3.0
1634127,23/12/2020,Vente,"8629651,00",2.0,RUE,0423,ARTHUR HONEGGER,51100.0,REIMS,51,454,EZ,1091,0,2.0,Appartement,53.0,2.0
1634128,23/12/2020,Vente,"8629651,00",2.0,RUE,0423,ARTHUR HONEGGER,51100.0,REIMS,51,454,EZ,1091,0,2.0,Appartement,54.0,2.0
1634130,23/12/2020,Vente,"8629651,00",2.0,RUE,0423,ARTHUR HONEGGER,51100.0,REIMS,51,454,EZ,1091,0,2.0,Appartement,88.0,4.0
1634131,23/12/2020,Vente,"8629651,00",2.0,RUE,0423,ARTHUR HONEGGER,51100.0,REIMS,51,454,EZ,1091,0,2.0,Appartement,71.0,3.0
1634132,23/12/2020,Vente,"8629651,00",2.0,RUE,0423,ARTHUR HONEGGER,51100.0,REIMS,51,454,EZ,1091,0,2.0,Appartement,80.0,4.0
1634133,23/12/2020,Vente,"8629651,00",2.0,RUE,0423,ARTHUR HONEGGER,51100.0,REIMS,51,454,EZ,1091,0,2.0,Appartement,80.0,3.0
1634135,23/12/2020,Vente,"8629651,00",2.0,RUE,0423,ARTHUR HONEGGER,51100.0,REIMS,51,454,EZ,1091,0,2.0,Appartement,71.0,3.0
1634136,23/12/2020,Vente,"8629651,00",2.0,RUE,0423,ARTHUR HONEGGER,51100.0,REIMS,51,454,EZ,1091,0,2.0,Appartement,76.0,4.0
1634141,23/12/2020,Vente,"8629651,00",2.0,RUE,0423,ARTHUR HONEGGER,51100.0,REIMS,51,454,EZ,1091,0,2.0,Appartement,75.0,4.0
1634143,23/12/2020,Vente,"8629651,00",2.0,RUE,0423,ARTHUR HONEGGER,51100.0,REIMS,51,454,EZ,1091,0,2.0,Appartement,82.0,4.0
1634147,23/12/2020,Vente,"8629651,00",2.0,RUE,0423,ARTHUR HONEGGER,51100.0,REIMS,51,454,EZ,1091,0,2.0,Appartement,53.0,2.0
1634149,23/12/2020,Vente,"8629651,00",2.0,RUE,0423,ARTHUR HONEGGER,51100.0,REIMS,51,454,EZ,1091,0,2.0,Appartement,77.0,4.0
1634150,23/12/2020,Vente,"8629651,00",2.0,RUE,0423,ARTHUR HONEGGER,51100.0,REIMS,51,454,EZ,1091,0,2.0,Appartement,67.0,3.0
1634152,23/12/2020,Vente,"8629651,00",2.0,RUE,0423,ARTHUR HONEGGER,51100.0,REIMS,51,454,EZ,1091,0,2.0,Appartement,69.0,3.0
1634154,23/12/2020,Vente,"8629651,00",2.0,RUE,0423,ARTHUR HONEGGER,51100.0,REIMS,51,454,EZ,1091,0,2.0,Appartement,68.0,3.0
1634156,23/12/2020,Vente,"8629651,00",2.0,RUE,0423,ARTHUR HONEGGER,51100.0,REIMS,51,454,EZ,1091,0,2.0,Appartement,85.0,4.0
1634157,23/12/2020,Vente,"8629651,00",2.0,RUE,0423,ARTHUR HONEGGER,51100.0,REIMS,51,454,EZ,1091,0,2.0,Appartement,69.0,3.0
1634161,23/12/2020,Vente,"8629651,00",2.0,RUE,0423,ARTHUR HONEGGER,51100.0,REIMS,51,454,EZ,1091,0,2.0,Appartement,77.0,4.0
1634162,23/12/2020,Vente,"8629651,00",2.0,RUE,0423,ARTHUR HONEGGER,51100.0,REIMS,51,454,EZ,1091,0,2.0,Appartement,71.0,4.0
1634165,23/12/2020,Vente,"8629651,00",2.0,RUE,0423,ARTHUR HONEGGER,51100.0,REIMS,51,454,EZ,1091,0,2.0,Appartement,42.0,1.0
1634166,23/12/2020,Vente,"8629651,00",2.0,RUE,0423,ARTHUR HONEGGER,51100.0,REIMS,51,454,EZ,1091,0,2.0,Appartement,76.0,4.0
1634173,23/12/2020,Vente,"8629651,00",2.0,RUE,0423,ARTHUR HONEGGER,51100.0,REIMS,51,454,EZ,1091,0,2.0,Appartement,78.0,4.0
1634177,23/12/2020,Vente,"82000,00",9.0,,3915,GPE GENERAL EISENHOWER,51100.0,REIMS,51,454,HS,216,1,2.0,Appartement,74.0,3.0
1634178,23/12/2020,Vente,"82000,00",9.0,,3915,GPE GENERAL EISENHOWER,51100.0,REIMS,51,454,HS,216,1,2.0,Appartement,87.0,4.0
1634187,24/12/2020,Vente en l'état futur d'achèvement,"289595,00",33.0,RUE,6920,PETIT DELBOURG,51100.0,REIMS,51,454,CL,579,1,2.0,Appartement,80.0,3.0
1634209,21/12/2020,Vente,"140000,00",5.0,RUE,4906,JEAN LE LOUP,51100.0,REIMS,51,454,IK,1348,1,2.0,Appartement,86.0,3.0
1634222,23/12/2020,Vente,"225000,00",2.0,AV,3913,DU GENERAL DE GAULLE,51100.0,REIMS,51,454,HX,547,1,2.0,Appartement,87.0,4.0
1634295,28/12/2020,Vente,"97000,00",8.0,ALL,3045,DU BELLAY,51100.0,REIMS,51,454,DK,184,1,2.0,Appartement,78.0,4.0
1634315,24/12/2020,Vente,"76000,00",21.0,RUE,9210,DE WITRY,51100.0,REIMS,51,454,CT,186,2,2.0,Appartement,49.0,2.0
1634317,30/12/2020,Vente,"136000,00",66.0,RUE,4740,JACQUART,51100.0,REIMS,51,454,BI,573,1,2.0,Appartement,68.0,3.0
1634335,23/12/2020,Vente,"23100,00",20.0,RUE,7010,PIERRE BROSSOLETTE,51100.0,REIMS,51,454,AV,857,2,2.0,Appartement,43.0,2.0
1634351,30/12/2020,Vente,"69000,00",1.0,RUE,6000,MARTEAU,51100.0,REIMS,51,454,CV,53,1,2.0,Appartement,16.0,1.0
1634371,31/12/2020,Vente en l'état futur d'achèvement,"173000,00",78.0,AV,1809,CHARLES FANDRE,51100.0,REIMS,51,454,CT,607,1,2.0,Appartement,69.0,3.0
1634420,29/12/2020,Vente en l'état futur d'achèvement,"173500,00",78.0,AV,1809,CHARLES FANDRE,51100.0,REIMS,51,454,CT,607,1,2.0,Appartement,69.0,3.0
1634452,30/12/2020,Vente,"100900,00",29.0,RUE,4160,DE LA GOULETTE,51100.0,REIMS,51,454,BL,469,2,2.0,Appartement,71.0,3.0
1634453,30/12/2020,Vente,"130000,00",76.0,RUE,0740,BELIN,51100.0,REIMS,51,454,AY,309,2,2.0,Appartement,57.0,3.0
1634473,30/12/2020,Vente,"285000,00",130.0,RUE,2440,DE COURLANCY,51100.0,REIMS,51,454,DO,257,0,2.0,Appartement,30.0,1.0
1634474,30/12/2020,Vente,"285000,00",130.0,RUE,2440,DE COURLANCY,51100.0,REIMS,51,454,DO,257,0,2.0,Appartement,60.0,3.0
1634475,30/12/2020,Vente,"285000,00",130.0,RUE,2440,DE COURLANCY,51100.0,REIMS,51,454,DO,257,0,2.0,Appartement,62.0,3.0
1634476,30/12/2020,Vente,"285000,00",130.0,RUE,2440,DE COURLANCY,51100.0,REIMS,51,454,DO,257,0,2.0,Appartement,27.0,1.0
1634479,23/12/2020,Vente,"177500,00",3.0,RUE,1310,BUIRETTE,51100.0,REIMS,51,454,IM,84,2,2.0,Appartement,119.0,4.0
1634494,24/12/2020,Vente,"200000,00",9.0,RUE,3180,EDOUARD MIGNOT,51100.0,REIMS,51,454,AT,415,1,2.0,Appartement,77.0,3.0
1634509,23/12/2020,Vente,"535000,00",9.0,RUE,4220,GRANDVAL,51100.0,REIMS,51,454,CL,232,0,2.0,Appartement,46.0,2.0
1634510,23/12/2020,Vente,"535000,00",9.0,RUE,4220,GRANDVAL,51100.0,REIMS,51,454,CL,232,0,2.0,Appartement,50.0,2.0
1634511,23/12/2020,Vente,"535000,00",9.0,RUE,4220,GRANDVAL,51100.0,REIMS,51,454,CL,232,0,2.0,Appartement,41.0,2.0
1634512,23/12/2020,Vente,"535000,00",9.0,RUE,4220,GRANDVAL,51100.0,REIMS,51,454,CL,232,0,2.0,Appartement,23.0,1.0
1634513,23/12/2020,Vente,"535000,00",9.0,RUE,4220,GRANDVAL,51100.0,REIMS,51,454,CL,232,0,2.0,Appartement,43.0,2.0
1634514,23/12/2020,Vente,"535000,00",9.0,RUE,4220,GRANDVAL,51100.0,REIMS,51,454,CL,232,0,2.0,Appartement,43.0,2.0
1634515,23/12/2020,Vente,"535000,00",9.0,RUE,4220,GRANDVAL,51100.0,REIMS,51,454,CL,232,0,2.0,Appartement,23.0,1.0
1634545,23/12/2020,Vente,"94000,00",82.0,RUE,3850,GAMBETTA,51100.0,REIMS,51,454,CY,329,1,2.0,Appartement,32.0,2.0
1634549,29/12/2020,Vente,"114500,00",28.0,BD,5010,JOFFRE,51100.0,REIMS,51,454,IL,548,1,2.0,Appartement,53.0,2.0
1634551,23/12/2020,Vente,"54000,00",192.0,AV,5300,DE LAON,51100.0,REIMS,51,454,AX,847,1,2.0,Appartement,22.0,1.0
1634560,23/12/2020,Vente,"153351,00",58.0,AV,3320,D EPERNAY,51100.0,REIMS,51,454,HW,50,2,2.0,Appartement,144.0,6.0
1634599,23/12/2020,Vente en l'état futur d'achèvement,"3478297,20",26.0,RUE,1250,DE BRIMONTEL,51100.0,REIMS,51,454,AY,587,0,2.0,Appartement,86.0,5.0
1634601,23/12/2020,Vente en l'état futur d'achèvement,"3478297,20",26.0,RUE,1250,DE BRIMONTEL,51100.0,REIMS,51,454,AY,587,0,2.0,Appartement,86.0,5.0
1634635,30/12/2020,Vente,"347500,00",7.0,RUE,4730,DES JACOBINS,51100.0,REIMS,51,454,IK,107,2,2.0,Appartement,125.0,4.0
1634636,28/12/2020,Vente,"90000,00",4.0,RUE,8603,THEODORE GERICAULT,51100.0,REIMS,51,454,AE,296,1,2.0,Appartement,66.0,3.0
1634637,28/12/2020,Vente,"90000,00",4.0,RUE,8603,THEODORE GERICAULT,51100.0,REIMS,51,454,AE,296,1,2.0,Appartement,86.0,4.0
1634666,28/12/2020,Vente,"148000,00",42.0,RUE,3800,DES FUSELIERS,51100.0,REIMS,51,454,CX,559,1,2.0,Appartement,50.0,2.0
1634667,31/12/2020,Vente,"130000,00",10.0,RUE,0870,DE BETHENY,51100.0,REIMS,51,454,BI,897,1,2.0,Appartement,81.0,1.0
1634672,28/12/2020,Vente,"144880,00",7.0,RUE,5230,LABORI,51100.0,REIMS,51,454,CK,323,2,2.0,Appartement,46.0,2.0
1634674,24/12/2020,Vente,"51200,00",53.0,RUE,1740,CHANZY,51100.0,REIMS,51,454,CX,404,1,2.0,Appartement,48.0,2.0
1634675,24/12/2020,Vente,"51200,00",2.0,RUE,4560,HINCMAR,51100.0,REIMS,51,454,IK,75,2,2.0,Appartement,43.0,2.0
1634692,28/12/2020,Vente,"520000,00",14.0,RUE,3770,FRANCOIS DOR,51100.0,REIMS,51,454,HX,409,1,2.0,Appartement,25.0,1.0
1634693,28/12/2020,Vente,"520000,00",14.0,RUE,3770,FRANCOIS DOR,51100.0,REIMS,51,454,HX,409,1,2.0,Appartement,29.0,1.0
1634694,28/12/2020,Vente,"520000,00",14.0,RUE,3770,FRANCOIS DOR,51100.0,REIMS,51,454,HX,409,1,2.0,Appartement,29.0,1.0
1634695,28/12/2020,Vente,"520000,00",14.0,RUE,3770,FRANCOIS DOR,51100.0,REIMS,51,454,HX,409,1,2.0,Appartement,49.0,2.0
1634696,28/12/2020,Vente,"520000,00",14.0,RUE,3770,FRANCOIS DOR,51100.0,REIMS,51,454,HX,409,1,2.0,Appartement,22.0,1.0
1634697,28/12/2020,Vente,"520000,00",14.0,RUE,3770,FRANCOIS DOR,51100.0,REIMS,51,454,HX,409,1,2.0,Appartement,25.0,1.0
1634698,28/12/2020,Vente,"520000,00",14.0,RUE,3770,FRANCOIS DOR,51100.0,REIMS,51,454,HX,409,1,2.0,Appartement,25.0,1.0
1634699,28/12/2020,Vente,"520000,00",14.0,RUE,3770,FRANCOIS DOR,51100.0,REIMS,51,454,HX,409,1,2.0,Appartement,50.0,3.0
1634701,31/12/2020,Vente,"105000,00",10.0,RUE,0870,DE BETHENY,51100.0,REIMS,51,454,BI,897,1,2.0,Appartement,53.0,1.0
1634810,30/12/2020,Vente,"117000,00",44.0,RUE,3090,DURUY,51100.0,REIMS,51,454,AW,51,1,2.0,Appartement,62.0,2.0
1634811,30/12/2020,Vente,"117000,00",44.0,RUE,3090,DURUY,51100.0,REIMS,51,454,AW,51,1,2.0,Appartement,62.0,2.0
1634821,31/12/2020,Vente,"81000,00",27.0,BD,6690,DE LA PAIX,51100.0,REIMS,51,454,CK,128,2,2.0,Appartement,33.0,1.0
1634858,23/12/2020,Vente,"62000,00",27.0,RUE,0550,BACQUENOIS,51100.0,REIMS,51,454,IM,259,2,2.0,Appartement,20.0,1.0
1634896,14/12/2020,Vente,"53700,00",27.0,RUE,5440,LEOPOLD CHARPENTIER,51100.0,REIMS,51,454,AE,262,2,2.0,Appartement,31.0,1.0
1634904,28/08/2020,Vente,"175000,00",36.0,ESP,3590,FLECHAMBAULT,51100.0,REIMS,51,454,DM,631,2,2.0,Appartement,83.0,4.0
1879437,04/01/2019,Vente,"65000,00",39.0,RUE,3570,DE FISMES,51100.0,REIMS,51,454,AR,539,1,2.0,Appartement,16.0,1.0
1879438,04/01/2019,Vente,"65000,00",39.0,RUE,3570,DE FISMES,51100.0,REIMS,51,454,AR,539,1,2.0,Appartement,16.0,1.0
1879440,04/01/2019,Vente,"65000,00",39.0,RUE,3570,DE FISMES,51100.0,REIMS,51,454,AR,539,1,2.0,Appartement,16.0,1.0
1879446,11/01/2019,Vente,"120000,00",23.0,RUE,0910,DE BEZANNES,51100.0,REIMS,51,454,HW,66,1,2.0,Appartement,80.0,2.0
1879454,04/01/2019,Vente,"240000,00",112.0,BD,7140,POMMERY,51100.0,REIMS,51,454,CL,392,0,2.0,Appartement,17.0,1.0
1879455,04/01/2019,Vente,"240000,00",112.0,BD,7140,POMMERY,51100.0,REIMS,51,454,CL,392,0,2.0,Appartement,17.0,1.0
1879456,04/01/2019,Vente,"240000,00",112.0,BD,7140,POMMERY,51100.0,REIMS,51,454,CL,392,0,2.0,Appartement,40.0,2.0
1879457,04/01/2019,Vente,"240000,00",112.0,BD,7140,POMMERY,51100.0,REIMS,51,454,CL,392,0,2.0,Appartement,48.0,3.0
1879458,04/01/2019,Vente en l'état futur d'achèvement,"127000,00",,RUE,5891,MARCEL THIL,51100.0,REIMS,51,454,AV,1091,1,2.0,Appartement,33.0,1.0
1879463,09/01/2019,Vente,"99500,00",86.0,RUE,4150,GOSSET,51100.0,REIMS,51,454,BC,153,2,2.0,Appartement,47.0,2.0
1879465,09/01/2019,Vente,"66500,00",14.0,RUE,2790,DEVILLE,51100.0,REIMS,51,454,AV,49,1,2.0,Appartement,40.0,2.0
1879467,07/01/2019,Vente,"78000,00",15.0,RUE,8720,TOURNEBONNEAU,51100.0,REIMS,51,454,DM,630,2,2.0,Appartement,44.0,2.0
1879470,07/01/2019,Vente,"87000,00",65.0,PL,5700,LUTON,51100.0,REIMS,51,454,AX,97,4,2.0,Appartement,49.0,2.0
1879482,16/01/2019,Vente,"61000,00",1.0,RUE,7605,ROLAND DORGELES,51100.0,REIMS,51,454,AN,225,1,2.0,Appartement,41.0,2.0
1879484,11/01/2019,Vente,"53000,00",7.0,RUE,1880,CHAVAILLIAUD,51100.0,REIMS,51,454,CV,713,3,2.0,Appartement,34.0,2.0
1879490,04/01/2019,Vente,"123000,00",14.0,ESP,3590,FLECHAMBAULT,51100.0,REIMS,51,454,DM,636,2,2.0,Appartement,73.0,3.0
1879492,10/01/2019,Vente,"97000,00",1.0,RUE,1920,DE CHEVIGNE,51100.0,REIMS,51,454,CL,154,2,2.0,Appartement,64.0,3.0
1879494,07/01/2019,Vente,"186533,00",87.0,RUE,6230,DU MONT D ARENE,51100.0,REIMS,51,454,AT,9,1,2.0,Appartement,49.0,2.0
1879497,16/01/2019,Vente,"66000,00",2.0,RUE,8605,THEOPHILE GAUTIER,51100.0,REIMS,51,454,AD,829,2,2.0,Appartement,57.0,3.0
1879498,04/01/2019,Vente,"108000,00",32.0,RUE,2470,COUTIER MARION,51100.0,REIMS,51,454,CH,132,1,2.0,Appartement,87.0,4.0
1879500,04/01/2019,Vente,"116000,00",38.0,RUE,2470,COUTIER MARION,51100.0,REIMS,51,454,CH,132,1,2.0,Appartement,87.0,4.0
1879502,07/01/2019,Vente,"72000,00",52.0,RUE,1550,CERES,51100.0,REIMS,51,454,CX,78,1,2.0,Appartement,36.0,2.0
1879519,14/01/2019,Vente,"112000,00",12.0,RUE,0910,DE BEZANNES,51100.0,REIMS,51,454,HW,386,2,2.0,Appartement,80.0,4.0
1879528,16/01/2019,Vente,"130800,00",36.0,RUE,6480,DE LA NEUVILLETTE,51100.0,REIMS,51,454,AX,335,1,2.0,Appartement,72.0,3.0
1879531,07/01/2019,Vente,"230000,00",65.0,PL,5700,LUTON,51100.0,REIMS,51,454,AX,97,3,2.0,Appartement,50.0,1.0
1879532,07/01/2019,Vente,"230000,00",65.0,PL,5700,LUTON,51100.0,REIMS,51,454,AX,97,3,2.0,Appartement,50.0,2.0
1879536,14/01/2019,Vente,"74300,00",134.0,RUE,7010,PIERRE BROSSOLETTE,51100.0,REIMS,51,454,AO,739,1,2.0,Appartement,50.0,2.0
1879544,04/01/2019,Vente,"51250,00",296.0,AV,5300,DE LAON,51100.0,REIMS,51,454,AX,755,1,2.0,Appartement,30.0,1.0
1879553,18/01/2019,Vente,"123670,00",82.0,RUE,3850,GAMBETTA,51100.0,REIMS,51,454,CY,329,1,2.0,Appartement,55.0,3.0
1879555,17/01/2019,Vente,"113200,00",5.0,RUE,6050,MARYSE BASTIE,51100.0,REIMS,51,454,BC,23,2,2.0,Appartement,66.0,4.0
1879559,14/01/2019,Vente,"55000,00",51.0,RUE,2630,DANTON,51100.0,REIMS,51,454,AX,818,1,2.0,Appartement,20.0,1.0
1879561,11/01/2019,Vente,"12750,00",71.0,AV,4900,JEAN JAURES,51100.0,REIMS,51,454,BI,380,1,2.0,Appartement,90.0,4.0
1879562,10/01/2019,Vente,"83000,00",1.0,RUE,0820,DE BERRU,51100.0,REIMS,51,454,CV,822,1,2.0,Appartement,32.0,2.0
1879568,14/01/2019,Vente,"63000,00",38.0,RUE,8980,VERNOUILLET,51100.0,REIMS,51,454,AT,237,2,2.0,Appartement,29.0,1.0
1879572,09/01/2019,Vente,"260000,00",1.0,RUE,9260,WERLE,51100.0,REIMS,51,454,BH,530,2,2.0,Appartement,103.0,5.0
1879573,09/01/2019,Vente,"48000,00",44.0,RUE,5090,JULES GUICHARD,51100.0,REIMS,51,454,AV,936,2,2.0,Appartement,37.0,1.0
1879576,04/01/2019,Vente en l'état futur d'achèvement,"323000,00",90.0,RUE,7160,PONSARDIN,51100.0,REIMS,51,454,CY,755,1,2.0,Appartement,82.0,4.0
1879584,09/01/2019,Vente,"185000,00",10.0,RUE,8950,DE VENISE,51100.0,REIMS,51,454,IK,1335,1,2.0,Appartement,96.0,4.0
1879610,08/01/2019,Vente,"178000,00",28.0,RUE,8510,DE TAMBOUR,51100.0,REIMS,51,454,BE,264,2,2.0,Appartement,60.0,3.0
1879612,16/01/2019,Vente,"150000,00",9.0,RUE,0845,BERTRAND DE MUN,51100.0,REIMS,51,454,CM,116,2,2.0,Appartement,90.0,4.0
1879615,14/01/2019,Vente,"216000,00",93.0,RUE,3850,GAMBETTA,51100.0,REIMS,51,454,CY,631,1,2.0,Appartement,71.0,3.0
1879617,11/01/2019,Vente,"214000,00",137.0,BD,7140,POMMERY,51100.0,REIMS,51,454,CI,65,2,2.0,Appartement,89.0,4.0
1879619,16/01/2019,Vente en l'état futur d'achèvement,"167000,00",,RUE,4220,GRANDVAL,51100.0,REIMS,51,454,CL,989,1,2.0,Appartement,43.0,2.0
1879620,04/01/2019,Vente,"252700,00",6.0,RUE,8930,VAUTHIER LE NOIR,51100.0,REIMS,51,454,CX,317,2,2.0,Appartement,82.0,4.0
1879621,22/01/2019,Vente,"290100,00",20.0,RUE,1280,BRULEE,51100.0,REIMS,51,454,IK,1447,1,2.0,Appartement,89.0,4.0
1879625,15/01/2019,Vente en l'état futur d'achèvement,"232015,00",,RUE,4220,GRANDVAL,51100.0,REIMS,51,454,CL,1000,2,2.0,Appartement,66.0,3.0
1879627,16/01/2019,Vente en l'état futur d'achèvement,"173000,00",7.0,RUE,0400,ARMONVILLE,51100.0,REIMS,51,454,CZ,678,1,2.0,Appartement,42.0,2.0
1879628,14/01/2019,Vente,"71300,00",32.0,RUE,1590,DE CERNAY,51100.0,REIMS,51,454,CW,642,2,2.0,Appartement,33.0,2.0
1879631,14/01/2019,Vente en l'état futur d'achèvement,"171000,00",7.0,RUE,0400,ARMONVILLE,51100.0,REIMS,51,454,CZ,678,1,2.0,Appartement,42.0,2.0
1879632,16/01/2019,Vente en l'état futur d'achèvement,"218934,00",,RUE,4220,GRANDVAL,51100.0,REIMS,51,454,CL,1000,2,2.0,Appartement,61.0,3.0
1879640,05/01/2019,Vente,"66000,00",1.0,RUE,8290,16E ET 22E DRAGONS,51100.0,REIMS,51,454,CK,17,1,2.0,Appartement,31.0,1.0
1879641,21/01/2019,Vente,"156000,00",3.0,RUE,9220,VOLTAIRE,51100.0,REIMS,51,454,CX,385,2,2.0,Appartement,62.0,3.0
1879647,10/01/2019,Vente,"154400,00",4.0,RUE,1890,DU CHEMIN VERT,51100.0,REIMS,51,454,CI,135,1,2.0,Appartement,67.0,3.0
1879651,11/01/2019,Vente,"100000,00",10.0,RUE,4120,GOIOT,51100.0,REIMS,51,454,CZ,695,1,2.0,Appartement,60.0,1.0
1879653,07/01/2019,Vente,"140000,00",5.0,PL,6810,PAUL JAMOT,51100.0,REIMS,51,454,CX,111,2,2.0,Appartement,65.0,3.0
1879658,10/01/2019,Vente,"136500,00",249.0,RUE,2440,DE COURLANCY,51100.0,REIMS,51,454,DN,217,2,2.0,Appartement,82.0,5.0
1879663,16/01/2019,Vente,"177500,00",12.0,RUE,0870,DE BETHENY,51100.0,REIMS,51,454,BI,819,0,2.0,Appartement,54.0,3.0
1879665,16/01/2019,Vente,"177500,00",12.0,RUE,0870,DE BETHENY,51100.0,REIMS,51,454,BI,819,0,2.0,Appartement,41.0,2.0
1879666,16/01/2019,Vente,"177500,00",12.0,RUE,0870,DE BETHENY,51100.0,REIMS,51,454,BI,819,0,2.0,Appartement,10.0,1.0
1879668,07/01/2019,Vente,"108900,00",1.0,ALL,9286,YVES GANDON,51100.0,REIMS,51,454,KR,13,1,2.0,Appartement,80.0,4.0
1879681,15/01/2019,Vente,"50600,00",3.0,RUE,7010,PIERRE BROSSOLETTE,51100.0,REIMS,51,454,AR,225,1,2.0,Appartement,35.0,2.0
1879683,09/01/2019,Vente,"130000,00",55.0,RUE,2590,D ESTIENNE D ORVES,51100.0,REIMS,51,454,DV,407,2,2.0,Appartement,82.0,5.0
1879686,09/01/2019,Vente,"75000,00",9.0,RUE,3090,DURUY,51100.0,REIMS,51,454,AX,315,3,2.0,Appartement,32.0,2.0
1879692,16/01/2019,Vente,"128000,00",10.0,RUE,8555,DES TEINTURIERS,51100.0,REIMS,51,454,CT,536,1,2.0,Appartement,60.0,3.0
1879698,05/01/2019,Vente,"117000,00",113.0,RUE,9040,DE VESLE,51100.0,REIMS,51,454,IK,1347,1,2.0,Appartement,45.0,2.0
1879707,18/01/2019,Vente,"90000,00",31.0,CHS,7970,SAINT MARTIN,51100.0,REIMS,51,454,DN,217,2,2.0,Appartement,55.0,3.0
1879708,22/01/2019,Vente,"157000,00",55.0,RUE,3000,DOCTEUR THOMAS,51100.0,REIMS,51,454,AW,214,3,2.0,Appartement,95.0,4.0
1879720,18/01/2019,Vente,"82500,00",21.0,RUE,3020,DORIGNY,51100.0,REIMS,51,454,BI,602,1,2.0,Appartement,39.0,2.0
1879721,04/01/2019,Vente,"178200,00",21.0,RUE,3020,DORIGNY,51100.0,REIMS,51,454,BI,602,1,2.0,Appartement,40.0,2.0
1879722,04/01/2019,Vente,"178200,00",21.0,RUE,3020,DORIGNY,51100.0,REIMS,51,454,BI,602,1,2.0,Appartement,36.0,2.0
1879726,17/01/2019,Vente,"220000,00",127.0,RUE,1590,DE CERNAY,51100.0,REIMS,51,454,CV,1213,0,2.0,Appartement,16.0,1.0
1879727,17/01/2019,Vente,"220000,00",127.0,RUE,1590,DE CERNAY,51100.0,REIMS,51,454,CV,1213,0,2.0,Appartement,59.0,3.0
1879728,17/01/2019,Vente,"220000,00",127.0,RUE,1590,DE CERNAY,51100.0,REIMS,51,454,CV,1213,0,2.0,Appartement,40.0,2.0
1879731,07/01/2019,Vente,"67000,00",40.0,RUE,7710,RUINART DE BRIMONT,51100.0,REIMS,51,454,CW,716,1,2.0,Appartement,29.0,1.0
1879739,24/01/2019,Vente,"81800,00",132.0,RUE,7010,PIERRE BROSSOLETTE,51100.0,REIMS,51,454,AO,739,1,2.0,Appartement,50.0,2.0
1879758,11/01/2019,Vente,"84000,00",45.0,RUE,1830,CHARLIER,51100.0,REIMS,51,454,BI,268,1,2.0,Appartement,31.0,1.0
1879759,24/01/2019,Vente,"58000,00",63.0,BD,2990,DOCTEUR ROUX,51100.0,REIMS,51,454,KO,22,1,2.0,Appartement,32.0,1.0
1879761,25/01/2019,Vente,"89000,00",96.0,AV,3320,D EPERNAY,51100.0,REIMS,51,454,HW,387,2,2.0,Appartement,38.0,1.0
1879763,18/01/2019,Vente,"83000,00",21.0,RUE,3020,DORIGNY,51100.0,REIMS,51,454,BI,602,1,2.0,Appartement,38.0,2.0
1879765,10/01/2019,Vente,"82000,00",12.0,RUE,7420,REIMBEAU,51100.0,REIMS,51,454,AX,54,1,2.0,Appartement,54.0,3.0
1879768,11/01/2019,Vente,"141000,00",1.0,AV,7295,DU PRESIDENT KENNEDY,51100.0,REIMS,51,454,KN,16,2,2.0,Appartement,95.0,4.0
1879770,24/01/2019,Vente,"90000,00",5.0,RUE,0845,BERTRAND DE MUN,51100.0,REIMS,51,454,CM,116,2,2.0,Appartement,60.0,2.0
1879776,23/01/2019,Vente,"338000,00",23.0,RUE,2450,COURMEAUX,51100.0,REIMS,51,454,BE,508,2,2.0,Appartement,108.0,4.0
1879778,07/01/2019,Vente,"158000,00",60.0,RUE,4560,HINCMAR,51100.0,REIMS,51,454,IK,758,1,2.0,Appartement,46.0,3.0
1879780,21/01/2019,Vente,"62000,00",24.0,RUE,3070,DUQUENELLE,51100.0,REIMS,51,454,AW,301,3,2.0,Appartement,30.0,2.0
1879781,11/01/2019,Vente,"275000,00",15.0,RUE,3390,DE L ETAPE,51100.0,REIMS,51,454,IL,225,1,2.0,Appartement,93.0,3.0
1879784,17/01/2019,Vente,"155000,00",3.0,RUE,8290,16E ET 22E DRAGONS,51100.0,REIMS,51,454,CK,17,2,2.0,Appartement,76.0,3.0
1879786,11/01/2019,Vente en l'état futur d'achèvement,"200000,00",37.0,RUE,1670,DU CHAMP DE MARS,51100.0,REIMS,51,454,BD,16,1,2.0,Appartement,51.0,2.0
1879791,07/01/2019,Vente,"157000,00",75.0,AV,4900,JEAN JAURES,51100.0,REIMS,51,454,BI,755,1,2.0,Appartement,57.0,3.0
1879795,16/01/2019,Vente,"140000,00",27.0,RUE,1710,DE CHAMPIGNY,51100.0,REIMS,51,454,AR,302,2,2.0,Appartement,68.0,4.0
1879796,21/01/2019,Vente en l'état futur d'achèvement,"138000,00",,RUE,4220,GRANDVAL,51100.0,REIMS,51,454,CL,989,1,2.0,Appartement,47.0,2.0
1879800,21/01/2019,Vente,"88000,00",53.0,RUE,8820,DES 3 PILIERS,51100.0,REIMS,51,454,AW,1,1,2.0,Appartement,69.0,3.0
1879801,23/01/2019,Vente,"7000,00",65.0,AV,4900,JEAN JAURES,51100.0,REIMS,51,454,BI,385,1,2.0,Appartement,30.0,1.0
1879802,23/01/2019,Vente,"7000,00",65.0,AV,4900,JEAN JAURES,51100.0,REIMS,51,454,BI,385,1,2.0,Appartement,30.0,1.0
1879803,21/01/2019,Vente,"184000,00",10.0,RUE,8950,DE VENISE,51100.0,REIMS,51,454,IK,1335,1,2.0,Appartement,99.0,5.0
1879807,17/01/2019,Vente,"96000,00",6.0,RUE,6740,PASSE DEMOISELLES,51100.0,REIMS,51,454,HX,436,2,2.0,Appartement,57.0,3.0
1879815,10/01/2019,Vente,"102000,00",18.0,CRS,4850,J B LANGLET,51100.0,REIMS,51,454,IL,501,1,2.0,Appartement,38.0,1.0
1879816,23/01/2019,Vente,"172850,00",30.0,RUE,5250,LAGRIVE,51100.0,REIMS,51,454,CK,316,1,2.0,Appartement,56.0,2.0
1879823,24/01/2019,Vente,"81000,00",44.0,RUE,5090,JULES GUICHARD,51100.0,REIMS,51,454,AV,936,2,2.0,Appartement,56.0,3.0
1879826,24/01/2019,Vente en l'état futur d'achèvement,"206389,00",,RUE,4220,GRANDVAL,51100.0,REIMS,51,454,CL,989,1,2.0,Appartement,60.0,3.0
1879829,25/01/2019,Vente en l'état futur d'achèvement,"607000,00",,IMP,5470,DU LEVANT,51100.0,REIMS,51,454,CX,495,1,2.0,Appartement,151.0,5.0
1879839,07/01/2019,Vente,"286000,00",43.0,RUE,3500,FAVART D HERBIGNY,51100.0,REIMS,51,454,CV,892,0,2.0,Appartement,16.0,1.0
1879841,07/01/2019,Vente,"286000,00",43.0,RUE,3500,FAVART D HERBIGNY,51100.0,REIMS,51,454,CV,892,0,2.0,Appartement,22.0,1.0
1879842,07/01/2019,Vente,"286000,00",43.0,RUE,3500,FAVART D HERBIGNY,51100.0,REIMS,51,454,CV,892,0,2.0,Appartement,16.0,1.0
1879843,07/01/2019,Vente,"286000,00",43.0,RUE,3500,FAVART D HERBIGNY,51100.0,REIMS,51,454,CV,892,0,2.0,Appartement,20.0,1.0
1879844,07/01/2019,Vente,"286000,00",43.0,RUE,3500,FAVART D HERBIGNY,51100.0,REIMS,51,454,CV,892,0,2.0,Appartement,20.0,1.0
1879845,07/01/2019,Vente,"286000,00",43.0,RUE,3500,FAVART D HERBIGNY,51100.0,REIMS,51,454,CV,892,0,2.0,Appartement,26.0,1.0
1879848,25/01/2019,Vente,"69500,00",42.0,RUE,2290,COQUEBERT,51100.0,REIMS,51,454,BH,124,1,2.0,Appartement,42.0,2.0
1879850,25/01/2019,Vente,"72000,00",133.0,RUE,2440,DE COURLANCY,51100.0,REIMS,51,454,HY,161,2,2.0,Appartement,26.0,1.0
1879858,17/01/2019,Vente,"221500,00",23.0,BD,0710,DES BELGES,51100.0,REIMS,51,454,AM,89,1,2.0,Appartement,116.0,5.0
1879862,11/01/2019,Vente,"67800,00",10.0,RUE,7015,PIERRE DE COUBERTIN,51100.0,REIMS,51,454,AE,292,1,2.0,Appartement,56.0,3.0
1879864,30/01/2019,Vente,"210000,00",1.0,AV,7295,DU PRESIDENT KENNEDY,51100.0,REIMS,51,454,KN,16,2,2.0,Appartement,116.0,5.0
1879865,18/01/2019,Vente,"115000,00",15.0,BD,2830,DIEU LUMIERE,51100.0,REIMS,51,454,DM,638,2,2.0,Appartement,81.0,4.0
1879875,24/01/2019,Vente,"40000,00",21.0,AV,4455,HENRI FARMAN,51100.0,REIMS,51,454,DH,90,1,2.0,Appartement,17.0,1.0
1879888,21/01/2019,Vente,"380000,00",93.0,RUE,3850,GAMBETTA,51100.0,REIMS,51,454,CY,690,2,2.0,Appartement,143.0,4.0
1879889,14/01/2019,Vente,"123500,00",136.0,AV,4900,JEAN JAURES,51100.0,REIMS,51,454,CV,1073,2,2.0,Appartement,65.0,3.0
1879897,15/01/2019,Vente,"150000,00",94.0,AV,3320,D EPERNAY,51100.0,REIMS,51,454,HW,387,2,2.0,Appartement,68.0,3.0
1879907,10/01/2019,Vente,"112500,00",13.0,RUE,1620,CHABAUD,51100.0,REIMS,51,454,IK,832,1,2.0,Appartement,46.0,2.0
1879911,08/01/2019,Vente,"215000,00",17.0,RUE,7160,PONSARDIN,51100.0,REIMS,51,454,CX,588,2,2.0,Appartement,80.0,3.0
1879913,28/01/2019,Vente,"81500,00",122.0,BD,8925,VASCO DE GAMA,51100.0,REIMS,51,454,EV,594,2,2.0,Appartement,68.0,3.0
1879914,18/01/2019,Vente,"76000,00",11.0,RUE,1420,DU CARDINAL GOUSSET,51100.0,REIMS,51,454,BH,540,1,2.0,Appartement,26.0,1.0
1879924,22/01/2019,Vente,"82500,00",16.0,RUE,5050,JULES BRUNEAU,51100.0,REIMS,51,454,DT,658,2,2.0,Appartement,55.0,3.0
1879928,14/01/2019,Vente,"89000,00",76.0,RUE,5615,LOUIS PASTEUR NEUV,51100.0,REIMS,51,454,KI,231,1,2.0,Appartement,52.0,3.0
1879929,21/01/2019,Vente,"254600,00",195.0,RUE,1590,DE CERNAY,51100.0,REIMS,51,454,CT,58,0,2.0,Appartement,44.0,1.0
1879930,21/01/2019,Vente,"254600,00",195.0,RUE,1590,DE CERNAY,51100.0,REIMS,51,454,CT,58,0,2.0,Appartement,26.0,2.0
1879932,21/01/2019,Vente,"254600,00",195.0,RUE,1590,DE CERNAY,51100.0,REIMS,51,454,CT,58,0,2.0,Appartement,40.0,2.0
1879933,01/02/2019,Vente,"135505,00",9.0,PL,8711,TOULOUSE LAUTREC,51100.0,REIMS,51,454,KR,27,2,2.0,Appartement,79.0,4.0
1879934,29/01/2019,Vente,"71000,00",24.0,RUE,4700,DE L ISLE,51100.0,REIMS,51,454,CX,106,2,2.0,Appartement,37.0,1.0
1879936,25/01/2019,Vente,"204000,00",9.0,RUE,1056,DES BONS MALADES,51100.0,REIMS,51,454,IO,383,1,2.0,Appartement,79.0,4.0
1879944,23/01/2019,Vente en l'état futur d'achèvement,"209000,00",,RUE,5891,MARCEL THIL,51100.0,REIMS,51,454,AV,1091,1,2.0,Appartement,53.0,2.0
1879951,01/02/2019,Vente,"71000,00",11.0,AV,0070,ALEXANDRE DE SERBIE,51100.0,REIMS,51,454,DT,227,2,2.0,Appartement,66.0,4.0
1879959,18/01/2019,Vente,"210000,00",80.0,AV,6730,DE PARIS,51100.0,REIMS,51,454,IO,261,0,2.0,Appartement,114.0,5.0
1879964,15/01/2019,Vente,"144100,00",1.0,ESP,7433,REMI PELLOT,51100.0,REIMS,51,454,AN,169,1,2.0,Appartement,91.0,4.0
1879966,21/01/2019,Vente,"119000,00",45.0,BD,2930,DOCTEUR HENRI HENROT,51100.0,REIMS,51,454,DM,383,2,2.0,Appartement,81.0,4.0
1879968,18/01/2019,Vente,"182000,00",6.0,RUE,0340,DE L ARBALETE,51100.0,REIMS,51,454,IL,67,1,2.0,Appartement,53.0,2.0
1879994,06/02/2019,Vente,"115000,00",1.0,RUE,2760,DESBUREAUX,51100.0,REIMS,51,454,AL,402,2,2.0,Appartement,79.0,4.0
1879995,16/01/2019,Vente,"160000,00",11.0,RUE,7370,RAINSSANT,51100.0,REIMS,51,454,IN,36,1,2.0,Appartement,64.0,3.0
1879997,23/01/2019,Vente,"140000,00",49.0,AV,4900,JEAN JAURES,51100.0,REIMS,51,454,BH,537,1,2.0,Appartement,63.0,2.0
1879998,18/01/2019,Vente,"54000,00",135.0,RUE,2440,DE COURLANCY,51100.0,REIMS,51,454,HY,161,2,2.0,Appartement,25.0,1.0
1880007,21/01/2019,Vente,"140000,00",12.0,RUE,0910,DE BEZANNES,51100.0,REIMS,51,454,HW,386,2,2.0,Appartement,80.0,4.0
1880009,15/01/2019,Vente,"297000,00",16.0,RUE,5810,MAILLEFER,51100.0,REIMS,51,454,AV,315,0,2.0,Appartement,41.0,3.0
1880010,15/01/2019,Vente,"297000,00",16.0,RUE,5810,MAILLEFER,51100.0,REIMS,51,454,AV,315,0,2.0,Appartement,57.0,3.0
1880011,15/01/2019,Vente,"297000,00",16.0,RUE,5810,MAILLEFER,51100.0,REIMS,51,454,AV,315,0,2.0,Appartement,36.0,2.0
1880025,04/02/2019,Vente,"100000,00",75.0,RUE,5340,LECOINTRE,51100.0,REIMS,51,454,AV,719,2,2.0,Appartement,70.0,2.0
1880044,25/01/2019,Vente,"54000,00",9.0,RUE,3370,DE L ESPERANCE,51100.0,REIMS,51,454,DO,539,1,2.0,Appartement,22.0,1.0
1880048,15/01/2019,Vente,"125000,00",23.0,RUE,1740,CHANZY,51100.0,REIMS,51,454,CX,423,2,2.0,Appartement,50.0,2.0
1880050,24/01/2019,Vente,"96000,00",130.0,RUE,6830,P VAILLANT COUTURIER,51100.0,REIMS,51,454,AN,192,1,2.0,Appartement,46.0,2.0
1880051,29/01/2019,Vente,"86000,00",9.0,,3915,GPE GENERAL EISENHOWER,51100.0,REIMS,51,454,HS,216,2,2.0,Appartement,74.0,3.0
1880052,21/01/2019,Vente,"101000,00",10.0,RUE,1260,DE LA BRIQUETERIE,51100.0,REIMS,51,454,DV,671,3,2.0,Appartement,57.0,3.0
1880056,25/01/2019,Vente,"171500,00",7.0,ESP,5446,LE ROUET,51100.0,REIMS,51,454,CT,390,2,2.0,Appartement,121.0,5.0
1880059,29/01/2019,Vente,"380000,00",69.0,RUE,7160,PONSARDIN,51100.0,REIMS,51,454,CY,119,0,2.0,Appartement,28.0,1.0
1880061,29/01/2019,Vente,"380000,00",69.0,RUE,7160,PONSARDIN,51100.0,REIMS,51,454,CY,119,0,2.0,Appartement,55.0,4.0
1880062,29/01/2019,Vente,"380000,00",69.0,RUE,7160,PONSARDIN,51100.0,REIMS,51,454,CY,119,0,2.0,Appartement,44.0,2.0
1880063,29/01/2019,Vente,"380000,00",69.0,RUE,7160,PONSARDIN,51100.0,REIMS,51,454,CY,119,0,2.0,Appartement,55.0,4.0
1880064,29/01/2019,Vente,"380000,00",69.0,RUE,7160,PONSARDIN,51100.0,REIMS,51,454,CY,119,0,2.0,Appartement,25.0,1.0
1880065,16/01/2019,Vente,"85000,00",42.0,RUE,5920,M CLEMENCE FOURIAUX,51100.0,REIMS,51,454,AV,297,1,2.0,Appartement,47.0,3.0
1880072,15/01/2019,Vente,"208740,00",11.0,BD,6690,DE LA PAIX,51100.0,REIMS,51,454,CW,12,1,2.0,Appartement,66.0,3.0
1880074,31/01/2019,Vente,"96000,00",11.0,RUE,6360,DES MURS,51100.0,REIMS,51,454,CX,270,2,2.0,Appartement,36.0,2.0
1880079,16/01/2019,Vente,"192000,00",17.0,RUE,8500,DE TALLEYRAND,51100.0,REIMS,51,454,IL,174,1,2.0,Appartement,76.0,3.0
1880082,04/02/2019,Vente,"162000,00",60.0,RUE,4560,HINCMAR,51100.0,REIMS,51,454,IK,758,1,2.0,Appartement,55.0,3.0
1880083,04/02/2019,Vente,"162000,00",60.0,RUE,4560,HINCMAR,51100.0,REIMS,51,454,IK,758,1,2.0,Appartement,46.0,3.0
1880104,25/01/2019,Vente,"340000,00",43.0,RUE,8640,DE THILLOIS,51100.0,REIMS,51,454,IM,179,1,2.0,Appartement,74.0,3.0
1880108,31/01/2019,Vente,"75000,00",4.0,ESP,7433,REMI PELLOT,51100.0,REIMS,51,454,AN,169,1,2.0,Appartement,59.0,2.0
1880125,30/01/2019,Vente,"125000,00",36.0,BD,4760,JAMIN,51100.0,REIMS,51,454,BI,705,2,2.0,Appartement,61.0,3.0
1880126,05/02/2019,Vente,"57000,00",39.0,AV,4455,HENRI FARMAN,51100.0,REIMS,51,454,EK,6,1,2.0,Appartement,18.0,1.0
1880137,23/01/2019,Vente,"103000,00",13.0,RUE,8670,DE TINQUEUX,51100.0,REIMS,51,454,IO,391,1,2.0,Appartement,64.0,4.0
1880138,31/01/2019,Vente,"72000,00",4.0,ALL,3165,EDOUARD DEKETELAERE,51100.0,REIMS,51,454,AN,668,1,2.0,Appartement,43.0,2.0
1880140,07/02/2019,Vente,"110160,00",49.0,BD,3950,DU GENERAL LECLERC,51100.0,REIMS,51,454,IM,395,1,2.0,Appartement,47.0,2.0
1880148,04/02/2019,Vente,"62500,00",86.0,RUE,7010,PIERRE BROSSOLETTE,51100.0,REIMS,51,454,AV,538,2,2.0,Appartement,44.0,2.0
1880155,01/02/2019,Vente,"110000,00",10.0,RUE,4120,GOIOT,51100.0,REIMS,51,454,CZ,695,1,2.0,Appartement,73.0,1.0
1880157,08/02/2019,Vente,"299000,00",150.0,BD,7960,ST MARCEAUX,51100.0,REIMS,51,454,CK,147,2,2.0,Appartement,123.0,5.0
1880160,22/01/2019,Vente,"172693,00",12.0,RUE,2200,DU COMMANDANT LAMY,51100.0,REIMS,51,454,AH,624,1,2.0,Appartement,68.0,3.0
1880161,21/01/2019,Vente,"230000,00",50.0,RUE,1360,CAMILLE LENOIR,51100.0,REIMS,51,454,BH,568,1,2.0,Appartement,80.0,4.0
1880164,23/01/2019,Vente en l'état futur d'achèvement,"166900,00",,RUE,5891,MARCEL THIL,51100.0,REIMS,51,454,AV,1091,1,2.0,Appartement,48.0,2.0
1880166,25/01/2019,Vente,"215000,00",1.0,RUE,3210,DES ELUS,51100.0,REIMS,51,454,IL,485,1,2.0,Appartement,77.0,2.0
1880174,08/02/2019,Vente,"107500,00",37.0,AV,6730,DE PARIS,51100.0,REIMS,51,454,HX,17,1,2.0,Appartement,47.0,2.0
1880183,06/02/2019,Vente,"44500,00",21.0,RUE,1550,CERES,51100.0,REIMS,51,454,BE,505,1,2.0,Appartement,19.0,1.0
1880184,07/02/2019,Vente,"98000,00",60.0,RUE,5920,M CLEMENCE FOURIAUX,51100.0,REIMS,51,454,AV,954,1,2.0,Appartement,64.0,2.0
1880185,07/02/2019,Vente,"98000,00",60.0,RUE,5920,M CLEMENCE FOURIAUX,51100.0,REIMS,51,454,AV,954,1,2.0,Appartement,65.0,3.0
1880186,07/02/2019,Vente,"98000,00",60.0,RUE,5920,M CLEMENCE FOURIAUX,51100.0,REIMS,51,454,AV,954,1,2.0,Appartement,54.0,3.0
1880194,08/02/2019,Vente,"48000,00",149.0,AV,4900,JEAN JAURES,51100.0,REIMS,51,454,BI,205,1,2.0,Appartement,30.0,1.0
1880196,05/02/2019,Vente,"113000,00",2.0,RUE,0845,BERTRAND DE MUN,51100.0,REIMS,51,454,CN,573,2,2.0,Appartement,90.0,4.0
1880198,31/01/2019,Vente,"160000,00",14.0,RUE,3210,DES ELUS,51100.0,REIMS,51,454,IL,85,2,2.0,Appartement,60.0,2.0
1880229,08/02/2019,Vente,"114000,00",8.0,RUE,8480,DE TAISSY,51100.0,REIMS,51,454,DK,275,1,2.0,Appartement,51.0,2.0
1880235,07/02/2019,Vente,"105000,00",30.0,RUE,2740,DERODE,51100.0,REIMS,51,454,BI,150,1,2.0,Appartement,60.0,3.0
1880246,29/01/2019,Vente,"600000,00",15.0,BD,3640,FOCH,51100.0,REIMS,51,454,IL,454,0,2.0,Appartement,37.0,2.0
1880247,29/01/2019,Vente,"600000,00",15.0,BD,3640,FOCH,51100.0,REIMS,51,454,IL,454,0,2.0,Appartement,47.0,2.0
1880248,29/01/2019,Vente,"600000,00",15.0,BD,3640,FOCH,51100.0,REIMS,51,454,IL,454,0,2.0,Appartement,51.0,3.0
1880249,29/01/2019,Vente,"600000,00",15.0,BD,3640,FOCH,51100.0,REIMS,51,454,IL,454,0,2.0,Appartement,47.0,2.0
1880253,01/02/2019,Vente,"41900,00",22.0,RUE,1590,DE CERNAY,51100.0,REIMS,51,454,CW,136,1,2.0,Appartement,19.0,1.0
1880255,01/02/2019,Vente en l'état futur d'achèvement,"177900,00",,RUE,5891,MARCEL THIL,51100.0,REIMS,51,454,AV,1091,1,2.0,Appartement,49.0,2.0
1880260,15/02/2019,Vente,"88800,00",134.0,RUE,7010,PIERRE BROSSOLETTE,51100.0,REIMS,51,454,AO,739,1,2.0,Appartement,50.0,2.0
1880263,12/02/2019,Vente,"41000,00",31.0,RUE,6850,PAULIN PARIS,51100.0,REIMS,51,454,AW,55,1,2.0,Appartement,15.0,1.0
1880264,15/02/2019,Vente,"99000,00",4.0,RUE,1250,DE BRIMONTEL,51100.0,REIMS,51,454,AY,153,3,2.0,Appartement,66.0,4.0
1880267,12/02/2019,Vente,"60000,00",20.0,RUE,0610,BARON,51100.0,REIMS,51,454,CV,218,3,2.0,Appartement,71.0,2.0
1880268,01/02/2019,Vente en l'état futur d'achèvement,"180500,00",,RUE,5891,MARCEL THIL,51100.0,REIMS,51,454,AV,1091,1,2.0,Appartement,51.0,2.0
1880270,05/02/2019,Vente,"97000,00",4.0,RUE,7560,ROCKEFELLER,51100.0,REIMS,51,454,CX,614,1,2.0,Appartement,33.0,1.0
1880272,08/02/2019,Vente,"195000,00",7.0,RUE,8555,DES TEINTURIERS,51100.0,REIMS,51,454,CT,534,2,2.0,Appartement,100.0,4.0
1880273,08/02/2019,Vente,"90000,00",31.0,RUE,3000,DOCTEUR THOMAS,51100.0,REIMS,51,454,AW,513,2,2.0,Appartement,50.0,3.0
1880277,07/02/2019,Vente,"77000,00",59.0,RUE,6230,DU MONT D ARENE,51100.0,REIMS,51,454,AT,16,1,2.0,Appartement,39.0,3.0
1880278,31/01/2019,Vente,"194500,00",66.0,RUE,8950,DE VENISE,51100.0,REIMS,51,454,IK,288,2,2.0,Appartement,88.0,4.0
1880305,05/02/2019,Vente,"255000,00",9.0,RUE,3090,DURUY,51100.0,REIMS,51,454,AX,315,1,2.0,Appartement,63.0,2.0
1880307,08/02/2019,Vente,"170000,00",6.0,RUE,0100,ALEXANDRE HENROT,51100.0,REIMS,51,454,AV,562,2,2.0,Appartement,106.0,4.0
1880315,02/02/2019,Echange,"16250,00",20.0,PL,8110,ST TIMOTHEE,51100.0,REIMS,51,454,DM,74,0,2.0,Appartement,24.0,1.0
1880316,02/02/2019,Echange,"16250,00",20.0,PL,8110,ST TIMOTHEE,51100.0,REIMS,51,454,DM,74,0,2.0,Appartement,40.0,1.0
1880317,02/02/2019,Echange,"16250,00",20.0,PL,8110,ST TIMOTHEE,51100.0,REIMS,51,454,DM,74,0,2.0,Appartement,24.0,1.0
1880318,29/01/2019,Vente,"489500,00",1.0,RUE,8020,ST PIERRE LES DAMES,51100.0,REIMS,51,454,CX,560,3,2.0,Appartement,189.0,6.0
1880324,02/02/2019,Echange,"16520,00",20.0,PL,8110,ST TIMOTHEE,51100.0,REIMS,51,454,DM,74,0,2.0,Appartement,40.0,1.0
1880326,02/02/2019,Echange,"16520,00",20.0,PL,8110,ST TIMOTHEE,51100.0,REIMS,51,454,DM,74,0,2.0,Appartement,24.0,1.0
1880327,02/02/2019,Echange,"16520,00",20.0,PL,8110,ST TIMOTHEE,51100.0,REIMS,51,454,DM,74,0,2.0,Appartement,24.0,1.0
1880340,14/02/2019,Vente,"145000,00",38.0,RUE,8980,VERNOUILLET,51100.0,REIMS,51,454,AT,237,2,2.0,Appartement,62.0,3.0
1880344,19/02/2019,Vente,"91000,00",19.0,RUE,4650,HUGUES KRAFFT,51100.0,REIMS,51,454,AM,570,2,2.0,Appartement,54.0,3.0
1880347,07/02/2019,Vente,"121500,00",40.0,RUE,3570,DE FISMES,51100.0,REIMS,51,454,AR,56,2,2.0,Appartement,57.0,3.0
1880356,08/02/2019,Vente,"105000,00",24.0,RUE,8480,DE TAISSY,51100.0,REIMS,51,454,DK,235,2,2.0,Appartement,69.0,4.0
1880357,13/02/2019,Vente,"93000,00",8.0,RUE,3270,EMILE SENART,51100.0,REIMS,51,454,AY,255,2,2.0,Appartement,60.0,4.0
1880360,19/02/2019,Vente,"82200,00",132.0,RUE,7010,PIERRE BROSSOLETTE,51100.0,REIMS,51,454,AO,739,1,2.0,Appartement,50.0,2.0
1880365,18/02/2019,Vente,"109000,00",132.0,RUE,7010,PIERRE BROSSOLETTE,51100.0,REIMS,51,454,AO,739,1,2.0,Appartement,63.0,3.0
1880369,05/02/2019,Vente,"48350,00",34.0,RUE,6230,DU MONT D ARENE,51100.0,REIMS,51,454,AV,370,1,2.0,Appartement,20.0,1.0
1880396,02/02/2019,Vente,"246000,00",18.0,RUE,6270,MONTOISON,51100.0,REIMS,51,454,CX,125,2,2.0,Appartement,85.0,5.0
1880398,31/01/2019,Vente,"193500,00",25.0,RUE,4770,DU JARD,51100.0,REIMS,51,454,IK,1392,1,2.0,Appartement,80.0,3.0
1880403,25/01/2019,Vente,"110000,00",38.0,RUE,8980,VERNOUILLET,51100.0,REIMS,51,454,AT,237,2,2.0,Appartement,62.0,3.0
1880404,28/01/2019,Vente en l'état futur d'achèvement,"202500,00",,RUE,4440,HENRI BARBUSSE,51100.0,REIMS,51,454,CL,1005,1,2.0,Appartement,86.0,4.0
1880406,12/02/2019,Vente,"48000,00",46.0,RUE,2290,COQUEBERT,51100.0,REIMS,51,454,BI,557,1,2.0,Appartement,35.0,1.0
1880407,01/02/2019,Vente,"73000,00",98.0,RUE,3850,GAMBETTA,51100.0,REIMS,51,454,CY,336,1,2.0,Appartement,30.0,1.0
1880410,12/02/2019,Vente,"48000,00",46.0,RUE,2290,COQUEBERT,51100.0,REIMS,51,454,BI,557,1,2.0,Appartement,35.0,1.0
1880413,12/02/2019,Vente,"185000,00",48.0,RUE,7710,RUINART DE BRIMONT,51100.0,REIMS,51,454,CW,156,1,2.0,Appartement,84.0,4.0
1880421,28/01/2019,Vente,"466000,00",4.0,RUE,2480,DES COUTURES,51100.0,REIMS,51,454,CK,320,3,2.0,Appartement,151.0,6.0
1880430,30/01/2019,Vente,"264000,00",212.0,AV,4900,JEAN JAURES,51100.0,REIMS,51,454,CT,129,1,2.0,Appartement,124.0,3.0
1880431,30/01/2019,Vente,"80000,00",18.0,RUE,8480,DE TAISSY,51100.0,REIMS,51,454,DK,234,2,2.0,Appartement,59.0,3.0
1880440,23/01/2019,Vente,"75000,00",65.0,RUE,2430,DE COURCELLES,51100.0,REIMS,51,454,AT,221,2,2.0,Appartement,26.0,1.0
1880443,30/01/2019,Vente,"90500,00",76.0,RUE,5615,LOUIS PASTEUR NEUV,51100.0,REIMS,51,454,KI,231,1,2.0,Appartement,52.0,3.0
1880446,30/01/2019,Vente,"88000,00",39.0,RUE,6740,PASSE DEMOISELLES,51100.0,REIMS,51,454,HY,147,1,2.0,Appartement,26.0,1.0
1880449,30/01/2019,Vente,"164900,00",10.0,RUE,8950,DE VENISE,51100.0,REIMS,51,454,IK,1335,1,2.0,Appartement,98.0,5.0
1880451,22/01/2019,Vente,"114000,00",2.0,RUE,0375,ARLETTE REMIA,51100.0,REIMS,51,454,HZ,183,1,2.0,Appartement,57.0,2.0
1880456,07/02/2019,Vente,"120000,00",5.0,RUE,8260,SCULPTEURS JACQUES,51100.0,REIMS,51,454,HW,278,2,2.0,Appartement,66.0,4.0
1880460,13/02/2019,Vente,"70000,00",52.0,PL,3040,DROUET D ERLON,51100.0,REIMS,51,454,IL,337,2,2.0,Appartement,24.0,1.0
1880492,31/01/2019,Vente,"151000,00",7.0,RUE,0845,BERTRAND DE MUN,51100.0,REIMS,51,454,CM,116,2,2.0,Appartement,90.0,4.0
1880496,21/02/2019,Vente,"555400,00",35.0,CRS,4850,J B LANGLET,51100.0,REIMS,51,454,IL,266,2,2.0,Appartement,108.0,4.0
1880498,12/02/2019,Vente,"96000,00",1.0,RUE,8870,DES TUILERIES,51100.0,REIMS,51,454,DM,559,2,2.0,Appartement,39.0,1.0
1880499,04/02/2019,Vente,"153000,00",17.0,RUE,5310,LAURENT DERAMEZ,51100.0,REIMS,51,454,BH,589,2,2.0,Appartement,60.0,1.0
1880502,31/01/2019,Vente en l'état futur d'achèvement,"380500,00",40.0,RUE,7790,DE ST BRICE,51100.0,REIMS,51,454,AT,247,1,2.0,Appartement,97.0,4.0
1880508,06/02/2019,Vente,"233000,00",3.0,RUE,8290,16E ET 22E DRAGONS,51100.0,REIMS,51,454,CK,17,2,2.0,Appartement,106.0,5.0
1880514,07/02/2019,Vente,"147000,00",112.0,AV,4900,JEAN JAURES,51100.0,REIMS,51,454,CW,297,2,2.0,Appartement,80.0,3.0
1880518,06/02/2019,Vente,"160000,00",12.0,RUE,8950,DE VENISE,51100.0,REIMS,51,454,IK,1335,1,2.0,Appartement,86.0,4.0
1880521,01/02/2019,Vente en l'état futur d'achèvement,"165660,00",,RUE,4220,GRANDVAL,51100.0,REIMS,51,454,CL,1000,1,2.0,Appartement,41.0,2.0
1880524,01/02/2019,Vente,"105000,00",36.0,RUE,2470,COUTIER MARION,51100.0,REIMS,51,454,CH,132,1,2.0,Appartement,81.0,3.0
1880533,13/02/2019,Vente,"99000,00",172.0,RUE,8090,SAINT THIERRY,51100.0,REIMS,51,454,AD,462,1,2.0,Appartement,41.0,2.0
1880538,25/01/2019,Vente,"275000,00",5.0,RUE,4560,HINCMAR,51100.0,REIMS,51,454,IK,1125,0,2.0,Appartement,13.0,1.0
1880539,25/01/2019,Vente,"275000,00",5.0,RUE,4560,HINCMAR,51100.0,REIMS,51,454,IK,1125,0,2.0,Appartement,17.0,1.0
1880540,25/01/2019,Vente,"275000,00",5.0,RUE,4560,HINCMAR,51100.0,REIMS,51,454,IK,1125,0,2.0,Appartement,13.0,1.0
1880541,25/01/2019,Vente,"275000,00",5.0,RUE,4560,HINCMAR,51100.0,REIMS,51,454,IK,1125,0,2.0,Appartement,21.0,1.0
1880542,25/01/2019,Vente,"275000,00",5.0,RUE,4560,HINCMAR,51100.0,REIMS,51,454,IK,1125,0,2.0,Appartement,21.0,1.0
1880543,25/01/2019,Vente,"275000,00",5.0,RUE,4560,HINCMAR,51100.0,REIMS,51,454,IK,1125,0,2.0,Appartement,12.0,1.0
1880556,07/02/2019,Vente,"200000,00",4.0,RUE,7980,ST MAURICE,51100.0,REIMS,51,454,CZ,383,3,2.0,Appartement,110.0,5.0
1880560,22/02/2019,Vente,"65000,00",19.0,RUE,4540,HENRI IV,51100.0,REIMS,51,454,IL,2,1,2.0,Appartement,19.0,1.0
1880562,14/02/2019,Vente,"94716,00",13.0,RUE,2760,DESBUREAUX,51100.0,REIMS,51,454,AL,419,1,2.0,Appartement,103.0,5.0
1880567,01/02/2019,Vente,"149000,00",39.0,RUE,6740,PASSE DEMOISELLES,51100.0,REIMS,51,454,HY,147,1,2.0,Appartement,77.0,3.0
1880575,12/02/2019,Vente en l'état futur d'achèvement,"260900,00",,RUE,5891,MARCEL THIL,51100.0,REIMS,51,454,AV,1091,1,2.0,Appartement,70.0,3.0
1880577,18/02/2019,Vente,"140000,00",42.0,RUE,1830,CHARLIER,51100.0,REIMS,51,454,BI,101,2,2.0,Appartement,72.0,3.0
1880581,08/02/2019,Vente,"85000,00",27.0,RUE,0200,D ALSACE LORRAINE,51100.0,REIMS,51,454,CT,392,2,2.0,Appartement,49.0,2.0
1880583,08/02/2019,Vente,"87500,00",23.0,RUE,4320,GUSTAVE LAURENT,51100.0,REIMS,51,454,CL,96,2,2.0,Appartement,43.0,2.0
1880590,31/01/2019,Vente,"424000,00",22.0,RUE,8500,DE TALLEYRAND,51100.0,REIMS,51,454,IL,509,2,2.0,Appartement,135.0,6.0
1880591,20/02/2019,Vente,"65000,00",33.0,RUE,0550,BACQUENOIS,51100.0,REIMS,51,454,IM,256,1,2.0,Appartement,50.0,2.0
1880594,02/02/2019,Vente,"37500,00",20.0,PL,8110,ST TIMOTHEE,51100.0,REIMS,51,454,DM,74,0,2.0,Appartement,40.0,1.0
1880596,02/02/2019,Vente,"37500,00",20.0,PL,8110,ST TIMOTHEE,51100.0,REIMS,51,454,DM,74,0,2.0,Appartement,24.0,1.0
1880597,02/02/2019,Vente,"37500,00",20.0,PL,8110,ST TIMOTHEE,51100.0,REIMS,51,454,DM,74,0,2.0,Appartement,24.0,1.0
1880599,08/02/2019,Vente en l'état futur d'achèvement,"167935,00",,RUE,4220,GRANDVAL,51100.0,REIMS,51,454,CL,1000,1,2.0,Appartement,50.0,2.0
1880601,08/02/2019,Vente,"128000,00",42.0,BD,1800,CHARLES ARNOULD,51100.0,REIMS,51,454,AN,206,3,2.0,Appartement,73.0,3.0
1880609,15/02/2019,Vente,"104000,00",32.0,RUE,3280,EMILE ZOLA,51100.0,REIMS,51,454,AW,451,1,2.0,Appartement,49.0,2.0
1880619,14/02/2019,Vente,"930000,00",34.0,RUE,1360,CAMILLE LENOIR,51100.0,REIMS,51,454,BH,232,0,2.0,Appartement,60.0,3.0
1880620,14/02/2019,Vente,"930000,00",34.0,RUE,1360,CAMILLE LENOIR,51100.0,REIMS,51,454,BH,232,0,2.0,Appartement,65.0,3.0
1880622,14/02/2019,Vente,"930000,00",34.0,RUE,1360,CAMILLE LENOIR,51100.0,REIMS,51,454,BH,232,0,2.0,Appartement,66.0,3.0
1880623,14/02/2019,Vente,"930000,00",34.0,RUE,1360,CAMILLE LENOIR,51100.0,REIMS,51,454,BH,232,0,2.0,Appartement,79.0,3.0
1880625,14/02/2019,Vente,"930000,00",34.0,RUE,1360,CAMILLE LENOIR,51100.0,REIMS,51,454,BH,232,0,2.0,Appartement,59.0,3.0
1880626,14/02/2019,Vente,"930000,00",34.0,RUE,1360,CAMILLE LENOIR,51100.0,REIMS,51,454,BH,232,0,2.0,Appartement,76.0,3.0
1880627,14/02/2019,Vente,"930000,00",34.0,RUE,1360,CAMILLE LENOIR,51100.0,REIMS,51,454,BH,232,0,2.0,Appartement,66.0,3.0
1880630,12/02/2019,Vente en l'état futur d'achèvement,"660990,00",25.0,RUE,3210,DES ELUS,51100.0,REIMS,51,454,IL,117,1,2.0,Appartement,67.0,3.0
1880633,12/02/2019,Vente en l'état futur d'achèvement,"660990,00",25.0,RUE,3210,DES ELUS,51100.0,REIMS,51,454,IL,117,1,2.0,Appartement,39.0,1.0
1880636,08/02/2019,Vente,"80000,00",37.0,RUE,4160,DE LA GOULETTE,51100.0,REIMS,51,454,BL,624,1,2.0,Appartement,74.0,3.0
1880639,14/02/2019,Vente,"67000,00",11.0,RUE,2760,DESBUREAUX,51100.0,REIMS,51,454,AL,419,1,2.0,Appartement,55.0,2.0
1880642,13/02/2019,Vente,"75000,00",82.0,RUE,6330,DES MOULINS,51100.0,REIMS,51,454,CY,617,2,2.0,Appartement,43.0,2.0
1880643,08/02/2019,Vente,"400000,00",22.0,PL,6390,MYRON HERRICK,51100.0,REIMS,51,454,IL,124,5,2.0,Appartement,165.0,5.0
1880644,05/02/2019,Vente,"173000,00",61.0,RUE,8970,DE VERDUN,51100.0,REIMS,51,454,BC,151,1,2.0,Appartement,68.0,3.0
1880646,08/02/2019,Vente,"70000,00",13.0,RUE,4120,GOIOT,51100.0,REIMS,51,454,CZ,607,2,2.0,Appartement,41.0,1.0
1880652,07/02/2019,Vente,"133000,00",61.0,RUE,6830,P VAILLANT COUTURIER,51100.0,REIMS,51,454,AV,861,2,2.0,Appartement,76.0,4.0
1880664,02/02/2019,Vente,"96000,00",6.0,RUE,0105,ALFRED DE MUSSET,51100.0,REIMS,51,454,AD,830,2,2.0,Appartement,54.0,2.0
1880666,01/02/2019,Vente,"195400,00",43.0,AV,6730,DE PARIS,51100.0,REIMS,51,454,HX,17,2,2.0,Appartement,76.0,4.0
1880682,21/02/2019,Vente,"148500,00",146.0,RUE,0600,DU BARBATRE,51100.0,REIMS,51,454,CZ,273,3,2.0,Appartement,60.0,2.0
1880700,11/02/2019,Vente,"205092,00",12.0,RUE,2200,DU COMMANDANT LAMY,51100.0,REIMS,51,454,AH,623,0,2.0,Appartement,64.0,3.0
1880701,11/02/2019,Vente,"205092,00",12.0,RUE,2200,DU COMMANDANT LAMY,51100.0,REIMS,51,454,AH,623,0,2.0,Appartement,68.0,3.0
1880703,11/02/2019,Vente,"205092,00",12.0,RUE,2200,DU COMMANDANT LAMY,51100.0,REIMS,51,454,AH,623,0,2.0,Appartement,66.0,3.0
1880704,12/02/2019,Vente,"98000,00",14.0,ALL,8718,DES TOURANGEAUX,51100.0,REIMS,51,454,KT,179,2,2.0,Appartement,78.0,3.0
1880709,08/02/2019,Vente,"93500,00",6.0,RUE,5195,KERGUELEN,51100.0,REIMS,51,454,ET,559,2,2.0,Appartement,72.0,4.0
1880711,15/02/2019,Vente,"331500,00",1.0,RUE,3550,DES FILLES DIEU,51100.0,REIMS,51,454,CX,235,0,2.0,Appartement,62.0,3.0
1880712,15/02/2019,Vente,"331500,00",1.0,RUE,3550,DES FILLES DIEU,51100.0,REIMS,51,454,CX,235,0,2.0,Appartement,62.0,3.0
1880713,15/02/2019,Vente,"331500,00",1.0,RUE,3550,DES FILLES DIEU,51100.0,REIMS,51,454,CX,235,0,2.0,Appartement,62.0,3.0
1880716,09/02/2019,Vente,"84000,00",15.0,RUE,8720,TOURNEBONNEAU,51100.0,REIMS,51,454,DM,630,2,2.0,Appartement,46.0,2.0
1880726,15/02/2019,Vente en l'état futur d'achèvement,"245000,00",,RUE,5891,MARCEL THIL,51100.0,REIMS,51,454,AV,1091,1,2.0,Appartement,70.0,3.0
1880729,11/02/2019,Vente,"88000,00",5.0,RUE,4307,GUILLAUME APOLLINAIRE,51100.0,REIMS,51,454,KP,30,1,2.0,Appartement,52.0,2.0
1880733,11/02/2019,Vente,"58000,00",7.0,RUE,4307,GUILLAUME APOLLINAIRE,51100.0,REIMS,51,454,KP,30,1,2.0,Appartement,42.0,1.0
1880736,18/02/2019,Vente,"113000,00",60.0,RUE,4100,DES GOBELINS,51100.0,REIMS,51,454,CV,1048,1,2.0,Appartement,46.0,2.0
1880738,01/02/2019,Vente,"250000,00",24.0,RUE,0390,ARMAND GUERY,51100.0,REIMS,51,454,AV,599,0,2.0,Appartement,36.0,2.0
1880739,01/02/2019,Vente,"250000,00",24.0,RUE,0390,ARMAND GUERY,51100.0,REIMS,51,454,AV,599,0,2.0,Appartement,32.0,2.0
1880743,13/02/2019,Vente,"104000,00",41.0,RUE,5460,LESAGE,51100.0,REIMS,51,454,AW,305,1,2.0,Appartement,44.0,2.0
1880750,11/02/2019,Vente,"88010,00",14.0,RUE,5270,LANDOUZY,51100.0,REIMS,51,454,AW,284,2,2.0,Appartement,49.0,2.0
1880751,21/02/2019,Vente,"670000,00",8.0,RUE,2120,COLBERT,51100.0,REIMS,51,454,BE,142,0,2.0,Appartement,78.0,3.0
1880752,21/02/2019,Vente,"670000,00",8.0,RUE,2120,COLBERT,51100.0,REIMS,51,454,BE,142,0,2.0,Appartement,44.0,2.0
1880766,06/02/2019,Vente,"131000,00",23.0,BD,6750,PASTEUR,51100.0,REIMS,51,454,CK,310,2,2.0,Appartement,80.0,5.0
1880768,12/02/2019,Vente,"126800,00",3.0,RUE,4545,HENRI ROYER,51100.0,REIMS,51,454,HV,978,2,2.0,Appartement,76.0,4.0
1880776,21/02/2019,Vente,"110000,00",25.0,BD,6690,DE LA PAIX,51100.0,REIMS,51,454,CK,128,2,2.0,Appartement,54.0,2.0
1880785,27/02/2019,Vente,"137800,00",43.0,RUE,8320,DE SILLERY,51100.0,REIMS,51,454,CL,662,2,2.0,Appartement,61.0,3.0
1880786,12/02/2019,Vente,"200000,00",6.0,RUE,4270,DE LA GRUE,51100.0,REIMS,51,454,CX,39,1,2.0,Appartement,55.0,1.0
1880787,11/02/2019,Vente,"83000,00",23.0,RUE,6160,DE METZ,51100.0,REIMS,51,454,CV,495,1,2.0,Appartement,34.0,2.0
1880788,11/02/2019,Vente,"62000,00",34.0,BD,9070,VICTOR HUGO,51100.0,REIMS,51,454,CZ,190,2,2.0,Appartement,36.0,1.0
1880789,20/02/2019,Vente,"154000,00",13.0,RUE,1070,BOUCHER DE PERTHES,51100.0,REIMS,51,454,CV,970,1,2.0,Appartement,83.0,3.0
1880792,01/03/2019,Vente,"69000,00",104.0,RUE,2560,CROIX ST MARC,51100.0,REIMS,51,454,CV,662,2,2.0,Appartement,38.0,2.0
1880802,12/02/2019,Vente,"164500,00",18.0,RUE,4035,GERARD PHILIPE,51100.0,REIMS,51,454,CI,67,2,2.0,Appartement,71.0,3.0
1880805,15/02/2019,Vente,"91000,00",39.0,RUE,5650,DE LOUVOIS,51100.0,REIMS,51,454,DV,675,1,2.0,Appartement,32.0,2.0
1880806,15/02/2019,Vente,"91000,00",39.0,RUE,5650,DE LOUVOIS,51100.0,REIMS,51,454,DV,675,1,2.0,Appartement,29.0,1.0
1880807,20/02/2019,Vente,"52500,00",1.0,RUE,8670,DE TINQUEUX,51100.0,REIMS,51,454,IO,80,1,2.0,Appartement,21.0,1.0
1880808,14/02/2019,Vente,"58500,00",52.0,BD,7290,PRESIDENT WILSON,51100.0,REIMS,51,454,DP,516,2,2.0,Appartement,64.0,2.0
1880834,05/02/2019,Vente,"112000,00",71.0,RUE,5891,MARCEL THIL,51100.0,REIMS,51,454,AV,761,2,2.0,Appartement,57.0,2.0
1880841,06/02/2019,Vente,"150000,00",12.0,RUE,5510,LIEUTENANT HERDUIN,51100.0,REIMS,51,454,CY,23,0,2.0,Appartement,46.0,2.0
1880842,06/02/2019,Vente,"150000,00",10.0,RUE,5510,LIEUTENANT HERDUIN,51100.0,REIMS,51,454,CY,24,0,2.0,Appartement,49.0,2.0
1880845,04/02/2019,Vente,"242200,00",124.0,RUE,1390,DES CAPUCINS,51100.0,REIMS,51,454,CY,748,1,2.0,Appartement,71.0,4.0
1880848,13/02/2019,Vente,"131000,00",38.0,ALL,4337,GUY DE MAUPASSANT,51100.0,REIMS,51,454,HK,1287,1,2.0,Appartement,83.0,4.0
1880850,25/01/2019,Vente,"209000,00",34.0,RUE,8640,DE THILLOIS,51100.0,REIMS,51,454,IM,193,2,2.0,Appartement,73.0,3.0
1880852,11/02/2019,Vente,"161400,00",69.0,RUE,5891,MARCEL THIL,51100.0,REIMS,51,454,AV,761,2,2.0,Appartement,80.0,5.0
1880854,26/02/2019,Vente,"78000,00",179.0,AV,4900,JEAN JAURES,51100.0,REIMS,51,454,BK,461,2,2.0,Appartement,39.0,2.0
1880857,28/02/2019,Vente,"180000,00",4.0,RUE,0845,BERTRAND DE MUN,51100.0,REIMS,51,454,CN,573,2,2.0,Appartement,90.0,4.0
1880859,15/02/2019,Vente,"95500,00",26.0,RUE,7890,ST JEAN CESAREE,51100.0,REIMS,51,454,CZ,609,2,2.0,Appartement,52.0,3.0
1880862,26/02/2019,Vente,"126400,00",18.0,RUE,7340,DU PROGRES,51100.0,REIMS,51,454,AO,335,1,2.0,Appartement,63.0,3.0
1880867,23/02/2019,Vente,"487000,00",5.0,RUE,4230,DU GRENIER A SEL,51100.0,REIMS,51,454,BE,475,1,2.0,Appartement,134.0,4.0
1880869,15/02/2019,Vente,"72000,00",12.0,RUE,8480,DE TAISSY,51100.0,REIMS,51,454,DK,233,2,2.0,Appartement,45.0,2.0
1880877,18/02/2019,Vente,"168000,00",29.0,RUE,1590,DE CERNAY,51100.0,REIMS,51,454,CW,677,2,2.0,Appartement,62.0,3.0
1880880,14/02/2019,Vente,"137450,00",124.0,RUE,9040,DE VESLE,51100.0,REIMS,51,454,IM,156,2,2.0,Appartement,45.0,2.0
1880885,14/02/2019,Vente,"167500,00",58.0,RUE,4440,HENRI BARBUSSE,51100.0,REIMS,51,454,CL,356,2,2.0,Appartement,66.0,3.0
1880886,21/02/2019,Vente,"455850,00",21.0,PL,1770,DU CHAPITRE,51100.0,REIMS,51,454,CX,31,2,2.0,Appartement,146.0,6.0
1880887,20/02/2019,Vente,"52000,00",37.0,RUE,6920,PETIT DELBOURG,51100.0,REIMS,51,454,CL,608,1,2.0,Appartement,20.0,1.0
1880895,28/02/2019,Vente,"240000,00",113.0,RUE,9040,DE VESLE,51100.0,REIMS,51,454,IK,1347,1,2.0,Appartement,110.0,3.0
1880911,26/02/2019,Vente,"211000,00",4.0,IMP,5690,LUNDY,51100.0,REIMS,51,454,BH,576,1,2.0,Appartement,62.0,3.0
1880914,01/03/2019,Vente,"107000,00",29.0,RUE,3800,DES FUSELIERS,51100.0,REIMS,51,454,CX,369,2,2.0,Appartement,50.0,2.0
1880918,28/02/2019,Vente en l'état futur d'achèvement,"149000,00",33.0,RUE,6920,PETIT DELBOURG,51100.0,REIMS,51,454,CL,579,1,2.0,Appartement,40.0,2.0
1880924,01/03/2019,Vente,"100000,00",1.0,RUE,1920,DE CHEVIGNE,51100.0,REIMS,51,454,CL,154,2,2.0,Appartement,48.0,2.0
1880941,25/02/2019,Vente,"137500,00",6.0,AV,4900,JEAN JAURES,51100.0,REIMS,51,454,CW,51,2,2.0,Appartement,61.0,3.0
1880943,18/02/2019,Vente en l'état futur d'achèvement,"262652,00",33.0,RUE,6920,PETIT DELBOURG,51100.0,REIMS,51,454,CL,579,1,2.0,Appartement,69.0,3.0
1880946,22/02/2019,Vente,"160000,00",84.0,RUE,1740,CHANZY,51100.0,REIMS,51,454,IK,122,1,2.0,Appartement,25.0,1.0
1880947,22/02/2019,Vente,"160000,00",84.0,RUE,1740,CHANZY,51100.0,REIMS,51,454,IK,122,1,2.0,Appartement,30.0,1.0
1880948,22/02/2019,Vente,"160000,00",84.0,RUE,1740,CHANZY,51100.0,REIMS,51,454,IK,122,1,2.0,Appartement,26.0,1.0
1880950,28/02/2019,Vente,"55000,00",11.0,AV,0070,ALEXANDRE DE SERBIE,51100.0,REIMS,51,454,DT,227,2,2.0,Appartement,65.0,4.0
1880951,27/02/2019,Vente,"127000,00",77.0,CHS,7970,SAINT MARTIN,51100.0,REIMS,51,454,DN,285,1,2.0,Appartement,65.0,4.0
1880953,22/02/2019,Vente,"134000,00",10.0,ALL,3165,EDOUARD DEKETELAERE,51100.0,REIMS,51,454,AN,668,2,2.0,Appartement,66.0,4.0
1880959,28/02/2019,Vente,"172500,00",3.0,RUE,1640,DU CHALET,51100.0,REIMS,51,454,BK,328,1,2.0,Appartement,92.0,4.0
1880961,22/02/2019,Vente,"89000,00",15.0,RUE,5920,M CLEMENCE FOURIAUX,51100.0,REIMS,51,454,AT,84,2,2.0,Appartement,50.0,2.0
1880963,26/02/2019,Vente,"77000,00",2.0,RUE,2590,D ESTIENNE D ORVES,51100.0,REIMS,51,454,DV,481,2,2.0,Appartement,53.0,2.0
1880969,18/02/2019,Vente,"275000,00",4.0,RUE,0200,D ALSACE LORRAINE,51100.0,REIMS,51,454,CV,6,0,2.0,Appartement,16.0,1.0
1880970,18/02/2019,Vente,"275000,00",4.0,RUE,0200,D ALSACE LORRAINE,51100.0,REIMS,51,454,CV,6,0,2.0,Appartement,19.0,1.0
1880971,18/02/2019,Vente,"275000,00",4.0,RUE,0200,D ALSACE LORRAINE,51100.0,REIMS,51,454,CV,6,0,2.0,Appartement,16.0,1.0
1880972,18/02/2019,Vente,"275000,00",4.0,RUE,0200,D ALSACE LORRAINE,51100.0,REIMS,51,454,CV,6,0,2.0,Appartement,12.0,1.0
1880973,18/02/2019,Vente,"275000,00",4.0,RUE,0200,D ALSACE LORRAINE,51100.0,REIMS,51,454,CV,6,0,2.0,Appartement,14.0,1.0
1880974,18/02/2019,Vente,"275000,00",4.0,RUE,0200,D ALSACE LORRAINE,51100.0,REIMS,51,454,CV,6,0,2.0,Appartement,13.0,1.0
1880975,18/02/2019,Vente,"275000,00",4.0,RUE,0200,D ALSACE LORRAINE,51100.0,REIMS,51,454,CV,6,0,2.0,Appartement,19.0,1.0
1880979,18/02/2019,Vente,"85000,00",70.0,BD,7550,ROBESPIERRE,51100.0,REIMS,51,454,AY,255,2,2.0,Appartement,72.0,4.0
1880980,08/02/2019,Vente,"70000,00",25.0,RUE,3770,FRANCOIS DOR,51100.0,REIMS,51,454,HX,390,2,2.0,Appartement,32.0,2.0
1880988,20/02/2019,Vente,"340000,00",11.0,RUE,3280,EMILE ZOLA,51100.0,REIMS,51,454,AW,453,0,2.0,Appartement,89.0,4.0
1880995,18/02/2019,Vente en l'état futur d'achèvement,"163223,00",,RUE,4220,GRANDVAL,51100.0,REIMS,51,454,CL,989,1,2.0,Appartement,41.0,2.0
1881001,25/02/2019,Vente,"514000,00",24.0,RUE,7100,DES POISSONNIERS,51100.0,REIMS,51,454,IM,204,2,2.0,Appartement,113.0,5.0
1881003,25/02/2019,Vente,"514000,00",24.0,RUE,7100,DES POISSONNIERS,51100.0,REIMS,51,454,IM,204,1,2.0,Appartement,82.0,4.0
1881012,13/02/2019,Echange,"6000,00",10.0,RUE,4360,HANNEQUIN,51100.0,REIMS,51,454,AX,225,1,2.0,Appartement,45.0,2.0
1881014,14/02/2019,Vente,"92000,00",35.0,RUE,6010,MARTIN PELLER,51100.0,REIMS,51,454,HX,545,2,2.0,Appartement,47.0,2.0
1881015,01/03/2019,Vente,"99000,00",58.0,RUE,1260,DE LA BRIQUETERIE,51100.0,REIMS,51,454,DV,407,2,2.0,Appartement,53.0,3.0
1881019,20/02/2019,Vente,"169400,00",17.0,RUE,8670,DE TINQUEUX,51100.0,REIMS,51,454,IO,66,1,2.0,Appartement,70.0,3.0
1881029,12/02/2019,Vente,"53000,00",2.0,PL,7016,PIERRE DE FERMAT,51100.0,REIMS,51,454,AE,117,2,2.0,Appartement,70.0,4.0
1881033,01/03/2019,Vente,"27000,00",8.0,RUE,5090,JULES GUICHARD,51100.0,REIMS,51,454,AV,157,1,2.0,Appartement,30.0,1.0
1881050,26/02/2019,Vente,"123000,00",5.0,RUE,0845,BERTRAND DE MUN,51100.0,REIMS,51,454,CM,116,2,2.0,Appartement,90.0,4.0
1881052,06/03/2019,Vente,"66500,00",41.0,RUE,3000,DOCTEUR THOMAS,51100.0,REIMS,51,454,AW,374,1,2.0,Appartement,38.0,2.0
1881062,21/02/2019,Vente,"285000,00",21.0,RUE,6890,PERSEVAL,51100.0,REIMS,51,454,CW,148,2,2.0,Appartement,108.0,4.0
1881070,14/02/2019,Vente,"63000,00",5.0,RUE,5770,MACQUART,51100.0,REIMS,51,454,BH,68,2,2.0,Appartement,23.0,1.0
1881072,28/02/2019,Vente,"64300,00",3.0,RUE,5930,MARIE STUART,51100.0,REIMS,51,454,CX,254,1,2.0,Appartement,18.0,1.0
1881077,21/02/2019,Vente,"108100,00",3.0,RUE,5930,MARIE STUART,51100.0,REIMS,51,454,CX,254,1,2.0,Appartement,31.0,2.0
1881078,13/02/2019,Vente,"99400,00",41.0,RUE,1360,CAMILLE LENOIR,51100.0,REIMS,51,454,BH,332,3,2.0,Appartement,59.0,3.0
1881083,27/02/2019,Vente en l'état futur d'achèvement,"334000,00",,RUE,5891,MARCEL THIL,51100.0,REIMS,51,454,AV,1091,1,2.0,Appartement,79.0,3.0
1881086,14/02/2019,Vente,"275000,00",176.0,RUE,9040,DE VESLE,51100.0,REIMS,51,454,IM,246,1,2.0,Appartement,115.0,4.0
1881088,22/02/2019,Vente,"129000,00",3.0,RUE,4545,HENRI ROYER,51100.0,REIMS,51,454,HV,978,2,2.0,Appartement,92.0,5.0
1881091,20/02/2019,Vente,"118000,00",12.0,RUE,0254,ANDRE FAIVRE,51100.0,REIMS,51,454,KP,16,1,2.0,Appartement,82.0,4.0
1881102,08/03/2019,Vente,"82700,00",134.0,RUE,7010,PIERRE BROSSOLETTE,51100.0,REIMS,51,454,AO,739,1,2.0,Appartement,52.0,2.0
1881115,26/02/2019,Vente,"88000,00",24.0,RUE,7100,DES POISSONNIERS,51100.0,REIMS,51,454,IM,204,1,2.0,Appartement,39.0,2.0
1881116,22/02/2019,Vente,"71500,00",33.0,RUE,7800,SAINT BRUNO,51100.0,REIMS,51,454,CV,344,1,2.0,Appartement,25.0,2.0
1881117,22/02/2019,Vente,"188500,00",71.0,AV,4900,JEAN JAURES,51100.0,REIMS,51,454,BI,380,2,2.0,Appartement,90.0,4.0
1881119,28/02/2019,Vente,"160120,00",179.0,AV,4900,JEAN JAURES,51100.0,REIMS,51,454,BK,461,2,2.0,Appartement,79.0,4.0
1881124,06/03/2019,Vente,"149000,00",26.0,RUE,6864,PAYEN,51100.0,REIMS,51,454,HZ,21,2,2.0,Appartement,84.0,4.0
1881129,05/03/2019,Vente,"125000,00",17.0,RUE,3610,FLIN DES OLIVIERS,51100.0,REIMS,51,454,HX,416,1,2.0,Appartement,44.0,2.0
1881133,01/03/2019,Vente,"65000,00",8.0,RUE,0550,BACQUENOIS,51100.0,REIMS,51,454,IM,277,2,2.0,Appartement,38.0,2.0
1881141,25/02/2019,Vente,"155000,00",8.0,AV,6425,NATIONALE NEUV,51100.0,REIMS,51,454,KI,170,1,2.0,Appartement,26.0,1.0
1881145,25/02/2019,Vente,"54000,00",71.0,AV,4900,JEAN JAURES,51100.0,REIMS,51,454,BI,380,2,2.0,Appartement,29.0,1.0
1881153,05/03/2019,Vente,"52000,00",23.0,RUE,2430,DE COURCELLES,51100.0,REIMS,51,454,AT,334,2,2.0,Appartement,24.0,1.0
1881154,12/03/2019,Vente,"110000,00",64.0,AV,4900,JEAN JAURES,51100.0,REIMS,51,454,CW,647,1,2.0,Appartement,20.0,1.0
1881155,12/03/2019,Vente,"110000,00",64.0,AV,4900,JEAN JAURES,51100.0,REIMS,51,454,CW,647,1,2.0,Appartement,20.0,1.0
1881158,26/02/2019,Vente,"210000,00",23.0,RUE,5000,JOBERT LUCAS,51100.0,REIMS,51,454,AN,610,1,2.0,Appartement,107.0,3.0
1881169,25/02/2019,Vente,"132000,00",2.0,RUE,8720,TOURNEBONNEAU,51100.0,REIMS,51,454,DM,634,2,2.0,Appartement,79.0,4.0
1881171,11/03/2019,Vente,"329000,00",47.0,RUE,5460,LESAGE,51100.0,REIMS,51,454,AW,562,2,2.0,Appartement,55.0,3.0
1881172,11/03/2019,Vente,"329000,00",47.0,RUE,5460,LESAGE,51100.0,REIMS,51,454,AW,562,2,2.0,Appartement,55.0,3.0
1881173,11/03/2019,Vente,"329000,00",47.0,RUE,5460,LESAGE,51100.0,REIMS,51,454,AW,562,2,2.0,Appartement,57.0,2.0
1881175,21/02/2019,Vente,"108000,00",36.0,RUE,2470,COUTIER MARION,51100.0,REIMS,51,454,CH,132,1,2.0,Appartement,70.0,3.0
1881176,21/02/2019,Vente,"74000,00",4.0,RUE,1270,BRULART,51100.0,REIMS,51,454,CZ,266,1,2.0,Appartement,33.0,1.0
1881178,22/02/2019,Vente en l'état futur d'achèvement,"230877,00",,RUE,4220,GRANDVAL,51100.0,REIMS,51,454,CL,1000,2,2.0,Appartement,62.0,3.0
1881179,05/03/2019,Vente,"145000,00",10.0,RUE,6260,MONTLAURENT,51100.0,REIMS,51,454,CZ,426,2,2.0,Appartement,70.0,3.0
1881181,20/02/2019,Vente,"109347,00",4.0,CHE,1780,DES CHARBONNIERS,51100.0,REIMS,51,454,DT,798,1,2.0,Appartement,61.0,3.0
1881184,20/02/2019,Vente,"183000,00",12.0,RUE,8950,DE VENISE,51100.0,REIMS,51,454,IK,1335,1,2.0,Appartement,91.0,4.0
1881186,27/02/2019,Vente en l'état futur d'achèvement,"164985,00",,RUE,4220,GRANDVAL,51100.0,REIMS,51,454,CL,1000,1,2.0,Appartement,45.0,2.0
1881188,27/02/2019,Vente,"109000,00",11.0,RUE,1190,DE BRAZZAVILLE,51100.0,REIMS,51,454,CM,105,2,2.0,Appartement,111.0,6.0
1881191,28/02/2019,Vente en l'état futur d'achèvement,"391000,00",,IMP,5470,DU LEVANT,51100.0,REIMS,51,454,CX,495,1,2.0,Appartement,99.0,4.0
1881195,25/02/2019,Vente,"124900,00",8.0,RUE,8950,DE VENISE,51100.0,REIMS,51,454,IK,1335,1,2.0,Appartement,73.0,3.0
1881197,27/02/2019,Vente,"178500,00",10.0,RUE,8950,DE VENISE,51100.0,REIMS,51,454,IK,1335,1,2.0,Appartement,87.0,4.0
1881198,11/03/2019,Vente,"40000,00",51.0,RUE,2630,DANTON,51100.0,REIMS,51,454,AX,818,1,2.0,Appartement,23.0,1.0
1881201,01/03/2019,Vente,"97000,00",15.0,RUE,7015,PIERRE DE COUBERTIN,51100.0,REIMS,51,454,AE,110,2,2.0,Appartement,90.0,5.0
1881202,18/02/2019,Vente,"143150,00",14.0,RUE,7240,DE POUILLY,51100.0,REIMS,51,454,IL,62,1,2.0,Appartement,46.0,2.0
1881213,21/02/2019,Vente,"20000,00",382.0,AV,5300,DE LAON,51100.0,REIMS,51,454,AM,628,1,2.0,Appartement,18.0,1.0
1881216,08/03/2019,Vente,"103000,00",158.0,RUE,7160,PONSARDIN,51100.0,REIMS,51,454,CZ,237,3,2.0,Appartement,52.0,2.0
1881218,08/03/2019,Vente,"125000,00",14.0,CRS,4850,J B LANGLET,51100.0,REIMS,51,454,IL,82,2,2.0,Appartement,54.0,2.0
1881226,20/02/2019,Vente,"129600,00",135.0,RUE,2440,DE COURLANCY,51100.0,REIMS,51,454,HY,161,2,2.0,Appartement,55.0,3.0
1881239,27/02/2019,Vente,"85000,00",9.0,RUE,0300,ANQUETIL,51100.0,REIMS,51,454,AV,271,1,2.0,Appartement,43.0,2.0
1881248,04/03/2019,Vente,"62000,00",28.0,RUE,5270,LANDOUZY,51100.0,REIMS,51,454,AW,210,1,2.0,Appartement,25.0,1.0
1881257,07/03/2019,Vente,"115000,00",1.0,AV,8030,ST POL,51100.0,REIMS,51,454,DM,332,2,2.0,Appartement,59.0,3.0
1881260,14/03/2019,Vente,"143700,00",68.0,PROM,6867,DU PEIGNAGE,51100.0,REIMS,51,454,CT,531,2,2.0,Appartement,60.0,3.0
1881262,05/03/2019,Vente,"60800,00",22.0,RUE,2570,CROUTELLE,51100.0,REIMS,51,454,AV,124,1,2.0,Appartement,27.0,1.0
1881263,01/03/2019,Vente,"124400,00",8.0,RUE,2192,COMMANDANT ARNAUD,51100.0,REIMS,51,454,AL,402,2,2.0,Appartement,79.0,4.0
1881275,12/03/2019,Vente,"163920,00",13.0,PL,7690,ROYALE,51100.0,REIMS,51,454,BE,470,2,2.0,Appartement,64.0,3.0
1881276,15/03/2019,Vente en l'état futur d'achèvement,"170363,00",33.0,RUE,6920,PETIT DELBOURG,51100.0,REIMS,51,454,CL,579,1,2.0,Appartement,48.0,2.0
1881277,15/03/2019,Vente,"198300,00",17.0,RUE,3280,EMILE ZOLA,51100.0,REIMS,51,454,AW,426,2,2.0,Appartement,95.0,5.0
1881281,14/03/2019,Vente en l'état futur d'achèvement,"156500,00",33.0,RUE,6920,PETIT DELBOURG,51100.0,REIMS,51,454,CL,579,1,2.0,Appartement,41.0,2.0
1881282,08/03/2019,Vente,"77000,00",143.0,RUE,2440,DE COURLANCY,51100.0,REIMS,51,454,HY,38,1,2.0,Appartement,33.0,1.0
1881300,07/03/2019,Vente,"138000,00",35.0,BD,2930,DOCTEUR HENRI HENROT,51100.0,REIMS,51,454,DM,663,2,2.0,Appartement,78.0,4.0
1881305,04/03/2019,Vente,"195000,00",27.0,RUE,9040,DE VESLE,51100.0,REIMS,51,454,IK,4,2,2.0,Appartement,60.0,3.0
1881310,05/03/2019,Vente,"81000,00",64.0,RUE,5840,MALDAN,51100.0,REIMS,51,454,AR,165,2,2.0,Appartement,39.0,2.0
1881314,30/01/2019,Vente,"500000,00",14.0,RUE,7100,DES POISSONNIERS,51100.0,REIMS,51,454,IM,168,0,2.0,Appartement,50.0,2.0
1881315,30/01/2019,Vente,"500000,00",14.0,RUE,7100,DES POISSONNIERS,51100.0,REIMS,51,454,IM,168,0,2.0,Appartement,10.0,1.0
1881316,30/01/2019,Vente,"500000,00",14.0,RUE,7100,DES POISSONNIERS,51100.0,REIMS,51,454,IM,168,0,2.0,Appartement,10.0,1.0
1881317,30/01/2019,Vente,"500000,00",14.0,RUE,7100,DES POISSONNIERS,51100.0,REIMS,51,454,IM,168,0,2.0,Appartement,25.0,2.0
1881318,30/01/2019,Vente,"500000,00",14.0,RUE,7100,DES POISSONNIERS,51100.0,REIMS,51,454,IM,168,0,2.0,Appartement,15.0,1.0
1881319,30/01/2019,Vente,"500000,00",14.0,RUE,7100,DES POISSONNIERS,51100.0,REIMS,51,454,IM,168,0,2.0,Appartement,20.0,2.0
1881321,04/03/2019,Vente,"160000,00",28.0,RUE,6720,DE PARGNY,51100.0,REIMS,51,454,HW,373,4,2.0,Appartement,86.0,4.0
1881325,01/03/2019,Vente,"406000,00",49.0,RUE,8500,DE TALLEYRAND,51100.0,REIMS,51,454,IL,353,2,2.0,Appartement,132.0,4.0
1881327,26/02/2019,Vente,"106000,00",19.0,RUE,1980,DE CLAIRMARAIS,51100.0,REIMS,51,454,AT,171,3,2.0,Appartement,29.0,1.0
1881329,22/02/2019,Vente,"53000,00",10.0,RUE,5980,DE MARS,51100.0,REIMS,51,454,BE,475,1,2.0,Appartement,27.0,1.0
1881337,04/03/2019,Vente,"340000,00",40.0,RUE,0600,DU BARBATRE,51100.0,REIMS,51,454,CY,220,2,2.0,Appartement,131.0,4.0
1881340,26/02/2019,Vente,"83000,00",53.0,RUE,6160,DE METZ,51100.0,REIMS,51,454,CV,466,1,2.0,Appartement,43.0,2.0
1881344,18/03/2019,Vente,"94000,00",9.0,,3915,GPE GENERAL EISENHOWER,51100.0,REIMS,51,454,HS,216,2,2.0,Appartement,74.0,3.0
1881349,01/03/2019,Vente,"104600,00",17.0,RUE,1110,BOULARD,51100.0,REIMS,51,454,IK,426,1,2.0,Appartement,31.0,1.0
1881352,04/03/2019,Vente,"178500,00",10.0,RUE,8950,DE VENISE,51100.0,REIMS,51,454,IK,1335,1,2.0,Appartement,107.0,4.0
1881354,08/03/2019,Vente,"137700,00",2.0,RUE,7710,RUINART DE BRIMONT,51100.0,REIMS,51,454,CW,94,2,2.0,Appartement,75.0,4.0
1881355,05/03/2019,Vente,"195000,00",66.0,AV,4900,JEAN JAURES,51100.0,REIMS,51,454,CW,92,1,2.0,Appartement,90.0,4.0
1881358,01/02/2019,Vente,"116750,00",8.0,RUE,7240,DE POUILLY,51100.0,REIMS,51,454,IL,65,2,2.0,Appartement,35.0,2.0
1881363,28/02/2019,Vente,"154000,00",33.0,RUE,0600,DU BARBATRE,51100.0,REIMS,51,454,CY,213,2,2.0,Appartement,66.0,3.0
1881369,07/03/2019,Vente,"41500,00",26.0,RUE,8480,DE TAISSY,51100.0,REIMS,51,454,DK,235,2,2.0,Appartement,45.0,2.0
1881380,08/03/2019,Vente,"75000,00",6.0,RUE,8480,DE TAISSY,51100.0,REIMS,51,454,DK,184,1,2.0,Appartement,65.0,3.0
1881382,07/03/2019,Vente en l'état futur d'achèvement,"297000,00",7.0,RUE,0400,ARMONVILLE,51100.0,REIMS,51,454,CZ,678,1,2.0,Appartement,79.0,3.0
1881409,06/03/2019,Vente,"65000,00",29.0,CHS,7970,SAINT MARTIN,51100.0,REIMS,51,454,DN,217,2,2.0,Appartement,42.0,2.0
1881412,19/03/2019,Vente,"213400,00",14.0,RUE,5240,LACATTE JOLTROIS,51100.0,REIMS,51,454,AN,683,1,2.0,Appartement,82.0,4.0
1881415,07/03/2019,Vente,"42500,00",2.0,RUE,1720,DU CHANOINE LALLEMENT,51100.0,REIMS,51,454,DT,175,2,2.0,Appartement,36.0,1.0
1881420,25/02/2019,Vente,"235000,00",10.0,RUE,0200,D ALSACE LORRAINE,51100.0,REIMS,51,454,CV,9,0,2.0,Appartement,32.0,2.0
1881422,25/02/2019,Vente,"235000,00",10.0,RUE,0200,D ALSACE LORRAINE,51100.0,REIMS,51,454,CV,9,0,2.0,Appartement,84.0,5.0
1881440,04/03/2019,Vente,"121000,00",30.0,BD,9070,VICTOR HUGO,51100.0,REIMS,51,454,CZ,194,3,2.0,Appartement,48.0,3.0
1881442,11/03/2019,Vente,"116500,00",15.0,RUE,6000,MARTEAU,51100.0,REIMS,51,454,CV,34,2,2.0,Appartement,68.0,3.0
1881453,19/03/2019,Vente en l'état futur d'achèvement,"210601,00",33.0,RUE,6920,PETIT DELBOURG,51100.0,REIMS,51,454,CL,579,1,2.0,Appartement,57.0,2.0
1881455,13/03/2019,Vente,"123000,00",57.0,RUE,1360,CAMILLE LENOIR,51100.0,REIMS,51,454,BH,63,1,2.0,Appartement,70.0,3.0
1881456,13/03/2019,Vente,"123000,00",57.0,RUE,1360,CAMILLE LENOIR,51100.0,REIMS,51,454,BH,63,1,2.0,Appartement,75.0,4.0
1881470,08/03/2019,Vente,"96000,00",3.0,RUE,4690,IRENEE LELIEVRE,51100.0,REIMS,51,454,HZ,200,1,2.0,Appartement,44.0,2.0
1881481,20/03/2019,Vente en l'état futur d'achèvement,"131356,00",33.0,RUE,6920,PETIT DELBOURG,51100.0,REIMS,51,454,CL,579,1,2.0,Appartement,32.0,1.0
1881483,05/03/2019,Vente,"47000,00",269.0,RUE,2440,DE COURLANCY,51100.0,REIMS,51,454,DN,194,1,2.0,Appartement,14.0,1.0
1881484,06/03/2019,Vente en l'état futur d'achèvement,"193500,00",,RUE,4440,HENRI BARBUSSE,51100.0,REIMS,51,454,CL,1005,1,2.0,Appartement,79.0,4.0
1881488,05/03/2019,Vente,"150000,00",29.0,BD,6790,PAUL DOUMER,51100.0,REIMS,51,454,IK,1362,2,2.0,Appartement,81.0,4.0
1881490,25/02/2019,Vente,"243925,00",63.0,AV,4900,JEAN JAURES,51100.0,REIMS,51,454,BI,610,0,2.0,Appartement,25.0,1.0
1881491,25/02/2019,Vente,"243925,00",63.0,AV,4900,JEAN JAURES,51100.0,REIMS,51,454,BI,610,0,2.0,Appartement,46.0,3.0
1881492,25/02/2019,Vente,"243925,00",63.0,AV,4900,JEAN JAURES,51100.0,REIMS,51,454,BI,610,0,2.0,Appartement,19.0,1.0
1881496,20/03/2019,Vente,"92000,00",2.0,BD,4550,HENRY VASNIER,51100.0,REIMS,51,454,CZ,450,2,2.0,Appartement,65.0,4.0
1881497,15/03/2019,Vente,"121200,00",52.0,RUE,6230,DU MONT D ARENE,51100.0,REIMS,51,454,AV,382,3,2.0,Appartement,58.0,3.0
1881500,08/03/2019,Vente,"160000,00",119.0,RUE,1590,DE CERNAY,51100.0,REIMS,51,454,CV,543,1,2.0,Appartement,64.0,3.0
1881501,08/03/2019,Vente,"160000,00",119.0,RUE,1590,DE CERNAY,51100.0,REIMS,51,454,CV,543,1,2.0,Appartement,29.0,1.0
1881504,21/03/2019,Vente en l'état futur d'achèvement,"178176,00",33.0,RUE,6920,PETIT DELBOURG,51100.0,REIMS,51,454,CL,579,1,2.0,Appartement,43.0,2.0
1881507,22/02/2019,Vente en l'état futur d'achèvement,"202000,00",,RUE,5891,MARCEL THIL,51100.0,REIMS,51,454,AV,1091,1,2.0,Appartement,56.0,2.0
1881508,01/03/2019,Vente,"353500,00",49.0,AV,4900,JEAN JAURES,51100.0,REIMS,51,454,BH,537,1,2.0,Appartement,162.0,6.0
1881517,08/03/2019,Vente,"148500,00",13.0,RUE,1730,CHANTERAINE,51100.0,REIMS,51,454,DM,634,2,2.0,Appartement,103.0,6.0
1881518,08/03/2019,Vente,"96000,00",13.0,RUE,6830,P VAILLANT COUTURIER,51100.0,REIMS,51,454,AV,267,1,2.0,Appartement,43.0,2.0
1881534,12/03/2019,Vente,"97000,00",31.0,RUE,1100,BOUDET,51100.0,REIMS,51,454,AX,708,1,2.0,Appartement,45.0,2.0
1881536,13/03/2019,Vente,"120000,00",76.0,RUE,5615,LOUIS PASTEUR NEUV,51100.0,REIMS,51,454,KI,231,1,2.0,Appartement,60.0,3.0
1881538,13/03/2019,Vente,"92590,00",22.0,RUE,8480,DE TAISSY,51100.0,REIMS,51,454,DK,235,2,2.0,Appartement,69.0,4.0
1881539,22/03/2019,Vente en l'état futur d'achèvement,"102778,00",33.0,RUE,6920,PETIT DELBOURG,51100.0,REIMS,51,454,CL,579,1,2.0,Appartement,28.0,1.0
1881542,11/03/2019,Vente,"140000,00",2.0,AV,3913,DU GENERAL DE GAULLE,51100.0,REIMS,51,454,HX,547,1,2.0,Appartement,66.0,3.0
1881546,14/03/2019,Vente,"135000,00",199.0,AV,4900,JEAN JAURES,51100.0,REIMS,51,454,BK,331,1,2.0,Appartement,66.0,3.0
1881548,12/03/2019,Vente,"110000,00",6.0,RUE,0100,ALEXANDRE HENROT,51100.0,REIMS,51,454,AV,562,2,2.0,Appartement,67.0,2.0
1881552,06/03/2019,Vente,"112100,00",6.0,COUR,2660,DAUPHINOT,51100.0,REIMS,51,454,BH,202,1,2.0,Appartement,59.0,3.0
1881560,04/03/2019,Vente,"105000,00",79.0,RUE,2430,DE COURCELLES,51100.0,REIMS,51,454,AT,248,1,2.0,Appartement,30.0,2.0
1881561,27/02/2019,Vente,"92000,00",145.0,RUE,9040,DE VESLE,51100.0,REIMS,51,454,IK,823,2,2.0,Appartement,38.0,2.0
1881562,21/03/2019,Vente,"55000,00",16.0,RUE,5650,DE LOUVOIS,51100.0,REIMS,51,454,DV,672,1,2.0,Appartement,24.0,1.0
1881565,12/03/2019,Vente,"160000,00",6.0,RUE,0100,ALEXANDRE HENROT,51100.0,REIMS,51,454,AV,562,2,2.0,Appartement,52.0,2.0
1881567,21/03/2019,Vente,"94716,00",19.0,RUE,2760,DESBUREAUX,51100.0,REIMS,51,454,AL,419,1,2.0,Appartement,103.0,5.0
1881570,11/03/2019,Vente en l'état futur d'achèvement,"312000,00",7.0,RUE,0400,ARMONVILLE,51100.0,REIMS,51,454,CZ,678,1,2.0,Appartement,79.0,3.0
1881573,21/03/2019,Vente,"348000,00",7.0,RUE,1710,DE CHAMPIGNY,51100.0,REIMS,51,454,AR,319,0,2.0,Appartement,22.0,2.0
1881575,21/03/2019,Vente,"348000,00",7.0,RUE,1710,DE CHAMPIGNY,51100.0,REIMS,51,454,AR,319,0,2.0,Appartement,35.0,2.0
1881577,21/03/2019,Vente,"348000,00",7.0,RUE,1710,DE CHAMPIGNY,51100.0,REIMS,51,454,AR,319,0,2.0,Appartement,36.0,2.0
1881579,21/03/2019,Vente,"348000,00",7.0,RUE,1710,DE CHAMPIGNY,51100.0,REIMS,51,454,AR,319,0,2.0,Appartement,33.0,2.0
1881580,21/03/2019,Vente,"348000,00",7.0,RUE,1710,DE CHAMPIGNY,51100.0,REIMS,51,454,AR,319,0,2.0,Appartement,29.0,1.0
1881582,21/03/2019,Vente,"348000,00",7.0,RUE,1710,DE CHAMPIGNY,51100.0,REIMS,51,454,AR,319,0,2.0,Appartement,35.0,2.0
1881584,21/03/2019,Vente,"55000,00",23.0,RUE,2450,COURMEAUX,51100.0,REIMS,51,454,BE,508,2,2.0,Appartement,26.0,1.0
1881586,08/03/2019,Vente,"127340,00",135.0,RUE,2440,DE COURLANCY,51100.0,REIMS,51,454,HY,161,2,2.0,Appartement,55.0,3.0
1881587,27/02/2019,Vente,"173000,00",9.0,PL,3690,DU FORUM,51100.0,REIMS,51,454,IL,89,1,2.0,Appartement,71.0,3.0
1881590,28/02/2019,Vente,"98000,00",91.0,BD,3950,DU GENERAL LECLERC,51100.0,REIMS,51,454,IN,22,2,2.0,Appartement,48.0,2.0
1881591,01/03/2019,Vente,"108000,00",3.0,RUE,5930,MARIE STUART,51100.0,REIMS,51,454,CX,254,1,2.0,Appartement,37.0,3.0
1881592,08/03/2019,Vente,"95000,00",81.0,RUE,1740,CHANZY,51100.0,REIMS,51,454,CX,387,2,2.0,Appartement,32.0,2.0
1881596,28/02/2019,Vente,"435000,00",1.0,RUE,6210,DES MOISSONS,51100.0,REIMS,51,454,CW,138,0,2.0,Appartement,90.0,4.0
1881599,28/02/2019,Vente,"435000,00",1.0,RUE,6210,DES MOISSONS,51100.0,REIMS,51,454,CW,138,0,2.0,Appartement,90.0,4.0
1881607,06/03/2019,Vente,"250000,00",58.0,AV,3320,D EPERNAY,51100.0,REIMS,51,454,HW,50,2,2.0,Appartement,147.0,6.0
1881609,01/03/2019,Vente,"119900,00",36.0,RUE,1360,CAMILLE LENOIR,51100.0,REIMS,51,454,BH,162,2,2.0,Appartement,45.0,2.0
1881611,08/03/2019,Vente,"100000,00",37.0,RUE,0740,BELIN,51100.0,REIMS,51,454,AX,248,2,2.0,Appartement,54.0,2.0
1881612,28/02/2019,Vente,"146693,00",12.0,RUE,2200,DU COMMANDANT LAMY,51100.0,REIMS,51,454,AH,624,1,2.0,Appartement,64.0,3.0
1881614,08/03/2019,Vente,"69000,00",7.0,RUE,5825,DE LA MAISON BLANCHE,51100.0,REIMS,51,454,DV,712,2,2.0,Appartement,34.0,2.0
1881617,28/02/2019,Vente,"50000,00",27.0,RUE,3770,FRANCOIS DOR,51100.0,REIMS,51,454,HW,390,1,2.0,Appartement,18.0,1.0
1881623,08/03/2019,Vente,"156300,00",54.0,RUE,3570,DE FISMES,51100.0,REIMS,51,454,AR,46,2,2.0,Appartement,73.0,4.0
1881628,08/03/2019,Vente,"166400,00",15.0,RUE,8720,TOURNEBONNEAU,51100.0,REIMS,51,454,DM,630,2,2.0,Appartement,85.0,4.0
1881659,04/03/2019,Vente,"485000,00",17.0,RUE,7190,DE PONTGIVART,51100.0,REIMS,51,454,AY,227,0,2.0,Appartement,50.0,2.0
1881660,04/03/2019,Vente,"485000,00",17.0,RUE,7190,DE PONTGIVART,51100.0,REIMS,51,454,AY,227,0,2.0,Appartement,67.0,3.0
1881661,04/03/2019,Vente,"485000,00",17.0,RUE,7190,DE PONTGIVART,51100.0,REIMS,51,454,AY,227,0,2.0,Appartement,55.0,3.0
1881662,04/03/2019,Vente,"485000,00",17.0,RUE,7190,DE PONTGIVART,51100.0,REIMS,51,454,AY,227,0,2.0,Appartement,67.0,3.0
1881664,04/03/2019,Vente,"485000,00",17.0,RUE,7190,DE PONTGIVART,51100.0,REIMS,51,454,AY,227,0,2.0,Appartement,25.0,1.0
1881665,06/03/2019,Vente,"75000,00",40.0,RUE,7710,RUINART DE BRIMONT,51100.0,REIMS,51,454,CW,716,1,2.0,Appartement,36.0,1.0
1881676,25/03/2019,Vente,"122000,00",3.0,CHS,7970,SAINT MARTIN,51100.0,REIMS,51,454,DN,587,1,2.0,Appartement,78.0,4.0
1881681,22/03/2019,Vente,"152050,00",4.0,IMP,5690,LUNDY,51100.0,REIMS,51,454,BH,576,1,2.0,Appartement,43.0,2.0
1881683,11/03/2019,Vente en l'état futur d'achèvement,"174500,00",,RUE,5891,MARCEL THIL,51100.0,REIMS,51,454,AV,1091,1,2.0,Appartement,48.0,2.0
1881685,11/03/2019,Vente en l'état futur d'achèvement,"175500,00",,RUE,5891,MARCEL THIL,51100.0,REIMS,51,454,AV,1091,1,2.0,Appartement,49.0,2.0
1881691,13/03/2019,Vente en l'état futur d'achèvement,"141500,00",,RUE,5891,MARCEL THIL,51100.0,REIMS,51,454,AV,1091,1,2.0,Appartement,36.0,1.0
1881713,01/03/2019,Vente,"100000,00",5.0,RUE,5825,DE LA MAISON BLANCHE,51100.0,REIMS,51,454,DV,670,1,2.0,Appartement,34.0,1.0
1881714,15/03/2019,Vente,"160000,00",11.0,RUE,3340,DE L EQUERRE,51100.0,REIMS,51,454,CY,308,2,2.0,Appartement,87.0,4.0
1881718,08/03/2019,Vente,"69500,00",98.0,RUE,7160,PONSARDIN,51100.0,REIMS,51,454,CY,618,1,2.0,Appartement,24.0,1.0
1881721,18/03/2019,Vente,"151000,00",49.0,RUE,7160,PONSARDIN,51100.0,REIMS,51,454,CK,358,2,2.0,Appartement,60.0,4.0
1881722,15/03/2019,Vente,"139135,83",12.0,RUE,2200,DU COMMANDANT LAMY,51100.0,REIMS,51,454,AH,624,1,2.0,Appartement,66.0,3.0
1881725,14/03/2019,Vente,"228300,00",39.0,RUE,8500,DE TALLEYRAND,51100.0,REIMS,51,454,IL,338,2,2.0,Appartement,105.0,3.0
1881726,05/03/2019,Vente,"68000,00",60.0,RUE,6210,DES MOISSONS,51100.0,REIMS,51,454,CK,128,2,2.0,Appartement,35.0,1.0
1881730,11/03/2019,Vente,"95000,00",27.0,RUE,4160,DE LA GOULETTE,51100.0,REIMS,51,454,BL,469,2,2.0,Appartement,83.0,4.0
1881732,12/03/2019,Vente,"308000,00",2.0,RUE,9240,WARNIER,51100.0,REIMS,51,454,BH,269,5,2.0,Appartement,90.0,4.0
1881735,07/03/2019,Vente,"63000,00",28.0,RUE,1390,DES CAPUCINS,51100.0,REIMS,51,454,IK,878,3,2.0,Appartement,21.0,1.0
1881739,05/03/2019,Vente,"133000,00",98.0,RUE,3850,GAMBETTA,51100.0,REIMS,51,454,CY,336,1,2.0,Appartement,56.0,2.0
1881740,12/03/2019,Vente,"123500,00",28.0,RUE,7190,DE PONTGIVART,51100.0,REIMS,51,454,AY,412,1,2.0,Appartement,79.0,4.0
1881741,12/03/2019,Vente,"123500,00",28.0,RUE,7190,DE PONTGIVART,51100.0,REIMS,51,454,AY,412,1,2.0,Appartement,79.0,4.0
1881744,12/03/2019,Vente,"136000,00",17.0,RUE,0175,ALPHONSE DAUDET,51100.0,REIMS,51,454,HV,978,2,2.0,Appartement,90.0,5.0
1881751,15/03/2019,Vente,"169950,00",25.0,BD,1510,CARTERET,51100.0,REIMS,51,454,CV,836,2,2.0,Appartement,75.0,3.0
1881755,15/03/2019,Vente,"141000,00",13.0,RUE,4320,GUSTAVE LAURENT,51100.0,REIMS,51,454,CL,91,2,2.0,Appartement,74.0,3.0
1881760,15/03/2019,Vente,"75000,00",6.0,RUE,0100,ALEXANDRE HENROT,51100.0,REIMS,51,454,AV,562,2,2.0,Appartement,45.0,2.0
1881786,21/03/2019,Vente,"45000,00",20.0,RUE,4080,GILBERT,51100.0,REIMS,51,454,AR,204,2,2.0,Appartement,26.0,1.0
1881789,18/03/2019,Vente,"378000,00",38.0,RUE,1590,DE CERNAY,51100.0,REIMS,51,454,CW,161,2,2.0,Appartement,128.0,5.0
1881794,21/03/2019,Vente,"125500,00",56.0,RUE,4560,HINCMAR,51100.0,REIMS,51,454,IK,756,2,2.0,Appartement,57.0,3.0
1881795,27/03/2019,Vente,"194500,00",13.0,RUE,7100,DES POISSONNIERS,51100.0,REIMS,51,454,IM,227,2,2.0,Appartement,30.0,2.0
1881796,27/03/2019,Vente,"194500,00",13.0,RUE,7100,DES POISSONNIERS,51100.0,REIMS,51,454,IM,227,2,2.0,Appartement,30.0,2.0
1881797,19/03/2019,Vente en l'état futur d'achèvement,"140000,00",213.0,RUE,6470,DE NEUFCHATEL,51100.0,REIMS,51,454,AH,79,1,2.0,Appartement,67.0,3.0
1881799,25/03/2019,Vente,"125000,00",9.0,RUE,0010,ABBE DE L EPEE,51100.0,REIMS,51,454,IK,288,2,2.0,Appartement,80.0,4.0
1881800,18/03/2019,Vente,"113500,00",29.0,RUE,5000,JOBERT LUCAS,51100.0,REIMS,51,454,AN,105,2,2.0,Appartement,64.0,3.0
1881802,18/03/2019,Vente,"40000,00",17.0,RUE,3280,EMILE ZOLA,51100.0,REIMS,51,454,AW,426,1,2.0,Appartement,20.0,1.0
1881807,18/03/2019,Vente,"72000,00",40.0,RUE,5920,M CLEMENCE FOURIAUX,51100.0,REIMS,51,454,AV,931,1,2.0,Appartement,36.0,2.0
1881810,27/03/2019,Vente,"212000,00",9.0,RUE,2440,DE COURLANCY,51100.0,REIMS,51,454,HX,554,1,2.0,Appartement,112.0,3.0
1881811,18/03/2019,Vente,"71000,00",37.0,RUE,3430,EUGENE DESTEUQUE,51100.0,REIMS,51,454,CX,70,1,2.0,Appartement,29.0,1.0
1881813,27/03/2019,Vente,"125000,00",24.0,RUE,8090,SAINT THIERRY,51100.0,REIMS,51,454,AV,647,2,2.0,Appartement,53.0,3.0
1881814,22/03/2019,Vente,"128000,00",18.0,RUE,1860,DU CHATELET,51100.0,REIMS,51,454,DM,458,2,2.0,Appartement,70.0,3.0
1881816,27/03/2019,Vente en l'état futur d'achèvement,"227164,00",33.0,RUE,6920,PETIT DELBOURG,51100.0,REIMS,51,454,CL,579,1,2.0,Appartement,68.0,3.0
1881821,11/03/2019,Vente en l'état futur d'achèvement,"98994,00",6.0,RUE,8090,SAINT THIERRY,51100.0,REIMS,51,454,AV,1097,1,2.0,Appartement,23.0,1.0
1881823,12/03/2019,Vente,"192500,00",51.0,BD,4550,HENRY VASNIER,51100.0,REIMS,51,454,CI,77,1,2.0,Appartement,59.0,3.0
1881827,20/03/2019,Vente,"150000,00",30.0,RUE,6210,DES MOISSONS,51100.0,REIMS,51,454,CW,525,1,2.0,Appartement,60.0,2.0
1881835,29/03/2019,Vente,"146900,00",3.0,RUE,1640,DU CHALET,51100.0,REIMS,51,454,BK,328,1,2.0,Appartement,70.0,3.0
1881836,13/03/2019,Vente,"178600,00",85.0,AV,4900,JEAN JAURES,51100.0,REIMS,51,454,BI,375,3,2.0,Appartement,83.0,3.0
1881837,20/03/2019,Vente,"70000,00",34.0,RUE,6230,DU MONT D ARENE,51100.0,REIMS,51,454,AV,370,1,2.0,Appartement,20.0,1.0
1881838,20/03/2019,Vente,"70000,00",34.0,RUE,6230,DU MONT D ARENE,51100.0,REIMS,51,454,AV,370,1,2.0,Appartement,20.0,1.0
1881840,29/03/2019,Vente,"77000,00",9.0,,3915,GPE GENERAL EISENHOWER,51100.0,REIMS,51,454,HS,216,1,2.0,Appartement,74.0,3.0
1881841,29/03/2019,Vente,"77000,00",7.0,,3915,GPE GENERAL EISENHOWER,51100.0,REIMS,51,454,HS,216,1,2.0,Appartement,86.0,4.0
1881842,27/03/2019,Vente en l'état futur d'achèvement,"142504,00",33.0,RUE,6920,PETIT DELBOURG,51100.0,REIMS,51,454,CL,579,1,2.0,Appartement,42.0,2.0
1881848,14/03/2019,Vente,"95000,00",60.0,RUE,6210,DES MOISSONS,51100.0,REIMS,51,454,CK,128,2,2.0,Appartement,35.0,1.0
1881854,28/03/2019,Vente,"190000,00",14.0,RUE,1590,DE CERNAY,51100.0,REIMS,51,454,CW,68,0,2.0,Appartement,33.0,2.0
1881855,28/03/2019,Vente,"190000,00",14.0,RUE,1590,DE CERNAY,51100.0,REIMS,51,454,CW,68,0,2.0,Appartement,16.0,1.0
1881856,28/03/2019,Vente,"190000,00",14.0,RUE,1590,DE CERNAY,51100.0,REIMS,51,454,CW,68,0,2.0,Appartement,34.0,2.0
1881858,01/04/2019,Vente,"206500,00",41.0,RUE,1360,CAMILLE LENOIR,51100.0,REIMS,51,454,BH,332,2,2.0,Appartement,77.0,3.0
1881866,21/03/2019,Vente en l'état futur d'achèvement,"137000,00",213.0,RUE,6470,DE NEUFCHATEL,51100.0,REIMS,51,454,AH,79,1,2.0,Appartement,68.0,3.0
1881867,25/03/2019,Vente,"127500,00",27.0,RUE,6125,DE LA MEDITERRANEE,51100.0,REIMS,51,454,CN,579,2,2.0,Appartement,120.0,6.0
1881868,25/03/2019,Vente,"115000,00",35.0,RUE,4560,HINCMAR,51100.0,REIMS,51,454,IK,1267,2,2.0,Appartement,46.0,2.0
1881870,22/03/2019,Vente,"73400,00",4.0,IMP,5690,LUNDY,51100.0,REIMS,51,454,BH,576,1,2.0,Appartement,25.0,1.0
1881871,25/03/2019,Vente,"112000,00",25.0,RUE,6125,DE LA MEDITERRANEE,51100.0,REIMS,51,454,CN,579,1,2.0,Appartement,107.0,5.0
1881873,14/03/2019,Vente,"84500,00",2.0,RUE,4425,HELENE NAUTRE,51100.0,REIMS,51,454,BT,580,1,2.0,Appartement,49.0,2.0
1881875,14/03/2019,Vente,"84500,00",2.0,RUE,4425,HELENE NAUTRE,51100.0,REIMS,51,454,BT,580,1,2.0,Appartement,97.0,5.0
1881890,20/03/2019,Vente en l'état futur d'achèvement,"173000,00",28.0,CHS,0980,BOCQUAINE,51100.0,REIMS,51,454,HZ,172,1,2.0,Appartement,40.0,2.0
1881891,29/03/2019,Vente,"228400,00",47.0,RUE,8560,DES TELLIERS,51100.0,REIMS,51,454,IL,293,1,2.0,Appartement,73.0,4.0
1881895,22/03/2019,Vente,"261800,00",4.0,RUE,4270,DE LA GRUE,51100.0,REIMS,51,454,CX,39,1,2.0,Appartement,60.0,2.0
1881921,02/04/2019,Vente,"128000,00",140.0,BD,2650,DAUPHINOT,51100.0,REIMS,51,454,CV,1049,2,2.0,Appartement,71.0,3.0
1881925,27/03/2019,Vente,"48000,00",26.0,RUE,3150,DE L ECU,51100.0,REIMS,51,454,CW,655,1,2.0,Appartement,28.0,1.0
1881927,14/03/2019,Vente,"146200,00",67.0,RUE,4770,DU JARD,51100.0,REIMS,51,454,IK,288,2,2.0,Appartement,88.0,4.0
1882314,28/03/2019,Vente,"107700,00",1.0,RUE,6000,MARTEAU,51100.0,REIMS,51,454,CV,53,1,2.0,Appartement,60.0,2.0
1882320,28/03/2019,Vente,"225000,00",8.0,RUE,5880,DU MARC,51100.0,REIMS,51,454,BE,525,1,2.0,Appartement,55.0,2.0
1882322,26/03/2019,Vente,"182500,00",25.0,AV,4900,JEAN JAURES,51100.0,REIMS,51,454,BH,247,3,2.0,Appartement,84.0,4.0
1882323,20/03/2019,Vente,"92000,00",3.0,BD,1800,CHARLES ARNOULD,51100.0,REIMS,51,454,AV,6,2,2.0,Appartement,48.0,3.0
1882330,21/03/2019,Vente,"62460,00",15.0,BD,1510,CARTERET,51100.0,REIMS,51,454,CV,841,2,2.0,Appartement,43.0,2.0
1882332,18/03/2019,Vente,"76500,00",38.0,RUE,0060,ALBERT THOMAS,51100.0,REIMS,51,454,DK,198,2,2.0,Appartement,48.0,2.0
1882333,07/03/2019,Vente,"168000,00",25.0,RUE,6850,PAULIN PARIS,51100.0,REIMS,51,454,AW,117,5,2.0,Appartement,76.0,3.0
1882335,20/03/2019,Vente,"293000,00",28.0,RUE,4100,DES GOBELINS,51100.0,REIMS,51,454,CV,1123,0,2.0,Appartement,16.0,1.0
1882336,20/03/2019,Vente,"293000,00",28.0,RUE,4100,DES GOBELINS,51100.0,REIMS,51,454,CV,1123,0,2.0,Appartement,21.0,1.0
1882337,20/03/2019,Vente,"293000,00",28.0,RUE,4100,DES GOBELINS,51100.0,REIMS,51,454,CV,1123,0,2.0,Appartement,28.0,1.0
1882338,20/03/2019,Vente,"293000,00",28.0,RUE,4100,DES GOBELINS,51100.0,REIMS,51,454,CV,1123,0,2.0,Appartement,18.0,1.0
1882339,20/03/2019,Vente,"293000,00",28.0,RUE,4100,DES GOBELINS,51100.0,REIMS,51,454,CV,1123,0,2.0,Appartement,22.0,1.0
1882340,20/03/2019,Vente,"293000,00",28.0,RUE,4100,DES GOBELINS,51100.0,REIMS,51,454,CV,1123,0,2.0,Appartement,21.0,1.0
1882341,20/03/2019,Vente,"293000,00",28.0,RUE,4100,DES GOBELINS,51100.0,REIMS,51,454,CV,1123,0,2.0,Appartement,31.0,1.0
1882343,18/03/2019,Vente,"58000,00",6.0,RUE,4070,GERUZEZ,51100.0,REIMS,51,454,AV,454,2,2.0,Appartement,32.0,1.0
1882349,20/03/2019,Vente,"35500,00",15.0,BD,1510,CARTERET,51100.0,REIMS,51,454,CV,841,1,2.0,Appartement,9.0,1.0
1882352,22/03/2019,Vente,"59000,00",41.0,RUE,2570,CROUTELLE,51100.0,REIMS,51,454,AV,182,1,2.0,Appartement,43.0,2.0
1882354,15/03/2019,Vente,"140000,00",24.0,ESP,3590,FLECHAMBAULT,51100.0,REIMS,51,454,DM,636,2,2.0,Appartement,106.0,5.0
1882359,08/03/2019,Vente,"272300,00",22.0,RUE,5770,MACQUART,51100.0,REIMS,51,454,BH,85,0,2.0,Appartement,50.0,3.0
1882360,08/03/2019,Vente,"272300,00",22.0,RUE,5770,MACQUART,51100.0,REIMS,51,454,BH,85,0,2.0,Appartement,41.0,3.0
1882361,08/03/2019,Vente,"272300,00",22.0,RUE,5770,MACQUART,51100.0,REIMS,51,454,BH,85,0,2.0,Appartement,52.0,4.0
1882369,15/03/2019,Vente,"82800,00",2.0,RUE,3270,EMILE SENART,51100.0,REIMS,51,454,AY,412,2,2.0,Appartement,46.0,2.0
1882390,20/03/2019,Vente,"121000,00",10.0,RUE,1020,BONHOMME,51100.0,REIMS,51,454,BE,88,3,2.0,Appartement,35.0,1.0
1882394,27/03/2019,Vente en l'état futur d'achèvement,"178500,00",,RUE,4440,HENRI BARBUSSE,51100.0,REIMS,51,454,CL,1005,1,2.0,Appartement,66.0,3.0
1882397,27/03/2019,Vente,"170000,00",10.0,RUE,8950,DE VENISE,51100.0,REIMS,51,454,IK,1335,1,2.0,Appartement,84.0,4.0
1882404,22/03/2019,Vente,"104000,00",6.0,RUE,0105,ALFRED DE MUSSET,51100.0,REIMS,51,454,AD,830,2,2.0,Appartement,69.0,3.0
1882406,11/03/2019,Vente,"116000,00",23.0,RUE,6863,PAUL SCHLEISS,51100.0,REIMS,51,454,HT,199,2,2.0,Appartement,84.0,5.0
1882409,22/03/2019,Vente,"389400,00",5.0,RUE,7680,ROUILLE,51100.0,REIMS,51,454,IL,402,9,2.0,Appartement,154.0,6.0
1882417,19/03/2019,Vente,"204820,00",5.0,RUE,6540,NOEL,51100.0,REIMS,51,454,IL,356,2,2.0,Appartement,98.0,4.0
1882418,29/03/2019,Vente,"140000,00",10.0,PL,3040,DROUET D ERLON,51100.0,REIMS,51,454,IL,195,2,2.0,Appartement,57.0,2.0
1882425,29/03/2019,Vente,"84000,00",13.0,PL,8711,TOULOUSE LAUTREC,51100.0,REIMS,51,454,KR,29,2,2.0,Appartement,51.0,2.0
1882426,21/03/2019,Vente,"131850,00",23.0,RUE,6850,PAULIN PARIS,51100.0,REIMS,51,454,AW,119,3,2.0,Appartement,55.0,3.0
1882430,29/03/2019,Vente,"145000,00",1.0,RUE,1435,CARDINAL SUHARD,51100.0,REIMS,51,454,DM,637,1,2.0,Appartement,103.0,5.0
1882434,27/03/2019,Vente,"97000,00",50.0,RUE,2290,COQUEBERT,51100.0,REIMS,51,454,BI,559,1,2.0,Appartement,16.0,1.0
1882435,27/03/2019,Vente,"97000,00",106.0,RUE,3850,GAMBETTA,51100.0,REIMS,51,454,CY,341,1,2.0,Appartement,13.0,1.0
1882444,01/04/2019,Vente,"177600,00",10.0,RUE,7640,ROSSET,51100.0,REIMS,51,454,AM,890,1,2.0,Appartement,81.0,4.0
1882467,22/03/2019,Vente,"64500,00",140.0,BD,2650,DAUPHINOT,51100.0,REIMS,51,454,CV,1049,2,2.0,Appartement,35.0,1.0
1882471,05/04/2019,Vente,"155000,00",13.0,BD,2830,DIEU LUMIERE,51100.0,REIMS,51,454,DM,638,2,2.0,Appartement,81.0,4.0
1882476,25/03/2019,Vente,"97175,00",161.0,RUE,1590,DE CERNAY,51100.0,REIMS,51,454,CV,1215,2,2.0,Appartement,36.0,2.0
1882482,26/03/2019,Vente,"318500,00",1.0,RUE,0340,DE L ARBALETE,51100.0,REIMS,51,454,IL,77,2,2.0,Appartement,83.0,3.0
1882485,05/04/2019,Vente,"96000,00",8.0,RUE,5195,KERGUELEN,51100.0,REIMS,51,454,ET,547,2,2.0,Appartement,92.0,5.0
1882489,25/03/2019,Vente en l'état futur d'achèvement,"275000,00",32.0,RUE,8270,DE SEBASTOPOL,51100.0,REIMS,51,454,BK,356,1,2.0,Appartement,81.0,4.0
1882491,20/03/2019,Vente,"57000,00",1.0,RUE,1920,DE CHEVIGNE,51100.0,REIMS,51,454,CL,154,2,2.0,Appartement,26.0,1.0
1882493,23/03/2019,Vente,"65000,00",28.0,RUE,2290,COQUEBERT,51100.0,REIMS,51,454,BH,82,1,2.0,Appartement,24.0,2.0
1882495,29/03/2019,Vente,"110000,00",179.0,AV,4900,JEAN JAURES,51100.0,REIMS,51,454,BK,461,2,2.0,Appartement,70.0,3.0
1882504,29/03/2019,Vente,"70000,00",37.0,RUE,3430,EUGENE DESTEUQUE,51100.0,REIMS,51,454,CX,70,1,2.0,Appartement,25.0,1.0
1882512,20/03/2019,Vente,"98000,00",7.0,ALL,1725,CH NICOLAS ROLAND,51100.0,REIMS,51,454,DM,239,2,2.0,Appartement,43.0,2.0
1882519,21/03/2019,Vente,"138000,00",9.0,ALL,1725,CH NICOLAS ROLAND,51100.0,REIMS,51,454,DM,239,2,2.0,Appartement,69.0,3.0
1882540,26/03/2019,Vente,"92000,00",8.0,RUE,5930,MARIE STUART,51100.0,REIMS,51,454,CX,622,2,2.0,Appartement,35.0,1.0
1882541,29/03/2019,Vente,"139000,00",22.0,RUE,2560,CROIX ST MARC,51100.0,REIMS,51,454,CV,391,1,2.0,Appartement,33.0,2.0
1882542,29/03/2019,Vente,"139000,00",22.0,RUE,2560,CROIX ST MARC,51100.0,REIMS,51,454,CV,391,2,2.0,Appartement,37.0,2.0
1882550,26/03/2019,Vente,"255650,00",5.0,RUE,6540,NOEL,51100.0,REIMS,51,454,IL,356,2,2.0,Appartement,105.0,5.0
1882554,01/04/2019,Vente,"78600,00",31.0,RUE,6520,NICOLAS HENRIOT,51100.0,REIMS,51,454,CW,458,1,2.0,Appartement,28.0,1.0
1882561,25/03/2019,Vente,"125692,00",1.0,AV,7295,DU PRESIDENT KENNEDY,51100.0,REIMS,51,454,KN,16,2,2.0,Appartement,66.0,3.0
1882563,29/03/2019,Vente,"65000,00",60.0,PL,3040,DROUET D ERLON,51100.0,REIMS,51,454,IL,337,2,2.0,Appartement,24.0,1.0
1882565,11/03/2019,Vente,"95000,00",3.0,RUE,1280,BRULEE,51100.0,REIMS,51,454,IK,87,1,2.0,Appartement,42.0,2.0
1882569,04/04/2019,Vente,"56000,00",135.0,RUE,2440,DE COURLANCY,51100.0,REIMS,51,454,HY,161,1,2.0,Appartement,19.0,1.0
1882571,04/04/2019,Vente,"410000,00",10.0,RUE,3230,EMILE CAZIER,51100.0,REIMS,51,454,BE,216,0,2.0,Appartement,60.0,2.0
1882572,04/04/2019,Vente,"410000,00",10.0,RUE,3230,EMILE CAZIER,51100.0,REIMS,51,454,BE,216,0,2.0,Appartement,60.0,3.0
1882573,04/04/2019,Vente,"410000,00",10.0,RUE,3230,EMILE CAZIER,51100.0,REIMS,51,454,BE,216,0,2.0,Appartement,36.0,2.0
1882589,25/03/2019,Vente,"94000,00",35.0,RUE,6480,DE LA NEUVILLETTE,51100.0,REIMS,51,454,AX,396,2,2.0,Appartement,60.0,3.0
1882596,27/03/2019,Vente,"63000,00",6.0,RUE,5980,DE MARS,51100.0,REIMS,51,454,BE,482,1,2.0,Appartement,21.0,1.0
1882602,22/03/2019,Vente,"139330,00",127.0,BD,1800,CHARLES ARNOULD,51100.0,REIMS,51,454,AO,851,2,2.0,Appartement,86.0,4.0
1882605,29/03/2019,Vente,"154400,00",125.0,RUE,9040,DE VESLE,51100.0,REIMS,51,454,IK,1346,1,2.0,Appartement,55.0,2.0
1882622,05/04/2019,Vente,"93000,00",3.0,BD,9070,VICTOR HUGO,51100.0,REIMS,51,454,CZ,607,2,2.0,Appartement,65.0,3.0
1882624,29/03/2019,Vente,"77200,00",2.0,RUE,3270,EMILE SENART,51100.0,REIMS,51,454,AY,412,1,2.0,Appartement,46.0,2.0
1882626,29/03/2019,Vente,"77200,00",2.0,RUE,3270,EMILE SENART,51100.0,REIMS,51,454,AY,412,1,2.0,Appartement,83.0,4.0
1882627,03/04/2019,Vente,"62000,00",450.0,AV,5300,DE LAON,51100.0,REIMS,51,454,AE,93,1,2.0,Appartement,67.0,3.0
1882635,02/04/2019,Vente en l'état futur d'achèvement,"405000,00",33.0,RUE,6920,PETIT DELBOURG,51100.0,REIMS,51,454,CL,579,1,2.0,Appartement,121.0,4.0
1882637,03/04/2019,Vente,"302000,00",3.0,RUE,8220,SALIN,51100.0,REIMS,51,454,IL,48,1,2.0,Appartement,97.0,4.0
1882652,08/04/2019,Vente,"122530,00",13.0,RUE,0740,BELIN,51100.0,REIMS,51,454,AX,259,2,2.0,Appartement,54.0,2.0
1882654,26/03/2019,Vente,"97000,00",140.0,BD,2650,DAUPHINOT,51100.0,REIMS,51,454,CV,1049,2,2.0,Appartement,49.0,2.0
1882658,08/04/2019,Vente,"44100,00",28.0,RUE,2740,DERODE,51100.0,REIMS,51,454,BI,149,1,2.0,Appartement,20.0,1.0
1882659,29/03/2019,Vente,"106000,00",52.0,RUE,3280,EMILE ZOLA,51100.0,REIMS,51,454,AW,527,2,2.0,Appartement,93.0,5.0
1882664,02/04/2019,Vente,"118000,00",8.0,RUE,3987,GEORGES BERNANOS,51100.0,REIMS,51,454,HV,978,2,2.0,Appartement,76.0,4.0
1882665,27/03/2019,Vente,"102000,00",133.0,BD,7140,POMMERY,51100.0,REIMS,51,454,CI,65,2,2.0,Appartement,57.0,2.0
1882668,01/04/2019,Vente,"290000,00",7.0,RUE,8580,DES TEMPLIERS,51100.0,REIMS,51,454,BH,346,2,2.0,Appartement,99.0,3.0
1882672,27/03/2019,Vente,"108000,00",17.0,RUE,2760,DESBUREAUX,51100.0,REIMS,51,454,AL,419,3,2.0,Appartement,71.0,3.0
1882674,21/03/2019,Vente,"93000,00",3.0,RUE,4650,HUGUES KRAFFT,51100.0,REIMS,51,454,AM,760,2,2.0,Appartement,70.0,3.0
1882677,04/04/2019,Vente,"134000,00",32.0,RUE,1170,BRANLY,51100.0,REIMS,51,454,HW,420,2,2.0,Appartement,50.0,2.0
1882682,29/03/2019,Vente,"100000,00",47.0,RUE,8560,DES TELLIERS,51100.0,REIMS,51,454,IL,293,1,2.0,Appartement,60.0,3.0
1882684,29/03/2019,Vente,"100000,00",47.0,RUE,8560,DES TELLIERS,51100.0,REIMS,51,454,IL,293,1,2.0,Appartement,10.0,1.0
1882685,08/04/2019,Vente,"50000,00",39.0,RUE,7230,DE POUILLON,51100.0,REIMS,51,454,AN,156,1,2.0,Appartement,24.0,1.0
1882687,01/04/2019,Vente,"340000,00",122.0,RUE,1590,DE CERNAY,51100.0,REIMS,51,454,CV,642,0,2.0,Appartement,78.0,3.0
1882688,01/04/2019,Vente,"340000,00",122.0,RUE,1590,DE CERNAY,51100.0,REIMS,51,454,CV,642,0,2.0,Appartement,34.0,2.0
1882690,01/04/2019,Vente,"340000,00",122.0,RUE,1590,DE CERNAY,51100.0,REIMS,51,454,CV,642,0,2.0,Appartement,27.0,1.0
1882692,01/04/2019,Vente,"340000,00",122.0,RUE,1590,DE CERNAY,51100.0,REIMS,51,454,CV,642,0,2.0,Appartement,27.0,2.0
1882693,02/04/2019,Vente,"60000,00",58.0,RUE,0300,ANQUETIL,51100.0,REIMS,51,454,AV,663,1,2.0,Appartement,22.0,1.0
1882699,10/04/2019,Vente,"194750,00",23.0,RUE,2450,COURMEAUX,51100.0,REIMS,51,454,BE,508,2,2.0,Appartement,76.0,3.0
1882700,29/03/2019,Vente,"776800,00",26.0,RUE,1350,DU CADRAN ST PIERRE,51100.0,REIMS,51,454,IL,316,1,2.0,Appartement,190.0,5.0
1882703,29/03/2019,Vente en l'état futur d'achèvement,"163308,00",33.0,RUE,6920,PETIT DELBOURG,51100.0,REIMS,51,454,CL,579,1,2.0,Appartement,40.0,2.0
1882708,03/04/2019,Vente en l'état futur d'achèvement,"230000,00",42.0,RUE,7790,DE ST BRICE,51100.0,REIMS,51,454,AT,247,1,2.0,Appartement,65.0,3.0
1882714,29/03/2019,Vente,"117000,00",23.0,RUE,8270,DE SEBASTOPOL,51100.0,REIMS,51,454,BI,734,1,2.0,Appartement,55.0,2.0
1882719,16/04/2019,Vente,"216200,00",2.0,RUE,8580,DES TEMPLIERS,51100.0,REIMS,51,454,BH,572,1,2.0,Appartement,56.0,2.0
1882726,04/04/2019,Vente,"150300,00",3.0,RUE,1850,DU CHATEAU PORTE MARS,51100.0,REIMS,51,454,BE,359,3,2.0,Appartement,76.0,3.0
1882728,19/03/2019,Vente,"75000,00",13.0,RUE,3500,FAVART D HERBIGNY,51100.0,REIMS,51,454,CV,902,1,2.0,Appartement,71.0,3.0
1882729,19/03/2019,Vente,"385000,00",4.0,RUE,1750,DES CHAPELAINS,51100.0,REIMS,51,454,IL,256,0,2.0,Appartement,63.0,3.0
1882730,19/03/2019,Vente,"385000,00",4.0,RUE,1750,DES CHAPELAINS,51100.0,REIMS,51,454,IL,256,0,2.0,Appartement,62.0,3.0
1882731,19/03/2019,Vente,"385000,00",4.0,RUE,1750,DES CHAPELAINS,51100.0,REIMS,51,454,IL,256,0,2.0,Appartement,53.0,2.0
1882732,19/03/2019,Vente,"385000,00",4.0,RUE,1750,DES CHAPELAINS,51100.0,REIMS,51,454,IL,256,0,2.0,Appartement,50.0,2.0
1882733,19/03/2019,Vente,"385000,00",4.0,RUE,1750,DES CHAPELAINS,51100.0,REIMS,51,454,IL,256,0,2.0,Appartement,63.0,3.0
1882734,19/03/2019,Vente,"385000,00",4.0,RUE,1750,DES CHAPELAINS,51100.0,REIMS,51,454,IL,256,0,2.0,Appartement,53.0,2.0
1882738,27/03/2019,Vente,"82000,00",95.0,RUE,2070,CLOVIS,51100.0,REIMS,51,454,IK,415,1,2.0,Appartement,45.0,2.0
1882740,09/04/2019,Vente,"96200,00",8.0,RUE,0105,ALFRED DE MUSSET,51100.0,REIMS,51,454,AD,830,2,2.0,Appartement,69.0,3.0
1882742,03/04/2019,Vente,"80000,00",39.0,RUE,3570,DE FISMES,51100.0,REIMS,51,454,AR,539,1,2.0,Appartement,90.0,3.0
1882748,28/03/2019,Vente,"38000,00",38.0,RUE,7710,RUINART DE BRIMONT,51100.0,REIMS,51,454,CW,112,1,2.0,Appartement,30.0,1.0
1882752,20/03/2019,Vente,"95000,00",35.0,RUE,6010,MARTIN PELLER,51100.0,REIMS,51,454,HX,545,2,2.0,Appartement,47.0,2.0
1882753,20/03/2019,Vente,"293000,00",38.0,RUE,1590,DE CERNAY,51100.0,REIMS,51,454,CW,161,2,2.0,Appartement,104.0,4.0
1882761,27/03/2019,Vente,"63800,00",7.0,RUE,0450,AUGER,51100.0,REIMS,51,454,AI,222,2,2.0,Appartement,42.0,2.0
1882762,04/04/2019,Vente,"412000,00",25.0,CRS,4850,J B LANGLET,51100.0,REIMS,51,454,IL,261,1,2.0,Appartement,143.0,5.0
1882765,01/04/2019,Vente,"56250,00",24.0,RUE,4480,HENRI JADART,51100.0,REIMS,51,454,IK,1382,1,2.0,Appartement,18.0,1.0
1882778,01/04/2019,Vente,"100000,00",21.0,BD,0710,DES BELGES,51100.0,REIMS,51,454,AM,89,1,2.0,Appartement,80.0,3.0
1882787,10/04/2019,Vente,"138875,00",10.0,RUE,8330,SIMON,51100.0,REIMS,51,454,DM,637,1,2.0,Appartement,87.0,4.0
1882790,04/04/2019,Vente,"806569,00",1.0,RUE,1610,CESAR POULAIN,51100.0,REIMS,51,454,CW,539,3,2.0,Appartement,318.0,6.0
1882796,12/04/2019,Vente,"560000,00",1.0,RUE,0340,DE L ARBALETE,51100.0,REIMS,51,454,IL,77,1,2.0,Appartement,169.0,6.0
1882806,05/04/2019,Vente,"108500,00",5.0,RUE,4425,HELENE NAUTRE,51100.0,REIMS,51,454,BT,580,2,2.0,Appartement,74.0,4.0
1882808,08/04/2019,Vente,"57000,00",96.0,AV,3320,D EPERNAY,51100.0,REIMS,51,454,HW,387,2,2.0,Appartement,38.0,1.0
1882809,05/04/2019,Vente en l'état futur d'achèvement,"130500,00",,RUE,5891,MARCEL THIL,51100.0,REIMS,51,454,AV,1091,1,2.0,Appartement,33.0,1.0
1882811,05/04/2019,Vente,"87000,00",11.0,RUE,8580,DES TEMPLIERS,51100.0,REIMS,51,454,BH,528,2,2.0,Appartement,44.0,2.0
1882814,18/04/2019,Vente,"120800,00",4.0,RUE,1590,DE CERNAY,51100.0,REIMS,51,454,CW,638,1,2.0,Appartement,63.0,2.0
1882819,08/04/2019,Vente,"419250,00",70.0,RUE,1740,CHANZY,51100.0,REIMS,51,454,IK,104,1,2.0,Appartement,135.0,5.0
1882822,12/04/2019,Vente,"50000,00",249.0,RUE,2440,DE COURLANCY,51100.0,REIMS,51,454,DN,217,2,2.0,Appartement,42.0,2.0
1882824,18/04/2019,Vente,"150000,00",48.0,RUE,1310,BUIRETTE,51100.0,REIMS,51,454,IM,356,2,2.0,Appartement,117.0,5.0
1882830,08/04/2019,Vente,"68000,00",16.0,RUE,8480,DE TAISSY,51100.0,REIMS,51,454,DK,234,2,2.0,Appartement,69.0,4.0
1882833,05/04/2019,Vente en l'état futur d'achèvement,"164012,00",33.0,RUE,6920,PETIT DELBOURG,51100.0,REIMS,51,454,CL,579,1,2.0,Appartement,41.0,2.0
1882838,27/03/2019,Vente,"83000,00",23.0,RUE,1110,BOULARD,51100.0,REIMS,51,454,IK,391,1,2.0,Appartement,27.0,2.0
1882839,29/03/2019,Vente en l'état futur d'achèvement,"475000,00",,IMP,5470,DU LEVANT,51100.0,REIMS,51,454,CX,495,1,2.0,Appartement,118.0,4.0
1882844,12/04/2019,Vente,"125000,00",55.0,BD,2930,DOCTEUR HENRI HENROT,51100.0,REIMS,51,454,DM,239,2,2.0,Appartement,69.0,3.0
1882845,28/03/2019,Vente,"112000,00",150.0,BD,7960,ST MARCEAUX,51100.0,REIMS,51,454,CK,372,1,2.0,Appartement,73.0,3.0
1882847,05/04/2019,Vente,"49500,00",12.0,RUE,0820,DE BERRU,51100.0,REIMS,51,454,CW,334,1,2.0,Appartement,25.0,1.0
1882848,28/03/2019,Vente,"90000,00",150.0,BD,7960,ST MARCEAUX,51100.0,REIMS,51,454,CK,372,1,2.0,Appartement,27.0,1.0
1882849,28/03/2019,Vente,"90000,00",150.0,BD,7960,ST MARCEAUX,51100.0,REIMS,51,454,CK,372,1,2.0,Appartement,27.0,1.0
1882855,26/03/2019,Vente,"275000,00",57.0,RUE,8430,DE STRASBOURG,51100.0,REIMS,51,454,CV,556,0,2.0,Appartement,60.0,3.0
1882858,26/03/2019,Vente,"275000,00",57.0,RUE,8430,DE STRASBOURG,51100.0,REIMS,51,454,CV,556,0,2.0,Appartement,61.0,3.0
1882859,26/03/2019,Vente,"275000,00",57.0,RUE,8430,DE STRASBOURG,51100.0,REIMS,51,454,CV,556,0,2.0,Appartement,48.0,3.0
1882860,09/04/2019,Vente,"43000,00",21.0,AV,4455,HENRI FARMAN,51100.0,REIMS,51,454,DH,90,1,2.0,Appartement,17.0,1.0
1882862,01/04/2019,Vente,"110000,00",47.0,RUE,1390,DES CAPUCINS,51100.0,REIMS,51,454,IK,58,1,2.0,Appartement,45.0,3.0
1882863,03/04/2019,Vente,"100000,00",7.0,RUE,5650,DE LOUVOIS,51100.0,REIMS,51,454,DL,141,1,2.0,Appartement,42.0,2.0
1882867,16/04/2019,Vente,"117100,00",1.0,RUE,3340,DE L EQUERRE,51100.0,REIMS,51,454,CY,569,2,2.0,Appartement,67.0,4.0
1882870,19/04/2019,Vente,"50000,00",7.0,RUE,1980,DE CLAIRMARAIS,51100.0,REIMS,51,454,AT,165,1,2.0,Appartement,23.0,1.0
1882873,26/03/2019,Vente,"190000,00",12.0,CHS,0980,BOCQUAINE,51100.0,REIMS,51,454,HZ,170,1,2.0,Appartement,108.0,4.0
1882879,03/04/2019,Vente,"191500,00",1.0,RUE,1280,BRULEE,51100.0,REIMS,51,454,IK,86,2,2.0,Appartement,76.0,4.0
1882888,12/04/2019,Vente,"150000,00",59.0,PL,3040,DROUET D ERLON,51100.0,REIMS,51,454,IM,36,1,2.0,Appartement,45.0,2.0
1882889,12/04/2019,Vente,"150000,00",59.0,PL,3040,DROUET D ERLON,51100.0,REIMS,51,454,IM,36,1,2.0,Appartement,53.0,2.0
1882896,11/04/2019,Vente,"67800,00",9.0,PL,8711,TOULOUSE LAUTREC,51100.0,REIMS,51,454,KR,27,2,2.0,Appartement,30.0,1.0
1882899,10/04/2019,Vente,"1,00",26.0,RUE,7100,DES POISSONNIERS,51100.0,REIMS,51,454,IM,205,1,2.0,Appartement,54.0,2.0
1882901,12/04/2019,Vente,"138000,00",23.0,RUE,2450,COURMEAUX,51100.0,REIMS,51,454,BE,508,2,2.0,Appartement,49.0,2.0
1882903,03/04/2019,Vente,"120000,00",1.0,RUE,0390,ARMAND GUERY,51100.0,REIMS,51,454,AV,694,2,2.0,Appartement,66.0,3.0
1882911,17/04/2019,Vente,"163000,00",10.0,AV,4900,JEAN JAURES,51100.0,REIMS,51,454,CW,55,3,2.0,Appartement,66.0,4.0
1882916,04/04/2019,Vente,"116000,00",19.0,ESP,5446,LE ROUET,51100.0,REIMS,51,454,CT,390,1,2.0,Appartement,84.0,4.0
1882926,29/03/2019,Vente,"81170,00",9.0,ALL,1725,CH NICOLAS ROLAND,51100.0,REIMS,51,454,DM,239,2,2.0,Appartement,43.0,2.0
1882928,04/04/2019,Vente,"310000,00",57.0,RUE,5340,LECOINTRE,51100.0,REIMS,51,454,AV,690,0,2.0,Appartement,31.0,1.0
1882929,04/04/2019,Vente,"310000,00",57.0,RUE,5340,LECOINTRE,51100.0,REIMS,51,454,AV,690,0,2.0,Appartement,41.0,2.0
1882930,04/04/2019,Vente,"310000,00",57.0,RUE,5340,LECOINTRE,51100.0,REIMS,51,454,AV,690,0,2.0,Appartement,24.0,1.0
1882931,04/04/2019,Vente,"310000,00",57.0,RUE,5340,LECOINTRE,51100.0,REIMS,51,454,AV,690,0,2.0,Appartement,42.0,2.0
1882932,04/04/2019,Vente,"310000,00",57.0,RUE,5340,LECOINTRE,51100.0,REIMS,51,454,AV,690,0,2.0,Appartement,51.0,3.0
1882933,04/04/2019,Vente,"310000,00",57.0,RUE,5340,LECOINTRE,51100.0,REIMS,51,454,AV,690,0,2.0,Appartement,40.0,2.0
1882934,04/04/2019,Vente,"310000,00",57.0,RUE,5340,LECOINTRE,51100.0,REIMS,51,454,AV,690,0,2.0,Appartement,51.0,2.0
1882943,15/04/2019,Vente en l'état futur d'achèvement,"185709,00",33.0,RUE,6920,PETIT DELBOURG,51100.0,REIMS,51,454,CL,579,1,2.0,Appartement,48.0,2.0
1882944,16/04/2019,Vente,"96000,00",179.0,AV,4900,JEAN JAURES,51100.0,REIMS,51,454,BK,461,1,2.0,Appartement,72.0,4.0
1882948,23/04/2019,Vente,"57500,00",38.0,RUE,7710,RUINART DE BRIMONT,51100.0,REIMS,51,454,CW,112,1,2.0,Appartement,33.0,1.0
1882951,11/04/2019,Vente,"80000,00",25.0,RUE,3770,FRANCOIS DOR,51100.0,REIMS,51,454,HX,390,2,2.0,Appartement,45.0,2.0
1882953,11/04/2019,Vente,"140500,00",25.0,RUE,6850,PAULIN PARIS,51100.0,REIMS,51,454,AW,117,1,2.0,Appartement,70.0,3.0
1882956,12/04/2019,Vente,"100500,00",18.0,RUE,7340,DU PROGRES,51100.0,REIMS,51,454,AO,335,1,2.0,Appartement,63.0,3.0
1882957,09/04/2019,Vente en l'état futur d'achèvement,"102778,00",33.0,RUE,6920,PETIT DELBOURG,51100.0,REIMS,51,454,CL,579,1,2.0,Appartement,28.0,1.0
1882963,04/04/2019,Vente,"133500,00",74.0,RUE,0740,BELIN,51100.0,REIMS,51,454,AY,310,1,2.0,Appartement,62.0,3.0
1882964,24/04/2019,Vente,"100000,00",229.0,RUE,2440,DE COURLANCY,51100.0,REIMS,51,454,DN,229,1,2.0,Appartement,48.0,1.0
1882968,11/04/2019,Vente,"9800,00",3.0,RUE,8510,DE TAMBOUR,51100.0,REIMS,51,454,BE,278,2,2.0,Appartement,32.0,2.0
1882969,05/04/2019,Vente,"118500,00",7.0,RUE,2570,CROUTELLE,51100.0,REIMS,51,454,AV,834,1,2.0,Appartement,51.0,2.0
1882988,15/04/2019,Vente,"159050,00",118.0,RUE,9040,DE VESLE,51100.0,REIMS,51,454,IM,155,1,2.0,Appartement,36.0,2.0
1882995,29/03/2019,Vente,"375000,00",33.0,RUE,0410,DE L ARQUEBUSE,51100.0,REIMS,51,454,IM,296,4,2.0,Appartement,98.0,4.0
1883002,28/03/2019,Vente,"70000,00",155.0,RUE,1590,DE CERNAY,51100.0,REIMS,51,454,CV,96,1,2.0,Appartement,50.0,2.0
1883003,12/04/2019,Vente,"86440,00",86.0,RUE,7010,PIERRE BROSSOLETTE,51100.0,REIMS,51,454,AV,538,2,2.0,Appartement,43.0,2.0
1883005,23/04/2019,Vente,"187500,00",85.0,BD,1800,CHARLES ARNOULD,51100.0,REIMS,51,454,AV,556,1,2.0,Appartement,77.0,3.0
1883007,09/04/2019,Vente,"115000,00",166.0,RUE,7160,PONSARDIN,51100.0,REIMS,51,454,CZ,605,2,2.0,Appartement,53.0,2.0
1883017,04/04/2019,Vente,"80000,00",98.0,RUE,3850,GAMBETTA,51100.0,REIMS,51,454,CY,336,1,2.0,Appartement,30.0,2.0
1883019,09/04/2019,Vente,"88000,00",45.0,RUE,0060,ALBERT THOMAS,51100.0,REIMS,51,454,DK,20,2,2.0,Appartement,55.0,2.0
1883033,27/03/2019,Vente,"247000,00",9.0,RUE,6360,DES MURS,51100.0,REIMS,51,454,CX,271,2,2.0,Appartement,83.0,4.0
1883038,18/04/2019,Vente,"295000,00",46.0,RUE,5110,JULES LAURENT,51100.0,REIMS,51,454,AM,83,3,2.0,Appartement,96.0,4.0
1883041,08/04/2019,Vente,"130000,00",17.0,RUE,8570,DU TEMPLE,51100.0,REIMS,51,454,BE,490,2,2.0,Appartement,61.0,2.0
1883050,09/04/2019,Vente,"260000,00",134.0,RUE,1390,DES CAPUCINS,51100.0,REIMS,51,454,CY,390,0,2.0,Appartement,37.0,2.0
1883051,09/04/2019,Vente,"260000,00",134.0,RUE,1390,DES CAPUCINS,51100.0,REIMS,51,454,CY,390,0,2.0,Appartement,34.0,3.0
1883052,09/04/2019,Vente,"260000,00",134.0,RUE,1390,DES CAPUCINS,51100.0,REIMS,51,454,CY,390,0,2.0,Appartement,40.0,2.0
1883054,09/04/2019,Vente,"116000,00",16.0,ESP,3590,FLECHAMBAULT,51100.0,REIMS,51,454,DM,636,2,2.0,Appartement,73.0,3.0
1883055,17/04/2019,Vente,"145000,00",69.0,RUE,1740,CHANZY,51100.0,REIMS,51,454,CX,559,1,2.0,Appartement,58.0,3.0
1883073,30/03/2019,Vente,"79000,00",23.0,RUE,8650,DE THIONVILLE,51100.0,REIMS,51,454,CV,950,1,2.0,Appartement,34.0,2.0
1883074,24/04/2019,Vente en l'état futur d'achèvement,"223591,00",33.0,RUE,6920,PETIT DELBOURG,51100.0,REIMS,51,454,CL,579,1,2.0,Appartement,53.0,2.0
1883087,11/04/2019,Vente,"95000,00",6.0,RUE,2480,DES COUTURES,51100.0,REIMS,51,454,CK,315,1,2.0,Appartement,45.0,2.0
1883092,09/04/2019,Vente,"86000,00",26.0,BD,5570,LOUIS BARTHOU,51100.0,REIMS,51,454,DT,671,2,2.0,Appartement,65.0,4.0
1883096,09/04/2019,Vente,"75000,00",287.0,AV,5300,DE LAON,51100.0,REIMS,51,454,AN,133,1,2.0,Appartement,43.0,2.0
1883099,08/03/2019,Vente,"48000,00",34.0,RUE,6230,DU MONT D ARENE,51100.0,REIMS,51,454,AV,370,1,2.0,Appartement,18.0,1.0
1883101,24/04/2019,Vente,"98000,00",32.0,RUE,1170,BRANLY,51100.0,REIMS,51,454,HW,420,1,2.0,Appartement,55.0,2.0
1883103,24/04/2019,Vente,"98000,00",32.0,RUE,1170,BRANLY,51100.0,REIMS,51,454,HW,420,1,2.0,Appartement,45.0,2.0
1883120,02/04/2019,Vente,"48500,00",18.0,RUE,0300,ANQUETIL,51100.0,REIMS,51,454,AV,210,3,2.0,Appartement,44.0,2.0
1883121,12/04/2019,Vente,"393000,00",43.0,RUE,0600,DU BARBATRE,51100.0,REIMS,51,454,CY,203,1,2.0,Appartement,39.0,2.0
1883122,12/04/2019,Vente,"393000,00",43.0,RUE,0600,DU BARBATRE,51100.0,REIMS,51,454,CY,203,1,2.0,Appartement,91.0,3.0
1883123,12/04/2019,Vente,"393000,00",43.0,RUE,0600,DU BARBATRE,51100.0,REIMS,51,454,CY,203,2,2.0,Appartement,97.0,4.0
1883125,29/03/2019,Vente,"73000,00",89.0,AV,5300,DE LAON,51100.0,REIMS,51,454,AV,254,1,2.0,Appartement,35.0,1.0
1883144,10/04/2019,Vente,"205150,00",32.0,BD,4760,JAMIN,51100.0,REIMS,51,454,BI,854,1,2.0,Appartement,95.0,5.0
1883151,26/04/2019,Vente,"88000,00",11.0,RUE,6480,DE LA NEUVILLETTE,51100.0,REIMS,51,454,AX,407,2,2.0,Appartement,88.0,3.0
1883176,12/04/2019,Vente en l'état futur d'achèvement,"242000,00",28.0,CHS,0980,BOCQUAINE,51100.0,REIMS,51,454,HZ,172,1,2.0,Appartement,64.0,3.0
1883177,12/04/2019,Vente en l'état futur d'achèvement,"188000,00",28.0,CHS,0980,BOCQUAINE,51100.0,REIMS,51,454,HZ,172,1,2.0,Appartement,40.0,2.0
1883194,11/04/2019,Vente,"114900,00",13.0,RUE,0175,ALPHONSE DAUDET,51100.0,REIMS,51,454,HV,978,2,2.0,Appartement,76.0,4.0
1883206,26/04/2019,Vente,"183400,00",127.0,RUE,0200,D ALSACE LORRAINE,51100.0,REIMS,51,454,CV,113,4,2.0,Appartement,102.0,3.0
1883208,15/04/2019,Vente,"420000,00",10.0,RUE,0550,BACQUENOIS,51100.0,REIMS,51,454,IM,278,0,2.0,Appartement,27.0,1.0
1883209,15/04/2019,Vente,"420000,00",10.0,RUE,0550,BACQUENOIS,51100.0,REIMS,51,454,IM,278,0,2.0,Appartement,28.0,1.0
1883210,15/04/2019,Vente,"420000,00",10.0,RUE,0550,BACQUENOIS,51100.0,REIMS,51,454,IM,278,0,2.0,Appartement,22.0,1.0
1883211,15/04/2019,Vente,"420000,00",10.0,RUE,0550,BACQUENOIS,51100.0,REIMS,51,454,IM,278,0,2.0,Appartement,42.0,2.0
1883212,15/04/2019,Vente,"420000,00",10.0,RUE,0550,BACQUENOIS,51100.0,REIMS,51,454,IM,278,0,2.0,Appartement,22.0,1.0
1883213,25/04/2019,Vente,"119500,00",69.0,RUE,5891,MARCEL THIL,51100.0,REIMS,51,454,AV,761,2,2.0,Appartement,80.0,5.0
1883215,16/04/2019,Vente,"114000,00",6.0,RUE,1640,DU CHALET,51100.0,REIMS,51,454,BK,278,1,2.0,Appartement,65.0,3.0
1883216,26/04/2019,Vente,"100000,00",70.0,RUE,4740,JACQUART,51100.0,REIMS,51,454,BI,575,1,2.0,Appartement,41.0,2.0
1883219,04/04/2019,Vente,"45000,00",21.0,AV,4455,HENRI FARMAN,51100.0,REIMS,51,454,DH,90,1,2.0,Appartement,17.0,1.0
1883220,05/04/2019,Vente,"174000,00",5.0,RUE,6740,PASSE DEMOISELLES,51100.0,REIMS,51,454,HX,576,1,2.0,Appartement,69.0,3.0
1883223,04/04/2019,Vente,"99000,00",98.0,RUE,7160,PONSARDIN,51100.0,REIMS,51,454,CY,618,1,2.0,Appartement,37.0,1.0
1883227,25/04/2019,Vente,"88000,00",35.0,RUE,3610,FLIN DES OLIVIERS,51100.0,REIMS,51,454,HX,399,1,2.0,Appartement,55.0,3.0
1883237,12/04/2019,Vente,"75600,00",59.0,RUE,3000,DOCTEUR THOMAS,51100.0,REIMS,51,454,AW,215,1,2.0,Appartement,45.0,2.0
1883242,12/04/2019,Vente,"87100,00",1.0,BD,9070,VICTOR HUGO,51100.0,REIMS,51,454,CZ,450,2,2.0,Appartement,56.0,3.0
1883249,02/04/2019,Vente,"249000,00",58.0,RUE,5350,LEDRU ROLLIN,51100.0,REIMS,51,454,DL,118,0,2.0,Appartement,30.0,1.0
1883250,02/04/2019,Vente,"249000,00",58.0,RUE,5350,LEDRU ROLLIN,51100.0,REIMS,51,454,DL,118,0,2.0,Appartement,18.0,1.0
1883251,02/04/2019,Vente,"249000,00",58.0,RUE,5350,LEDRU ROLLIN,51100.0,REIMS,51,454,DL,118,0,2.0,Appartement,30.0,1.0
1883252,02/04/2019,Vente,"249000,00",58.0,RUE,5350,LEDRU ROLLIN,51100.0,REIMS,51,454,DL,118,0,2.0,Appartement,25.0,1.0
1883253,02/04/2019,Vente,"249000,00",58.0,RUE,5350,LEDRU ROLLIN,51100.0,REIMS,51,454,DL,118,0,2.0,Appartement,20.0,1.0
1883254,02/04/2019,Vente,"249000,00",58.0,RUE,5350,LEDRU ROLLIN,51100.0,REIMS,51,454,DL,118,0,2.0,Appartement,25.0,1.0
1883256,11/04/2019,Vente,"179050,00",10.0,RUE,8260,SCULPTEURS JACQUES,51100.0,REIMS,51,454,HW,395,1,2.0,Appartement,80.0,3.0
1883257,19/04/2019,Vente,"143000,00",59.0,RUE,3000,DOCTEUR THOMAS,51100.0,REIMS,51,454,AW,215,2,2.0,Appartement,41.0,2.0
1883258,19/04/2019,Vente,"143000,00",59.0,RUE,3000,DOCTEUR THOMAS,51100.0,REIMS,51,454,AW,215,1,2.0,Appartement,32.0,2.0
1883269,18/04/2019,Vente,"147000,00",25.0,RUE,1280,BRULEE,51100.0,REIMS,51,454,IK,117,2,2.0,Appartement,60.0,2.0
1883272,11/04/2019,Vente en l'état futur d'achèvement,"143280,00",,RUE,4220,GRANDVAL,51100.0,REIMS,51,454,CL,1000,1,2.0,Appartement,42.0,2.0
1883274,15/04/2019,Vente en l'état futur d'achèvement,"233111,00",,RUE,4220,GRANDVAL,51100.0,REIMS,51,454,CL,989,2,2.0,Appartement,67.0,3.0
1883284,09/04/2019,Vente,"130000,00",98.0,RUE,3850,GAMBETTA,51100.0,REIMS,51,454,CY,336,1,2.0,Appartement,53.0,1.0
1883291,08/04/2019,Vente,"45000,00",32.0,RUE,4890,JEAN JACQUES ROUSSEAU,51100.0,REIMS,51,454,BE,189,2,2.0,Appartement,20.0,1.0
1883296,29/04/2019,Vente,"108500,00",7.0,RUE,6130,MENNESSON TONNELIER,51100.0,REIMS,51,454,AW,264,4,2.0,Appartement,65.0,1.0
1883297,23/04/2019,Vente,"128245,00",255.0,RUE,2440,DE COURLANCY,51100.0,REIMS,51,454,DN,547,2,2.0,Appartement,74.0,4.0
1883299,24/04/2019,Vente,"83000,00",71.0,RUE,5891,MARCEL THIL,51100.0,REIMS,51,454,AV,761,2,2.0,Appartement,63.0,4.0
1883301,24/04/2019,Vente,"185000,00",79.0,RUE,3000,DOCTEUR THOMAS,51100.0,REIMS,51,454,AW,226,4,2.0,Appartement,89.0,4.0
1883308,16/04/2019,Vente,"13000,00",30.0,RUE,6864,PAYEN,51100.0,REIMS,51,454,HZ,22,1,2.0,Appartement,34.0,1.0
1883316,27/04/2019,Vente,"59000,00",34.0,BD,9070,VICTOR HUGO,51100.0,REIMS,51,454,CZ,190,2,2.0,Appartement,34.0,1.0
1883322,30/04/2019,Vente,"80800,00",134.0,RUE,7010,PIERRE BROSSOLETTE,51100.0,REIMS,51,454,AO,739,1,2.0,Appartement,50.0,2.0
1883327,23/04/2019,Vente,"93000,00",21.0,AV,4455,HENRI FARMAN,51100.0,REIMS,51,454,DH,90,1,2.0,Appartement,17.0,1.0
1883328,23/04/2019,Vente,"93000,00",21.0,AV,4455,HENRI FARMAN,51100.0,REIMS,51,454,DH,90,1,2.0,Appartement,17.0,1.0
1883330,29/04/2019,Vente,"65000,00",189.0,RUE,0600,DU BARBATRE,51100.0,REIMS,51,454,CZ,543,1,2.0,Appartement,33.0,2.0
1883332,23/04/2019,Vente,"125000,00",24.0,RUE,4440,HENRI BARBUSSE,51100.0,REIMS,51,454,CL,225,2,2.0,Appartement,65.0,3.0
1883336,18/04/2019,Vente,"92320,00",36.0,RUE,1870,DE CHATIVESLE,51100.0,REIMS,51,454,IM,390,1,2.0,Appartement,22.0,1.0
1883339,10/04/2019,Vente,"238000,00",49.0,RUE,7010,PIERRE BROSSOLETTE,51100.0,REIMS,51,454,AR,914,0,2.0,Appartement,35.0,1.0
1883340,10/04/2019,Vente,"238000,00",49.0,RUE,7010,PIERRE BROSSOLETTE,51100.0,REIMS,51,454,AR,914,0,2.0,Appartement,32.0,1.0
1883341,10/04/2019,Vente,"238000,00",49.0,RUE,7010,PIERRE BROSSOLETTE,51100.0,REIMS,51,454,AR,914,0,2.0,Appartement,36.0,1.0
1883342,10/04/2019,Vente,"238000,00",49.0,RUE,7010,PIERRE BROSSOLETTE,51100.0,REIMS,51,454,AR,914,0,2.0,Appartement,36.0,1.0
1883344,16/04/2019,Vente,"129000,00",8.0,RUE,8950,DE VENISE,51100.0,REIMS,51,454,IK,1335,1,2.0,Appartement,68.0,3.0
1883348,11/04/2019,Vente,"100000,00",2.0,RUE,7280,PRESIDENT F ROOSEVELT,51100.0,REIMS,51,454,AT,105,1,2.0,Appartement,66.0,3.0
1883349,12/04/2019,Vente,"141000,00",8.0,RUE,8950,DE VENISE,51100.0,REIMS,51,454,IK,1335,1,2.0,Appartement,64.0,3.0
1883356,10/04/2019,Vente,"214000,00",11.0,RUE,8580,DES TEMPLIERS,51100.0,REIMS,51,454,BH,528,2,2.0,Appartement,94.0,5.0
1883367,24/04/2019,Vente,"82500,00",12.0,RUE,1210,BRESSY,51100.0,REIMS,51,454,DI,32,3,2.0,Appartement,49.0,2.0
1883369,24/04/2019,Vente,"167000,00",37.0,RUE,5840,MALDAN,51100.0,REIMS,51,454,AR,270,2,2.0,Appartement,67.0,3.0
1883370,02/05/2019,Vente,"290000,00",4.0,RUE,1610,CESAR POULAIN,51100.0,REIMS,51,454,CW,555,2,2.0,Appartement,104.0,3.0
1883371,24/04/2019,Vente,"60000,00",42.0,RUE,5920,M CLEMENCE FOURIAUX,51100.0,REIMS,51,454,AV,297,3,2.0,Appartement,47.0,3.0
1883384,16/04/2019,Vente,"164000,00",50.0,RUE,5160,DE LA JUSTICE,51100.0,REIMS,51,454,BD,99,1,2.0,Appartement,97.0,4.0
1883395,10/04/2019,Vente,"138000,00",49.0,RUE,8500,DE TALLEYRAND,51100.0,REIMS,51,454,IL,353,2,2.0,Appartement,46.0,2.0
1883397,25/04/2019,Vente,"139000,00",60.0,PL,3040,DROUET D ERLON,51100.0,REIMS,51,454,IL,337,1,2.0,Appartement,57.0,2.0
1883402,19/04/2019,Vente,"205000,00",51.0,BD,4550,HENRY VASNIER,51100.0,REIMS,51,454,CI,77,1,2.0,Appartement,65.0,3.0
1883405,23/04/2019,Vente,"103000,00",1.0,RUE,2760,DESBUREAUX,51100.0,REIMS,51,454,AL,402,1,2.0,Appartement,71.0,3.0
1883410,27/04/2019,Vente,"62200,00",37.0,AV,0070,ALEXANDRE DE SERBIE,51100.0,REIMS,51,454,DT,265,2,2.0,Appartement,62.0,3.0
1883411,18/04/2019,Vente,"52500,00",10.0,RUE,4610,HOURELLE,51100.0,REIMS,51,454,KO,26,2,2.0,Appartement,30.0,2.0
1883414,02/05/2019,Vente,"176750,00",17.0,BD,2830,DIEU LUMIERE,51100.0,REIMS,51,454,DM,638,2,2.0,Appartement,104.0,5.0
1883427,25/04/2019,Vente,"260000,00",2.0,RUE,0375,ARLETTE REMIA,51100.0,REIMS,51,454,HZ,183,1,2.0,Appartement,110.0,4.0
1883433,11/04/2019,Vente,"123200,00",85.0,RUE,2290,COQUEBERT,51100.0,REIMS,51,454,BI,824,1,2.0,Appartement,65.0,3.0
1883444,26/04/2019,Vente,"74500,00",78.0,RUE,7610,DES ROMAINS,51100.0,REIMS,51,454,AR,246,2,2.0,Appartement,36.0,1.0
1883446,19/04/2019,Vente,"190000,00",18.0,RUE,4810,DES JARDINS,51100.0,REIMS,51,454,AS,190,1,2.0,Appartement,87.0,3.0
1883455,30/04/2019,Vente,"78000,00",36.0,RUE,3500,FAVART D HERBIGNY,51100.0,REIMS,51,454,CV,869,3,2.0,Appartement,45.0,2.0
1883476,11/04/2019,Vente,"215000,00",11.0,PL,3040,DROUET D ERLON,51100.0,REIMS,51,454,IM,93,1,2.0,Appartement,28.0,1.0
1883478,11/04/2019,Vente,"215000,00",11.0,PL,3040,DROUET D ERLON,51100.0,REIMS,51,454,IM,93,1,2.0,Appartement,32.0,1.0
1883491,25/04/2019,Vente,"225000,00",92.0,AV,6730,DE PARIS,51100.0,REIMS,51,454,IO,275,0,2.0,Appartement,54.0,3.0
1883492,25/04/2019,Vente,"225000,00",92.0,AV,6730,DE PARIS,51100.0,REIMS,51,454,IO,275,0,2.0,Appartement,34.0,2.0
1883493,25/04/2019,Vente,"225000,00",92.0,AV,6730,DE PARIS,51100.0,REIMS,51,454,IO,275,0,2.0,Appartement,34.0,2.0
1883497,29/04/2019,Vente,"79000,00",7.0,RUE,5500,DE LA LIBERTE,51100.0,REIMS,51,454,AX,6,3,2.0,Appartement,46.0,2.0
1883503,24/04/2019,Vente en l'état futur d'achèvement,"165000,00",213.0,RUE,6470,DE NEUFCHATEL,51100.0,REIMS,51,454,AH,79,1,2.0,Appartement,66.0,3.0
1883505,03/05/2019,Vente,"158700,00",11.0,BD,7550,ROBESPIERRE,51100.0,REIMS,51,454,AY,366,2,2.0,Appartement,41.0,3.0
1883509,29/04/2019,Vente,"81000,00",36.0,RUE,7610,DES ROMAINS,51100.0,REIMS,51,454,AT,27,1,2.0,Appartement,42.0,2.0
1883513,29/04/2019,Vente,"210500,00",11.0,RUE,5540,LINGUET,51100.0,REIMS,51,454,BE,314,5,2.0,Appartement,90.0,3.0
1883514,29/04/2019,Vente,"82000,00",80.0,RUE,7610,DES ROMAINS,51100.0,REIMS,51,454,AR,284,2,2.0,Appartement,31.0,1.0
1883515,29/04/2019,Vente,"54500,00",12.0,RUE,7610,DES ROMAINS,51100.0,REIMS,51,454,AT,69,1,2.0,Appartement,20.0,1.0
1883552,25/04/2019,Vente,"162000,00",38.0,RUE,8980,VERNOUILLET,51100.0,REIMS,51,454,AT,237,2,2.0,Appartement,99.0,5.0
1883556,06/05/2019,Vente,"51000,00",86.0,AV,6730,DE PARIS,51100.0,REIMS,51,454,IO,367,1,2.0,Appartement,19.0,1.0
1883557,23/04/2019,Vente,"154000,00",17.0,BD,2830,DIEU LUMIERE,51100.0,REIMS,51,454,DM,638,2,2.0,Appartement,81.0,4.0
1883560,29/04/2019,Vente,"64500,00",3.0,RUE,6835,PAUL VERLAINE,51100.0,REIMS,51,454,AD,521,2,2.0,Appartement,30.0,1.0
1883561,29/04/2019,Vente,"428000,00",21.0,PL,1770,DU CHAPITRE,51100.0,REIMS,51,454,CX,31,3,2.0,Appartement,163.0,4.0
1883562,19/04/2019,Vente,"148961,00",52.0,RUE,3280,EMILE ZOLA,51100.0,REIMS,51,454,AW,527,2,2.0,Appartement,83.0,4.0
1883564,29/04/2019,Vente,"355000,00",16.0,RUE,3340,DE L EQUERRE,51100.0,REIMS,51,454,CY,648,2,2.0,Appartement,101.0,4.0
1883570,19/04/2019,Vente,"142000,00",19.0,RUE,1730,CHANTERAINE,51100.0,REIMS,51,454,DM,634,2,2.0,Appartement,89.0,5.0
1883574,10/05/2019,Vente,"81000,00",1.0,RUE,6000,MARTEAU,51100.0,REIMS,51,454,CV,53,1,2.0,Appartement,47.0,2.0
1883577,15/04/2019,Vente,"47500,00",9.0,RUE,7010,PIERRE BROSSOLETTE,51100.0,REIMS,51,454,AR,220,1,2.0,Appartement,20.0,2.0
1883581,26/04/2019,Vente,"65000,00",5.0,BD,2830,DIEU LUMIERE,51100.0,REIMS,51,454,DM,638,2,2.0,Appartement,36.0,1.0
1883586,30/04/2019,Vente,"300000,00",4.0,RUE,0700,DE BELFORT,51100.0,REIMS,51,454,CW,386,0,2.0,Appartement,65.0,3.0
1883588,30/04/2019,Vente,"300000,00",4.0,RUE,0700,DE BELFORT,51100.0,REIMS,51,454,CW,386,0,2.0,Appartement,65.0,3.0
1883589,30/04/2019,Vente,"300000,00",4.0,RUE,0700,DE BELFORT,51100.0,REIMS,51,454,CW,386,0,2.0,Appartement,40.0,2.0
1883591,30/04/2019,Vente,"70000,00",25.0,RUE,2480,DES COUTURES,51100.0,REIMS,51,454,CI,10,2,2.0,Appartement,33.0,1.0
1883592,30/04/2019,Vente,"152000,00",16.0,RUE,0410,DE L ARQUEBUSE,51100.0,REIMS,51,454,IM,326,1,2.0,Appartement,65.0,3.0
1883593,30/04/2019,Vente,"152000,00",16.0,RUE,0410,DE L ARQUEBUSE,51100.0,REIMS,51,454,IM,326,1,2.0,Appartement,36.0,1.0
1883596,18/04/2019,Vente,"112500,00",43.0,BD,2930,DOCTEUR HENRI HENROT,51100.0,REIMS,51,454,DM,383,2,2.0,Appartement,47.0,2.0
1883598,29/04/2019,Vente,"120000,00",7.0,RUE,8580,DES TEMPLIERS,51100.0,REIMS,51,454,BH,346,2,2.0,Appartement,44.0,2.0
1883601,23/04/2019,Vente,"127770,00",250.0,AV,4900,JEAN JAURES,51100.0,REIMS,51,454,CT,390,1,2.0,Appartement,64.0,3.0
1883603,26/04/2019,Vente en l'état futur d'achèvement,"202900,00",,RUE,5891,MARCEL THIL,51100.0,REIMS,51,454,AV,1091,1,2.0,Appartement,54.0,2.0
1883612,29/04/2019,Vente,"295000,00",60.0,RUE,4220,GRANDVAL,51100.0,REIMS,51,454,CL,202,1,2.0,Appartement,104.0,4.0
1883614,24/04/2019,Vente,"125000,00",19.0,BD,4760,JAMIN,51100.0,REIMS,51,454,BI,359,1,2.0,Appartement,59.0,3.0
1883619,29/04/2019,Vente en l'état futur d'achèvement,"299000,00",,RUE,5891,MARCEL THIL,51100.0,REIMS,51,454,AV,1091,1,2.0,Appartement,80.0,3.0
1883622,23/04/2019,Vente,"132000,00",27.0,RUE,6330,DES MOULINS,51100.0,REIMS,51,454,DM,663,2,2.0,Appartement,78.0,4.0
1883626,25/04/2019,Vente,"111800,00",60.0,RUE,6210,DES MOISSONS,51100.0,REIMS,51,454,CK,128,2,2.0,Appartement,35.0,1.0
1883632,19/04/2019,Vente,"263000,00",11.0,RUE,8580,DES TEMPLIERS,51100.0,REIMS,51,454,BH,528,2,2.0,Appartement,94.0,5.0
1883635,09/05/2019,Vente,"158800,00",301.0,AV,5300,DE LAON,51100.0,REIMS,51,454,AN,711,1,2.0,Appartement,89.0,4.0
1883638,24/04/2019,Vente,"79150,00",42.0,RUE,1830,CHARLIER,51100.0,REIMS,51,454,BI,101,1,2.0,Appartement,29.0,2.0
1883647,19/04/2019,Vente,"99000,00",15.0,RUE,0910,DE BEZANNES,51100.0,REIMS,51,454,HW,62,1,2.0,Appartement,30.0,1.0
1883650,19/04/2019,Vente,"99000,00",15.0,RUE,0910,DE BEZANNES,51100.0,REIMS,51,454,HW,62,1,2.0,Appartement,17.0,1.0
1883654,02/05/2019,Vente,"250000,00",55.0,RUE,7160,PONSARDIN,51100.0,REIMS,51,454,CY,97,1,2.0,Appartement,81.0,3.0
1883655,02/05/2019,Vente,"250000,00",55.0,RUE,7160,PONSARDIN,51100.0,REIMS,51,454,CY,97,1,2.0,Appartement,23.0,1.0
1883656,02/05/2019,Vente,"250000,00",55.0,RUE,7160,PONSARDIN,51100.0,REIMS,51,454,CY,97,1,2.0,Appartement,23.0,1.0
1883657,02/05/2019,Vente,"250000,00",55.0,RUE,7160,PONSARDIN,51100.0,REIMS,51,454,CY,97,2,2.0,Appartement,23.0,1.0
1883658,02/05/2019,Vente,"250000,00",55.0,RUE,7160,PONSARDIN,51100.0,REIMS,51,454,CY,97,1,2.0,Appartement,81.0,3.0
1883659,02/05/2019,Vente,"250000,00",55.0,RUE,7160,PONSARDIN,51100.0,REIMS,51,454,CY,97,1,2.0,Appartement,43.0,2.0
1883660,02/05/2019,Vente,"250000,00",55.0,RUE,7160,PONSARDIN,51100.0,REIMS,51,454,CY,97,1,2.0,Appartement,14.0,1.0
1883662,10/05/2019,Vente,"83700,00",121.0,RUE,3850,GAMBETTA,51100.0,REIMS,51,454,CY,285,1,2.0,Appartement,32.0,1.0
1883663,26/04/2019,Vente,"104500,00",19.0,AV,3320,D EPERNAY,51100.0,REIMS,51,454,DP,460,2,2.0,Appartement,54.0,2.0
1883665,25/04/2019,Vente,"195000,00",21.0,CRS,4850,J B LANGLET,51100.0,REIMS,51,454,IL,259,2,2.0,Appartement,99.0,4.0
1883666,17/04/2019,Vente,"115000,00",4.0,BD,6955,DES PHENICIENS,51100.0,REIMS,51,454,EV,594,2,2.0,Appartement,68.0,3.0
1883667,25/04/2019,Vente,"101000,00",21.0,ALL,1725,CH NICOLAS ROLAND,51100.0,REIMS,51,454,DM,458,2,2.0,Appartement,70.0,3.0
1883671,10/05/2019,Vente,"115500,00",3.0,RUE,1640,DU CHALET,51100.0,REIMS,51,454,BK,328,1,2.0,Appartement,58.0,2.0
1883686,20/04/2019,Vente,"60000,00",2.0,RUE,6870,PEPERSACK,51100.0,REIMS,51,454,CL,690,1,2.0,Appartement,37.0,2.0
1883691,10/05/2019,Vente,"144200,00",58.0,AV,3320,D EPERNAY,51100.0,REIMS,51,454,HW,50,2,2.0,Appartement,103.0,4.0
1883715,26/04/2019,Vente en l'état futur d'achèvement,"241706,00",78.0,AV,1809,CHARLES FANDRE,51100.0,REIMS,51,454,CT,607,1,2.0,Appartement,82.0,3.0
1883723,10/05/2019,Vente,"120000,00",105.0,RUE,5340,LECOINTRE,51100.0,REIMS,51,454,AN,199,2,2.0,Appartement,67.0,3.0
1883728,29/04/2019,Vente,"236400,00",56.0,RUE,8320,DE SILLERY,51100.0,REIMS,51,454,CI,132,1,2.0,Appartement,67.0,3.0
1883733,29/04/2019,Vente,"259000,00",4.0,RUE,1610,CESAR POULAIN,51100.0,REIMS,51,454,CW,555,4,2.0,Appartement,135.0,4.0
1883736,29/04/2019,Vente,"66000,00",55.0,RUE,7790,DE ST BRICE,51100.0,REIMS,51,454,AS,50,1,2.0,Appartement,30.0,1.0
1883755,03/05/2019,Vente,"135000,00",44.0,RUE,6480,DE LA NEUVILLETTE,51100.0,REIMS,51,454,AX,340,2,2.0,Appartement,82.0,3.0
1883757,30/04/2019,Vente,"180000,00",11.0,RUE,5260,LAMOUCHE,51100.0,REIMS,51,454,AV,887,1,2.0,Appartement,82.0,3.0
1883769,03/05/2019,Vente,"129000,00",249.0,RUE,2440,DE COURLANCY,51100.0,REIMS,51,454,DN,217,2,2.0,Appartement,68.0,4.0
1883770,02/05/2019,Vente,"125000,00",7.0,RUE,3660,DU FOND PATE,51100.0,REIMS,51,454,AE,62,2,2.0,Appartement,79.0,3.0
1883771,13/05/2019,Vente,"484460,00",14.0,RUE,8700,DE LA TIRELIRE,51100.0,REIMS,51,454,IL,461,2,2.0,Appartement,154.0,7.0
1883782,02/05/2019,Vente,"105000,00",6.0,AV,3455,DE L EUROPE,51100.0,REIMS,51,454,CM,118,2,2.0,Appartement,90.0,4.0
1883783,03/05/2019,Vente,"118800,00",24.0,RUE,7280,PRESIDENT F ROOSEVELT,51100.0,REIMS,51,454,AT,77,3,2.0,Appartement,58.0,3.0
1883786,03/05/2019,Vente,"80348,00",10.0,RUE,6130,MENNESSON TONNELIER,51100.0,REIMS,51,454,AW,260,2,2.0,Appartement,37.0,1.0
1883788,26/04/2019,Vente en l'état futur d'achèvement,"143220,00",33.0,RUE,6920,PETIT DELBOURG,51100.0,REIMS,51,454,CL,579,1,2.0,Appartement,38.0,2.0
1883799,02/05/2019,Vente en l'état futur d'achèvement,"162900,00",33.0,RUE,6920,PETIT DELBOURG,51100.0,REIMS,51,454,CL,579,1,2.0,Appartement,45.0,2.0
1883807,24/04/2019,Vente,"166700,00",19.0,BD,0710,DES BELGES,51100.0,REIMS,51,454,AM,89,1,2.0,Appartement,84.0,4.0
1883810,13/05/2019,Vente,"163000,00",8.0,ALL,3777,FRANCOIS RABELAIS,51100.0,REIMS,51,454,EX,137,1,2.0,Appartement,101.0,5.0
1883817,09/05/2019,Vente,"68000,00",6.0,RUE,3270,EMILE SENART,51100.0,REIMS,51,454,AY,255,2,2.0,Appartement,59.0,4.0
1883820,16/05/2019,Vente,"87454,00",96.0,AV,3320,D EPERNAY,51100.0,REIMS,51,454,HW,387,2,2.0,Appartement,38.0,1.0
1883835,23/04/2019,Vente,"201000,00",7.0,RUE,4690,IRENEE LELIEVRE,51100.0,REIMS,51,454,HZ,9,1,2.0,Appartement,80.0,3.0
1883838,14/05/2019,Vente,"85000,00",16.0,RUE,2192,COMMANDANT ARNAUD,51100.0,REIMS,51,454,AL,419,3,2.0,Appartement,71.0,3.0
1883842,29/04/2019,Vente,"133400,00",85.0,RUE,2290,COQUEBERT,51100.0,REIMS,51,454,BI,824,1,2.0,Appartement,72.0,3.0
1883844,16/05/2019,Vente,"67000,00",193.0,AV,5300,DE LAON,51100.0,REIMS,51,454,AV,25,2,2.0,Appartement,35.0,1.0
1883850,06/05/2019,Vente,"130000,00",38.0,ALL,4337,GUY DE MAUPASSANT,51100.0,REIMS,51,454,HK,1287,1,2.0,Appartement,56.0,2.0
1883854,03/05/2019,Vente en l'état futur d'achèvement,"169479,00",,RUE,4220,GRANDVAL,51100.0,REIMS,51,454,CL,989,1,2.0,Appartement,43.0,2.0
1883875,15/05/2019,Vente,"57500,00",23.0,RUE,5019,JOLIOT CURIE,51100.0,REIMS,51,454,KT,184,2,2.0,Appartement,53.0,2.0
1883876,06/05/2019,Vente,"178000,00",118.0,RUE,6230,DU MONT D ARENE,51100.0,REIMS,51,454,AR,355,2,2.0,Appartement,95.0,3.0
1883877,26/04/2019,Vente,"155000,00",86.0,RUE,4150,GOSSET,51100.0,REIMS,51,454,BC,153,1,2.0,Appartement,76.0,3.0
1883879,16/05/2019,Vente,"121600,00",137.0,BD,7140,POMMERY,51100.0,REIMS,51,454,CI,65,2,2.0,Appartement,57.0,2.0
1883887,24/04/2019,Vente,"167000,00",5.0,RUE,1590,DE CERNAY,51100.0,REIMS,51,454,CW,76,2,2.0,Appartement,73.0,3.0
1883890,09/05/2019,Vente,"60000,00",21.0,RUE,1590,DE CERNAY,51100.0,REIMS,51,454,CW,124,1,2.0,Appartement,24.0,1.0
1883895,26/04/2019,Vente en l'état futur d'achèvement,"200000,00",1.0,AV,1809,CHARLES FANDRE,51100.0,REIMS,51,454,CT,610,1,2.0,Appartement,78.0,4.0
1883901,14/05/2019,Vente,"196000,00",136.0,BD,7140,POMMERY,51100.0,REIMS,51,454,CL,509,2,2.0,Appartement,73.0,3.0
1883902,14/05/2019,Vente,"196000,00",136.0,BD,7140,POMMERY,51100.0,REIMS,51,454,CL,509,2,2.0,Appartement,58.0,3.0
1883903,15/05/2019,Vente,"83000,00",276.0,BD,7140,POMMERY,51100.0,REIMS,51,454,CI,121,2,2.0,Appartement,82.0,3.0
1883904,16/05/2019,Vente,"157550,00",8.0,RUE,8320,DE SILLERY,51100.0,REIMS,51,454,CI,146,1,2.0,Appartement,66.0,3.0
1883905,06/05/2019,Vente,"320000,00",3.0,IMP,5470,DU LEVANT,51100.0,REIMS,51,454,CX,554,2,2.0,Appartement,133.0,3.0
1883911,03/05/2019,Vente,"97500,00",65.0,RUE,1550,CERES,51100.0,REIMS,51,454,BE,55,1,2.0,Appartement,28.0,2.0
1883912,03/05/2019,Vente,"97500,00",65.0,RUE,1550,CERES,51100.0,REIMS,51,454,BE,55,1,2.0,Appartement,47.0,3.0
1883917,03/05/2019,Vente,"517000,00",4.0,RUE,7100,DES POISSONNIERS,51100.0,REIMS,51,454,IM,163,0,2.0,Appartement,50.0,3.0
1883918,03/05/2019,Vente,"517000,00",4.0,RUE,7100,DES POISSONNIERS,51100.0,REIMS,51,454,IM,163,0,2.0,Appartement,50.0,3.0
1883919,03/05/2019,Vente,"517000,00",4.0,RUE,7100,DES POISSONNIERS,51100.0,REIMS,51,454,IM,163,0,2.0,Appartement,50.0,3.0
1883921,03/05/2019,Vente,"517000,00",4.0,RUE,7100,DES POISSONNIERS,51100.0,REIMS,51,454,IM,163,0,2.0,Appartement,43.0,1.0
1883922,27/04/2019,Vente,"112000,00",70.0,AV,6730,DE PARIS,51100.0,REIMS,51,454,IO,364,1,2.0,Appartement,33.0,1.0
1883923,27/04/2019,Vente,"112000,00",70.0,AV,6730,DE PARIS,51100.0,REIMS,51,454,IO,364,1,2.0,Appartement,17.0,1.0
1883924,07/05/2019,Vente en l'état futur d'achèvement,"169500,00",49.0,BD,2650,DAUPHINOT,51100.0,REIMS,51,454,CT,610,1,2.0,Appartement,62.0,3.0
1883928,30/04/2019,Vente,"224500,00",1.0,AV,4010,GEORGES CLEMENCEAU,51100.0,REIMS,51,454,CK,312,1,2.0,Appartement,103.0,5.0
1883931,03/05/2019,Vente,"174500,00",62.0,RUE,3990,GEORGES BOUSSINESQ,51100.0,REIMS,51,454,CL,35,2,2.0,Appartement,87.0,4.0
1883939,10/05/2019,Echange,"240224,00",37.0,RUE,8900,DE L UNIVERSITE,51100.0,REIMS,51,454,CX,581,2,2.0,Appartement,93.0,3.0
1883943,30/04/2019,Vente en l'état futur d'achèvement,"209000,00",,RUE,6490,DE NICE,51100.0,REIMS,51,454,CR,94,1,2.0,Appartement,94.0,4.0
1883946,06/05/2019,Vente en l'état futur d'achèvement,"175500,00",,RUE,5891,MARCEL THIL,51100.0,REIMS,51,454,AV,1091,1,2.0,Appartement,49.0,2.0
1883958,30/04/2019,Vente,"213000,00",57.0,AV,4900,JEAN JAURES,51100.0,REIMS,51,454,BH,208,2,2.0,Appartement,65.0,3.0
1883959,07/05/2019,Vente,"97500,00",14.0,RUE,7890,ST JEAN CESAREE,51100.0,REIMS,51,454,CZ,630,1,2.0,Appartement,45.0,2.0
1883965,15/05/2019,Vente,"47020,00",16.0,RUE,7010,PIERRE BROSSOLETTE,51100.0,REIMS,51,454,AV,857,1,2.0,Appartement,18.0,1.0
1883966,10/05/2019,Vente,"132000,00",65.0,AV,4900,JEAN JAURES,51100.0,REIMS,51,454,BI,385,1,2.0,Appartement,30.0,1.0
1883967,10/05/2019,Vente,"132000,00",65.0,AV,4900,JEAN JAURES,51100.0,REIMS,51,454,BI,385,1,2.0,Appartement,30.0,1.0
1883969,06/05/2019,Vente,"62000,00",12.0,BD,2830,DIEU LUMIERE,51100.0,REIMS,51,454,DK,269,2,2.0,Appartement,33.0,1.0
1883972,13/05/2019,Vente en l'état futur d'achèvement,"169500,00",32.0,RUE,8270,DE SEBASTOPOL,51100.0,REIMS,51,454,BK,356,1,2.0,Appartement,42.0,2.0
1883974,30/04/2019,Vente,"59800,00",14.0,RUE,5650,DE LOUVOIS,51100.0,REIMS,51,454,DV,672,1,2.0,Appartement,29.0,2.0
1883977,09/05/2019,Vente,"30900,00",15.0,BD,1510,CARTERET,51100.0,REIMS,51,454,CV,841,1,2.0,Appartement,10.0,1.0
1883986,30/04/2019,Vente,"80000,00",31.0,CHS,7970,SAINT MARTIN,51100.0,REIMS,51,454,DN,217,2,2.0,Appartement,55.0,3.0
1883991,07/05/2019,Vente,"100000,00",25.0,RUE,6830,P VAILLANT COUTURIER,51100.0,REIMS,51,454,AV,228,1,2.0,Appartement,18.0,2.0
1883992,07/05/2019,Vente,"100000,00",25.0,RUE,6830,P VAILLANT COUTURIER,51100.0,REIMS,51,454,AV,228,1,2.0,Appartement,16.0,1.0
1883993,15/05/2019,Vente,"108500,00",3.0,RUE,4620,HOUZEAU MUIRON,51100.0,REIMS,51,454,CW,554,1,2.0,Appartement,42.0,1.0
1883995,26/04/2019,Vente,"119900,00",3.0,RUE,9100,VIELLART,51100.0,REIMS,51,454,CV,34,2,2.0,Appartement,68.0,3.0
1883996,25/04/2019,Vente,"147800,00",135.0,BD,7140,POMMERY,51100.0,REIMS,51,454,CI,65,2,2.0,Appartement,79.0,3.0
1883997,10/05/2019,Vente,"105500,00",6.0,RUE,5340,LECOINTRE,51100.0,REIMS,51,454,AV,194,2,2.0,Appartement,52.0,3.0
1883998,10/05/2019,Vente,"62000,00",60.0,PL,3040,DROUET D ERLON,51100.0,REIMS,51,454,IL,337,2,2.0,Appartement,22.0,1.0
1883999,26/04/2019,Vente,"48000,00",9.0,RUE,2500,DES CRENEAUX,51100.0,REIMS,51,454,CZ,297,1,2.0,Appartement,20.0,1.0
1884007,03/05/2019,Vente,"72000,00",27.0,RUE,0550,BACQUENOIS,51100.0,REIMS,51,454,IM,259,2,2.0,Appartement,25.0,2.0
1884010,02/05/2019,Vente,"150500,00",29.0,BD,7960,ST MARCEAUX,51100.0,REIMS,51,454,CK,312,1,2.0,Appartement,74.0,3.0
1884011,14/05/2019,Vente,"228000,00",62.0,RUE,3990,GEORGES BOUSSINESQ,51100.0,REIMS,51,454,CL,35,2,2.0,Appartement,85.0,4.0
1884019,30/04/2019,Vente,"340000,00",32.0,RUE,8980,VERNOUILLET,51100.0,REIMS,51,454,AT,239,2,2.0,Appartement,47.0,3.0
1884020,30/04/2019,Vente,"340000,00",32.0,RUE,8980,VERNOUILLET,51100.0,REIMS,51,454,AT,239,2,2.0,Appartement,39.0,2.0
1884021,30/04/2019,Vente,"340000,00",32.0,RUE,8980,VERNOUILLET,51100.0,REIMS,51,454,AT,239,2,2.0,Appartement,38.0,2.0
1884022,30/04/2019,Vente,"340000,00",32.0,RUE,8980,VERNOUILLET,51100.0,REIMS,51,454,AT,239,2,2.0,Appartement,38.0,2.0
1884023,30/04/2019,Vente,"340000,00",32.0,RUE,8980,VERNOUILLET,51100.0,REIMS,51,454,AT,239,2,2.0,Appartement,39.0,2.0
1884024,07/05/2019,Vente,"120000,00",18.0,AV,4900,JEAN JAURES,51100.0,REIMS,51,454,CW,638,2,2.0,Appartement,58.0,2.0
1884026,23/05/2019,Vente,"75000,00",80.0,RUE,6330,DES MOULINS,51100.0,REIMS,51,454,CY,617,2,2.0,Appartement,28.0,1.0
1884030,07/05/2019,Vente,"266000,00",26.0,RUE,9220,VOLTAIRE,51100.0,REIMS,51,454,CX,163,2,2.0,Appartement,121.0,5.0
1884032,22/05/2019,Vente,"88000,00",65.0,BD,2930,DOCTEUR HENRI HENROT,51100.0,REIMS,51,454,DM,458,2,2.0,Appartement,67.0,3.0
1884033,04/05/2019,Vente,"96000,00",27.0,RUE,0200,D ALSACE LORRAINE,51100.0,REIMS,51,454,CT,392,2,2.0,Appartement,70.0,3.0
1884043,22/05/2019,Vente,"61500,00",36.0,RUE,2080,CLOVIS CHEZEL,51100.0,REIMS,51,454,DN,549,1,2.0,Appartement,26.0,1.0
1884046,06/05/2019,Vente,"140000,00",112.0,AV,4900,JEAN JAURES,51100.0,REIMS,51,454,CW,297,1,2.0,Appartement,76.0,3.0
1884050,07/05/2019,Vente,"73500,00",4.0,ALL,2003,CLAUDE MONET,51100.0,REIMS,51,454,DK,198,1,2.0,Appartement,48.0,2.0
1884056,16/05/2019,Vente,"195000,00",71.0,BD,3950,DU GENERAL LECLERC,51100.0,REIMS,51,454,IM,333,1,2.0,Appartement,60.0,4.0
1884063,26/04/2019,Vente,"80000,00",21.0,RUE,5019,JOLIOT CURIE,51100.0,REIMS,51,454,KT,290,2,2.0,Appartement,53.0,2.0
1884071,21/05/2019,Vente,"55000,00",7.0,RUE,2975,DR LUCIEN BETTINGER,51100.0,REIMS,51,454,AE,283,2,2.0,Appartement,59.0,3.0
1884074,10/05/2019,Vente,"92000,00",11.0,RUE,6210,DES MOISSONS,51100.0,REIMS,51,454,CW,637,1,2.0,Appartement,28.0,1.0
1884080,13/05/2019,Vente,"143000,00",76.0,RUE,8950,DE VENISE,51100.0,REIMS,51,454,IK,329,2,2.0,Appartement,54.0,2.0
1884082,17/05/2019,Vente,"274500,00",31.0,RUE,7040,PIERRET,51100.0,REIMS,51,454,AW,506,0,2.0,Appartement,23.0,1.0
1884083,17/05/2019,Vente,"274500,00",31.0,RUE,7040,PIERRET,51100.0,REIMS,51,454,AW,506,0,2.0,Appartement,22.0,1.0
1884084,17/05/2019,Vente,"274500,00",31.0,RUE,7040,PIERRET,51100.0,REIMS,51,454,AW,506,0,2.0,Appartement,20.0,1.0
1884085,17/05/2019,Vente,"274500,00",31.0,RUE,7040,PIERRET,51100.0,REIMS,51,454,AW,506,0,2.0,Appartement,25.0,1.0
1884086,17/05/2019,Vente,"274500,00",31.0,RUE,7040,PIERRET,51100.0,REIMS,51,454,AW,506,0,2.0,Appartement,23.0,1.0
1884087,17/05/2019,Vente,"274500,00",31.0,RUE,7040,PIERRET,51100.0,REIMS,51,454,AW,506,0,2.0,Appartement,10.0,1.0
1884091,22/05/2019,Vente,"126000,00",9.0,BD,2830,DIEU LUMIERE,51100.0,REIMS,51,454,DM,638,2,2.0,Appartement,70.0,3.0
1884093,30/04/2019,Vente,"165000,00",33.0,CRS,4850,J B LANGLET,51100.0,REIMS,51,454,IL,264,1,2.0,Appartement,55.0,3.0
1884106,16/05/2019,Vente,"224000,00",47.0,RUE,8560,DES TELLIERS,51100.0,REIMS,51,454,IL,293,3,2.0,Appartement,80.0,4.0
1884114,21/05/2019,Vente,"98200,00",10.0,RUE,2480,DES COUTURES,51100.0,REIMS,51,454,CK,60,2,2.0,Appartement,46.0,2.0
1884121,16/05/2019,Vente,"170000,00",118.0,RUE,3850,GAMBETTA,51100.0,REIMS,51,454,DM,632,2,2.0,Appartement,70.0,4.0
1884122,13/05/2019,Vente,"153000,00",7.0,ESP,7433,REMI PELLOT,51100.0,REIMS,51,454,AN,169,1,2.0,Appartement,72.0,3.0
1884126,14/05/2019,Vente,"66000,00",5.0,RUE,5895,MARECHAL GALLIENI,51100.0,REIMS,51,454,AH,412,2,2.0,Appartement,69.0,4.0
1884130,10/05/2019,Vente,"69000,00",55.0,RUE,7790,DE ST BRICE,51100.0,REIMS,51,454,AS,50,1,2.0,Appartement,31.0,1.0
1884132,14/05/2019,Vente,"158400,00",10.0,RUE,0846,RUE BERTRAND DE VOGUE,51100.0,REIMS,51,454,DK,238,1,2.0,Appartement,83.0,4.0
1884134,23/05/2019,Vente,"86000,00",39.0,RUE,6940,PETIT HUTIN,51100.0,REIMS,51,454,CL,429,3,2.0,Appartement,48.0,2.0
1884135,22/05/2019,Vente,"76000,00",25.0,RUE,8500,DE TALLEYRAND,51100.0,REIMS,51,454,IL,229,1,2.0,Appartement,26.0,1.0
1884155,09/05/2019,Vente,"72000,00",15.0,RUE,4035,GERARD PHILIPE,51100.0,REIMS,51,454,CI,43,1,2.0,Appartement,30.0,2.0
1884157,23/05/2019,Vente,"50000,00",34.0,RUE,6160,DE METZ,51100.0,REIMS,51,454,CV,521,2,2.0,Appartement,29.0,1.0
1884163,09/05/2019,Vente,"80000,00",6.0,RUE,6760,PAUL ADAM,51100.0,REIMS,51,454,IK,228,2,2.0,Appartement,40.0,2.0
1884179,22/05/2019,Vente,"182300,00",11.0,RUE,4867,JEAN DE LA BRUYERE,51100.0,REIMS,51,454,EX,121,1,2.0,Appartement,99.0,5.0
1884182,24/05/2019,Vente,"120000,00",16.0,RUE,8480,DE TAISSY,51100.0,REIMS,51,454,DK,234,2,2.0,Appartement,69.0,4.0
1884192,25/05/2019,Vente,"89000,00",86.0,RUE,4150,GOSSET,51100.0,REIMS,51,454,BC,153,2,2.0,Appartement,40.0,2.0
1884193,04/05/2019,Vente,"90000,00",56.0,RUE,3000,DOCTEUR THOMAS,51100.0,REIMS,51,454,AW,279,1,2.0,Appartement,39.0,2.0
1884194,21/05/2019,Vente,"114000,00",4.0,RUE,8150,STE BALSAMIE,51100.0,REIMS,51,454,CZ,197,0,2.0,Appartement,52.0,3.0
1884195,21/05/2019,Vente,"114000,00",4.0,RUE,8150,STE BALSAMIE,51100.0,REIMS,51,454,CZ,197,0,2.0,Appartement,52.0,3.0
1884196,09/05/2019,Vente,"213000,00",32.0,RUE,7026,PIERRE DE MARIVAUX,51100.0,REIMS,51,454,EX,502,1,2.0,Appartement,114.0,5.0
1884202,02/05/2019,Vente,"65700,00",17.0,RUE,2560,CROIX ST MARC,51100.0,REIMS,51,454,CV,1015,1,2.0,Appartement,26.0,1.0
1884219,29/05/2019,Vente,"94000,00",44.0,RUE,8980,VERNOUILLET,51100.0,REIMS,51,454,AT,233,2,2.0,Appartement,58.0,3.0
1884223,29/05/2019,Vente,"49000,00",5.0,,3915,GPE GENERAL EISENHOWER,51100.0,REIMS,51,454,HS,216,1,2.0,Appartement,42.0,2.0
1884224,29/05/2019,Vente,"49000,00",5.0,,3915,GPE GENERAL EISENHOWER,51100.0,REIMS,51,454,HS,216,1,2.0,Appartement,86.0,4.0
1884225,22/05/2019,Vente,"93000,00",35.0,RUE,6010,MARTIN PELLER,51100.0,REIMS,51,454,HX,545,2,2.0,Appartement,47.0,2.0
1884227,22/05/2019,Vente,"52200,00",20.0,RUE,2975,DR LUCIEN BETTINGER,51100.0,REIMS,51,454,AE,262,2,2.0,Appartement,31.0,1.0
1884228,20/05/2019,Vente,"85000,00",61.0,RUE,6940,PETIT HUTIN,51100.0,REIMS,51,454,CL,398,2,2.0,Appartement,33.0,2.0
1884229,22/05/2019,Vente,"154000,00",78.0,AV,4010,GEORGES CLEMENCEAU,51100.0,REIMS,51,454,CL,690,2,2.0,Appartement,77.0,4.0
1884242,16/05/2019,Vente,"225000,00",31.0,RUE,3150,DE L ECU,51100.0,REIMS,51,454,CW,639,4,2.0,Appartement,78.0,3.0
1884244,16/05/2019,Vente,"82500,00",15.0,AV,3320,D EPERNAY,51100.0,REIMS,51,454,DP,459,1,2.0,Appartement,34.0,1.0
1884245,20/05/2019,Vente,"145000,00",1.0,RUE,5770,MACQUART,51100.0,REIMS,51,454,BH,65,1,2.0,Appartement,63.0,2.0
1884248,22/05/2019,Vente,"128500,00",4.0,RUE,6830,P VAILLANT COUTURIER,51100.0,REIMS,51,454,AV,258,2,2.0,Appartement,67.0,3.0
1884255,20/05/2019,Vente,"59900,00",27.0,RUE,5440,LEOPOLD CHARPENTIER,51100.0,REIMS,51,454,AE,262,2,2.0,Appartement,31.0,1.0
1884257,22/05/2019,Vente,"80000,00",12.0,RUE,8950,DE VENISE,51100.0,REIMS,51,454,IK,1335,1,2.0,Appartement,32.0,1.0
1884258,22/05/2019,Vente en l'état futur d'achèvement,"471000,00",,IMP,5470,DU LEVANT,51100.0,REIMS,51,454,CX,495,1,2.0,Appartement,110.0,4.0
1884263,21/05/2019,Vente,"113350,00",11.0,BD,2830,DIEU LUMIERE,51100.0,REIMS,51,454,DM,638,2,2.0,Appartement,47.0,2.0
1884268,17/05/2019,Vente,"99000,00",5.0,ALL,2003,CLAUDE MONET,51100.0,REIMS,51,454,DK,198,1,2.0,Appartement,62.0,3.0
1884270,16/05/2019,Vente,"167500,00",15.0,RUE,0264,ANDRE CAURAS,51100.0,REIMS,51,454,AN,169,1,2.0,Appartement,90.0,4.0
1884276,21/05/2019,Vente,"85000,00",2.0,ALL,2003,CLAUDE MONET,51100.0,REIMS,51,454,DK,198,1,2.0,Appartement,48.0,2.0
1884279,20/05/2019,Vente,"75000,00",12.0,RUE,8950,DE VENISE,51100.0,REIMS,51,454,IK,1335,1,2.0,Appartement,30.0,1.0
1884281,15/05/2019,Vente en l'état futur d'achèvement,"181000,00",,RUE,6490,DE NICE,51100.0,REIMS,51,454,CR,94,1,2.0,Appartement,68.0,3.0
1884284,15/05/2019,Vente en l'état futur d'achèvement,"170000,00",,RUE,6490,DE NICE,51100.0,REIMS,51,454,CR,94,1,2.0,Appartement,69.0,3.0
1884286,16/05/2019,Vente,"39270,00",32.0,RUE,6160,DE METZ,51100.0,REIMS,51,454,CV,520,1,2.0,Appartement,16.0,1.0
1884287,29/05/2019,Vente,"68000,00",52.0,RUE,2570,CROUTELLE,51100.0,REIMS,51,454,AV,105,2,2.0,Appartement,31.0,2.0
1884288,29/05/2019,Vente,"55500,00",9.0,RUE,2975,DR LUCIEN BETTINGER,51100.0,REIMS,51,454,AE,283,2,2.0,Appartement,61.0,3.0
1884339,29/05/2019,Vente,"72500,00",18.0,RUE,2590,D ESTIENNE D ORVES,51100.0,REIMS,51,454,DV,731,1,2.0,Appartement,23.0,1.0
1884343,23/05/2019,Vente,"125000,00",9.0,RUE,7420,REIMBEAU,51100.0,REIMS,51,454,AX,63,1,2.0,Appartement,45.0,2.0
1884344,23/05/2019,Vente,"125000,00",9.0,RUE,7420,REIMBEAU,51100.0,REIMS,51,454,AX,63,1,2.0,Appartement,38.0,3.0
1884345,20/05/2019,Vente,"136000,00",11.0,RUE,0175,ALPHONSE DAUDET,51100.0,REIMS,51,454,HV,978,2,2.0,Appartement,93.0,5.0
1884349,20/05/2019,Vente,"98500,00",6.0,RUE,7610,DES ROMAINS,51100.0,REIMS,51,454,AT,72,1,2.0,Appartement,48.0,2.0
1884350,20/05/2019,Vente,"166000,00",133.0,BD,7140,POMMERY,51100.0,REIMS,51,454,CI,65,2,2.0,Appartement,89.0,4.0
1884360,03/06/2019,Vente,"68000,00",77.0,RUE,6420,NARCISSE BRUNETTE,51100.0,REIMS,51,454,DT,227,2,2.0,Appartement,67.0,4.0
1884368,15/05/2019,Vente,"70000,00",25.0,RUE,8500,DE TALLEYRAND,51100.0,REIMS,51,454,IL,229,1,2.0,Appartement,23.0,1.0
1884375,20/05/2019,Vente,"150800,00",29.0,BD,7960,ST MARCEAUX,51100.0,REIMS,51,454,CK,312,1,2.0,Appartement,79.0,4.0
1884376,20/05/2019,Vente,"150800,00",29.0,BD,7960,ST MARCEAUX,51100.0,REIMS,51,454,CK,312,1,2.0,Appartement,79.0,3.0
1884377,01/06/2019,Vente,"87200,00",25.0,RUE,6010,MARTIN PELLER,51100.0,REIMS,51,454,HX,73,2,2.0,Appartement,47.0,2.0
1884378,24/05/2019,Echange,"1500,00",21.0,RUE,8500,DE TALLEYRAND,51100.0,REIMS,51,454,IL,230,1,2.0,Appartement,73.0,2.0
1884381,31/05/2019,Vente,"55000,00",1.0,RUE,2860,DOCTEUR BIENFAIT,51100.0,REIMS,51,454,IO,217,1,2.0,Appartement,21.0,1.0
1884382,10/01/2019,Adjudication,"24000,00",9.0,RUE,7010,PIERRE BROSSOLETTE,51100.0,REIMS,51,454,AR,220,1,2.0,Appartement,11.0,1.0
1884385,22/05/2019,Vente,"130000,00",15.0,RUE,2760,DESBUREAUX,51100.0,REIMS,51,454,AL,419,2,2.0,Appartement,103.0,5.0
1884391,22/05/2019,Vente,"182900,00",29.0,BD,7960,ST MARCEAUX,51100.0,REIMS,51,454,CK,312,1,2.0,Appartement,94.0,5.0
1884399,10/05/2019,Vente,"570000,00",20.0,RUE,8080,ST SYMPHORIEN,51100.0,REIMS,51,454,CX,233,2,2.0,Appartement,80.0,3.0
1884400,10/05/2019,Vente,"570000,00",20.0,RUE,8080,ST SYMPHORIEN,51100.0,REIMS,51,454,CX,233,2,2.0,Appartement,100.0,3.0
1884402,07/05/2019,Vente,"120000,00",138.0,BD,7960,ST MARCEAUX,51100.0,REIMS,51,454,CK,157,5,2.0,Appartement,82.0,4.0
1884412,09/05/2019,Vente,"480000,00",38.0,RUE,0600,DU BARBATRE,51100.0,REIMS,51,454,CY,219,0,2.0,Appartement,110.0,6.0
1884413,09/05/2019,Vente,"480000,00",38.0,RUE,0600,DU BARBATRE,51100.0,REIMS,51,454,CY,219,0,2.0,Appartement,48.0,3.0
1884415,24/05/2019,Vente,"105750,00",16.0,RUE,2480,DES COUTURES,51100.0,REIMS,51,454,CK,232,2,2.0,Appartement,50.0,2.0
1884421,28/05/2019,Vente,"12000,00",36.0,RUE,2480,DES COUTURES,51100.0,REIMS,51,454,CI,77,1,2.0,Appartement,47.0,2.0
1884429,29/05/2019,Vente,"220000,00",11.0,BD,7550,ROBESPIERRE,51100.0,REIMS,51,454,AY,366,2,2.0,Appartement,95.0,3.0
1884431,24/05/2019,Vente,"102500,00",17.0,RUE,4100,DES GOBELINS,51100.0,REIMS,51,454,CV,981,1,2.0,Appartement,60.0,2.0
1884434,20/05/2019,Vente,"383000,00",19.0,RUE,1360,CAMILLE LENOIR,51100.0,REIMS,51,454,BH,532,3,2.0,Appartement,163.0,5.0
1884435,21/05/2019,Vente en l'état futur d'achèvement,"218500,00",78.0,AV,1809,CHARLES FANDRE,51100.0,REIMS,51,454,CT,607,1,2.0,Appartement,87.0,4.0
1884438,27/05/2019,Vente,"77000,00",1.0,RUE,8290,16E ET 22E DRAGONS,51100.0,REIMS,51,454,CK,17,1,2.0,Appartement,31.0,1.0
1884444,23/05/2019,Vente,"115500,00",100.0,RUE,3280,EMILE ZOLA,51100.0,REIMS,51,454,AX,266,1,2.0,Appartement,55.0,3.0
1884445,29/05/2019,Vente,"210000,00",13.0,PL,7690,ROYALE,51100.0,REIMS,51,454,BE,470,2,2.0,Appartement,45.0,3.0
1884453,17/05/2019,Vente,"103989,70",16.0,RUE,2192,COMMANDANT ARNAUD,51100.0,REIMS,51,454,AL,419,3,2.0,Appartement,71.0,3.0
1884458,28/05/2019,Vente,"59300,00",41.0,BD,4760,JAMIN,51100.0,REIMS,51,454,BI,343,1,2.0,Appartement,23.0,1.0
1884462,10/05/2019,Vente,"113000,00",6.0,RUE,1720,DU CHANOINE LALLEMENT,51100.0,REIMS,51,454,DT,174,1,2.0,Appartement,49.0,2.0
1884465,05/04/2019,Vente,"90250,00",60.0,RUE,2080,CLOVIS CHEZEL,51100.0,REIMS,51,454,DN,444,1,2.0,Appartement,45.0,2.0
1884467,17/05/2019,Vente,"102000,00",26.0,RUE,3090,DURUY,51100.0,REIMS,51,454,AW,8,1,2.0,Appartement,21.0,1.0
1884468,17/05/2019,Vente,"102000,00",26.0,RUE,3090,DURUY,51100.0,REIMS,51,454,AW,8,1,2.0,Appartement,17.0,1.0
1884469,17/05/2019,Vente,"102000,00",26.0,RUE,3090,DURUY,51100.0,REIMS,51,454,AW,8,1,2.0,Appartement,21.0,2.0
1884476,29/05/2019,Vente,"174000,00",17.0,RUE,1110,BOULARD,51100.0,REIMS,51,454,IK,426,1,2.0,Appartement,67.0,3.0
1884503,27/05/2019,Vente,"105000,00",27.0,RUE,3770,FRANCOIS DOR,51100.0,REIMS,51,454,HW,390,1,2.0,Appartement,39.0,2.0
1884509,18/05/2019,Vente,"127800,00",32.0,RUE,5250,LAGRIVE,51100.0,REIMS,51,454,CK,318,2,2.0,Appartement,60.0,2.0
1884511,29/05/2019,Vente,"158060,00",13.0,RUE,2760,DESBUREAUX,51100.0,REIMS,51,454,AL,419,2,2.0,Appartement,103.0,5.0
1884512,29/05/2019,Vente,"136000,00",3.0,RUE,5510,LIEUTENANT HERDUIN,51100.0,REIMS,51,454,CY,700,2,2.0,Appartement,60.0,3.0
1884527,16/05/2019,Vente,"144500,00",22.0,CHS,0980,BOCQUAINE,51100.0,REIMS,51,454,HZ,183,1,2.0,Appartement,57.0,2.0
1884530,03/06/2019,Vente,"81200,00",134.0,RUE,7010,PIERRE BROSSOLETTE,51100.0,REIMS,51,454,AO,739,1,2.0,Appartement,50.0,2.0
1884533,24/05/2019,Vente,"195000,00",30.0,RUE,6210,DES MOISSONS,51100.0,REIMS,51,454,CW,525,1,2.0,Appartement,53.0,2.0
1884539,23/05/2019,Vente en l'état futur d'achèvement,"182000,00",31.0,RUE,6490,DE NICE,51100.0,REIMS,51,454,CR,61,1,2.0,Appartement,71.0,3.0
1884540,29/05/2019,Vente,"100000,00",18.0,CRS,4850,J B LANGLET,51100.0,REIMS,51,454,IL,501,1,2.0,Appartement,38.0,1.0
1884541,20/05/2019,Vente,"99000,00",14.0,RUE,3000,DOCTEUR THOMAS,51100.0,REIMS,51,454,AW,363,2,2.0,Appartement,44.0,2.0
1884545,29/05/2019,Vente,"58500,00",27.0,RUE,9150,DE VILLEDOMMANGE,51100.0,REIMS,51,454,DO,151,2,2.0,Appartement,30.0,2.0
1884550,22/05/2019,Vente,"161000,00",28.0,RUE,1190,DE BRAZZAVILLE,51100.0,REIMS,51,454,CM,268,1,2.0,Appartement,73.0,3.0
1884554,21/05/2019,Vente,"101000,00",2.0,RUE,2060,DU CLOU DANS LE FER,51100.0,REIMS,51,454,IL,125,1,2.0,Appartement,40.0,1.0
1884555,22/05/2019,Vente,"112000,00",23.0,BD,6750,PASTEUR,51100.0,REIMS,51,454,CK,310,2,2.0,Appartement,66.0,4.0
1884556,24/05/2019,Vente,"86400,00",66.0,BD,7550,ROBESPIERRE,51100.0,REIMS,51,454,AY,255,2,2.0,Appartement,60.0,4.0
1884569,28/05/2019,Vente,"76000,00",27.0,BD,6690,DE LA PAIX,51100.0,REIMS,51,454,CK,128,2,2.0,Appartement,42.0,1.0
1884570,29/05/2019,Vente,"65000,00",27.0,BD,6690,DE LA PAIX,51100.0,REIMS,51,454,CK,128,2,2.0,Appartement,33.0,1.0
1884574,28/05/2019,Vente,"174640,00",15.0,RUE,8890,DE L UNION FONCIERE,51100.0,REIMS,51,454,HX,220,2,2.0,Appartement,74.0,4.0
1884575,27/05/2019,Vente,"123000,00",76.0,BD,1800,CHARLES ARNOULD,51100.0,REIMS,51,454,AO,493,2,2.0,Appartement,86.0,4.0
1884576,23/05/2019,Vente,"90000,00",2.0,RUE,2070,CLOVIS,51100.0,REIMS,51,454,IK,860,2,2.0,Appartement,38.0,2.0
1884578,21/05/2019,Vente,"83000,00",12.0,CHS,0980,BOCQUAINE,51100.0,REIMS,51,454,HZ,170,1,2.0,Appartement,40.0,1.0
1884586,29/05/2019,Vente,"82600,00",20.0,RUE,2975,DR LUCIEN BETTINGER,51100.0,REIMS,51,454,AE,262,2,2.0,Appartement,48.0,2.0
1884592,23/05/2019,Vente en l'état futur d'achèvement,"219000,00",,RUE,6490,DE NICE,51100.0,REIMS,51,454,CR,94,1,2.0,Appartement,95.0,4.0
1884595,23/05/2019,Vente en l'état futur d'achèvement,"167000,00",,RUE,6490,DE NICE,51100.0,REIMS,51,454,CR,94,1,2.0,Appartement,68.0,3.0
1884606,29/05/2019,Vente,"76000,00",15.0,AV,3320,D EPERNAY,51100.0,REIMS,51,454,DP,459,1,2.0,Appartement,27.0,1.0
1884609,22/05/2019,Vente,"126000,00",1.0,AV,7295,DU PRESIDENT KENNEDY,51100.0,REIMS,51,454,KN,16,2,2.0,Appartement,73.0,3.0
1884611,27/05/2019,Vente,"285000,00",62.0,RUE,1740,CHANZY,51100.0,REIMS,51,454,IK,102,2,2.0,Appartement,110.0,4.0
1884620,29/05/2019,Vente,"179000,00",9.0,RUE,0010,ABBE DE L EPEE,51100.0,REIMS,51,454,IK,288,2,2.0,Appartement,76.0,3.0
1884622,04/06/2019,Vente,"103000,00",11.0,RUE,5400,LEON FAUCHER,51100.0,REIMS,51,454,BC,130,2,2.0,Appartement,45.0,2.0
1884623,05/04/2019,Vente,"107910,00",36.0,RUE,1870,DE CHATIVESLE,51100.0,REIMS,51,454,IM,390,1,2.0,Appartement,29.0,2.0
1884627,24/05/2019,Vente,"454000,00",31.0,RUE,1550,CERES,51100.0,REIMS,51,454,BE,84,3,2.0,Appartement,156.0,5.0
1884632,24/05/2019,Vente,"380000,00",28.0,RUE,3610,FLIN DES OLIVIERS,51100.0,REIMS,51,454,HX,6,1,2.0,Appartement,232.0,8.0
1884637,27/05/2019,Vente,"110350,00",58.0,RUE,1740,CHANZY,51100.0,REIMS,51,454,IK,102,1,2.0,Appartement,35.0,2.0
1884642,29/05/2019,Vente,"155000,00",6.0,RUE,7680,ROUILLE,51100.0,REIMS,51,454,IL,407,2,2.0,Appartement,49.0,3.0
1884646,24/05/2019,Vente en l'état futur d'achèvement,"223500,00",28.0,CHS,0980,BOCQUAINE,51100.0,REIMS,51,454,HZ,172,1,2.0,Appartement,60.0,3.0
1884648,24/05/2019,Vente en l'état futur d'achèvement,"220500,00",28.0,CHS,0980,BOCQUAINE,51100.0,REIMS,51,454,HZ,172,1,2.0,Appartement,60.0,3.0
1884651,23/05/2019,Vente,"334000,00",45.0,RUE,1620,CHABAUD,51100.0,REIMS,51,454,IK,714,1,2.0,Appartement,140.0,5.0
1884653,05/06/2019,Vente,"118000,00",37.0,RUE,6010,MARTIN PELLER,51100.0,REIMS,51,454,HX,545,2,2.0,Appartement,57.0,3.0
1884661,29/05/2019,Vente,"171900,00",11.0,RUE,7150,DE LA POMPELLE,51100.0,REIMS,51,454,CL,35,1,2.0,Appartement,88.0,4.0
1884664,29/05/2019,Vente,"210300,00",6.0,RUE,5540,LINGUET,51100.0,REIMS,51,454,BE,241,1,2.0,Appartement,79.0,3.0
1884665,29/05/2019,Vente,"210300,00",6.0,RUE,5540,LINGUET,51100.0,REIMS,51,454,BE,241,1,2.0,Appartement,75.0,3.0
1884671,24/05/2019,Vente,"62000,00",6.0,RUE,8480,DE TAISSY,51100.0,REIMS,51,454,DK,184,1,2.0,Appartement,50.0,2.0
1884681,03/06/2019,Vente,"101500,00",15.0,RUE,7015,PIERRE DE COUBERTIN,51100.0,REIMS,51,454,AE,110,2,2.0,Appartement,71.0,3.0
1884688,03/06/2019,Vente,"22200,00",21.0,RUE,1890,DU CHEMIN VERT,51100.0,REIMS,51,454,CH,859,1,2.0,Appartement,3.0,1.0
1884698,24/05/2019,Vente,"479750,00",65.0,BD,2650,DAUPHINOT,51100.0,REIMS,51,454,CT,593,0,2.0,Appartement,30.0,2.0
1884699,24/05/2019,Vente,"479750,00",65.0,BD,2650,DAUPHINOT,51100.0,REIMS,51,454,CT,593,0,2.0,Appartement,15.0,2.0
1884700,24/05/2019,Vente,"479750,00",65.0,BD,2650,DAUPHINOT,51100.0,REIMS,51,454,CT,593,0,2.0,Appartement,40.0,2.0
1884706,06/06/2019,Vente en l'état futur d'achèvement,"230000,00",42.0,RUE,7790,DE ST BRICE,51100.0,REIMS,51,454,AT,247,1,2.0,Appartement,74.0,3.0
1884708,03/06/2019,Vente,"135000,00",7.0,RUE,8580,DES TEMPLIERS,51100.0,REIMS,51,454,BH,346,2,2.0,Appartement,53.0,2.0
1884711,05/06/2019,Vente,"190000,00",32.0,RUE,6920,PETIT DELBOURG,51100.0,REIMS,51,454,CL,573,2,2.0,Appartement,71.0,3.0
1884712,05/06/2019,Vente,"90000,00",15.0,RUE,8720,TOURNEBONNEAU,51100.0,REIMS,51,454,DM,630,2,2.0,Appartement,46.0,2.0
1884715,06/06/2019,Vente,"50000,00",12.0,RUE,2740,DERODE,51100.0,REIMS,51,454,BI,141,1,2.0,Appartement,26.0,2.0
1884726,14/06/2019,Vente,"46000,00",11.0,RUE,7017,PIERRE LAPLACE,51100.0,REIMS,51,454,AE,285,2,2.0,Appartement,46.0,2.0
1884728,04/06/2019,Vente,"99800,00",96.0,RUE,3280,EMILE ZOLA,51100.0,REIMS,51,454,AX,320,2,2.0,Appartement,56.0,3.0
1884735,04/06/2019,Vente,"35000,00",61.0,RUE,3160,EDME MOREAU,51100.0,REIMS,51,454,AI,154,1,2.0,Appartement,30.0,1.0
1884742,24/05/2019,Vente,"231000,00",40.0,RUE,7790,DE ST BRICE,51100.0,REIMS,51,454,AT,247,1,2.0,Appartement,74.0,3.0
1884746,24/05/2019,Vente,"78000,00",15.0,RUE,8720,TOURNEBONNEAU,51100.0,REIMS,51,454,DM,630,1,2.0,Appartement,68.0,3.0
1884749,11/06/2019,Vente,"222800,00",11.0,RUE,6360,DES MURS,51100.0,REIMS,51,454,CX,270,2,2.0,Appartement,82.0,3.0
1884750,07/06/2019,Vente,"163000,00",77.0,BD,3950,DU GENERAL LECLERC,51100.0,REIMS,51,454,IM,330,3,2.0,Appartement,45.0,4.0
1884755,13/06/2019,Vente,"5000,00",66.0,PL,3040,DROUET D ERLON,51100.0,REIMS,51,454,IL,342,1,2.0,Appartement,80.0,4.0
1884756,11/06/2019,Vente,"190000,00",39.0,RUE,3570,DE FISMES,51100.0,REIMS,51,454,AR,539,1,2.0,Appartement,70.0,4.0
1884762,11/06/2019,Vente,"112800,00",45.0,RUE,0060,ALBERT THOMAS,51100.0,REIMS,51,454,DK,20,2,2.0,Appartement,51.0,2.0
1884764,13/06/2019,Vente,"90000,00",76.0,BD,1800,CHARLES ARNOULD,51100.0,REIMS,51,454,AO,493,2,2.0,Appartement,86.0,4.0
1884767,28/05/2019,Vente,"61000,00",68.0,RUE,6330,DES MOULINS,51100.0,REIMS,51,454,CY,411,4,2.0,Appartement,21.0,2.0
1884769,25/05/2019,Vente,"308400,00",12.0,RUE,5930,MARIE STUART,51100.0,REIMS,51,454,CX,617,2,2.0,Appartement,130.0,6.0
1884773,11/06/2019,Vente,"43500,00",53.0,RUE,3500,FAVART D HERBIGNY,51100.0,REIMS,51,454,CV,742,1,2.0,Appartement,18.0,1.0
1884781,13/06/2019,Vente,"265000,00",17.0,RUE,4320,GUSTAVE LAURENT,51100.0,REIMS,51,454,CL,93,0,2.0,Appartement,63.0,2.0
1884782,13/06/2019,Vente,"265000,00",17.0,RUE,4320,GUSTAVE LAURENT,51100.0,REIMS,51,454,CL,93,0,2.0,Appartement,63.0,3.0
1884792,12/06/2019,Vente,"115000,00",7.0,RUE,8260,SCULPTEURS JACQUES,51100.0,REIMS,51,454,HW,278,2,2.0,Appartement,55.0,3.0
1884798,29/05/2019,Vente,"71500,00",16.0,RUE,8480,DE TAISSY,51100.0,REIMS,51,454,DK,234,2,2.0,Appartement,59.0,3.0
1884799,07/06/2019,Vente,"250000,00",46.0,RUE,1390,DES CAPUCINS,51100.0,REIMS,51,454,IK,605,2,2.0,Appartement,52.0,2.0
1884800,07/06/2019,Vente,"250000,00",46.0,RUE,1390,DES CAPUCINS,51100.0,REIMS,51,454,IK,605,2,2.0,Appartement,20.0,1.0
1884801,07/06/2019,Vente,"250000,00",46.0,RUE,1390,DES CAPUCINS,51100.0,REIMS,51,454,IK,605,1,2.0,Appartement,30.0,1.0
1884803,29/05/2019,Vente,"156000,00",118.0,RUE,3850,GAMBETTA,51100.0,REIMS,51,454,DM,632,2,2.0,Appartement,59.0,3.0
1884806,28/05/2019,Vente,"83000,00",76.0,RUE,5615,LOUIS PASTEUR NEUV,51100.0,REIMS,51,454,KI,231,1,2.0,Appartement,52.0,3.0
1884809,27/05/2019,Vente,"135000,00",34.0,RUE,6720,DE PARGNY,51100.0,REIMS,51,454,HW,373,2,2.0,Appartement,55.0,3.0
1884810,03/06/2019,Vente,"269000,00",58.0,AV,3320,D EPERNAY,51100.0,REIMS,51,454,HW,50,2,2.0,Appartement,117.0,5.0
1884814,04/06/2019,Vente,"129000,00",1.0,ALL,5887,MARCEL CHEVAL,51100.0,REIMS,51,454,HT,163,2,2.0,Appartement,84.0,5.0
1884815,20/05/2019,Vente,"85000,00",9.0,RUE,2740,DERODE,51100.0,REIMS,51,454,BI,202,3,2.0,Appartement,52.0,3.0
1884821,14/06/2019,Vente,"210000,00",30.0,BD,6750,PASTEUR,51100.0,REIMS,51,454,CY,540,1,2.0,Appartement,75.0,3.0
1884822,14/06/2019,Vente,"98000,00",16.0,RUE,0870,DE BETHENY,51100.0,REIMS,51,454,BI,43,2,2.0,Appartement,51.0,3.0
1884823,27/05/2019,Vente,"59000,00",3.0,RUE,5920,M CLEMENCE FOURIAUX,51100.0,REIMS,51,454,AT,80,2,2.0,Appartement,28.0,1.0
1884825,29/05/2019,Vente,"145300,00",14.0,RUE,2480,DES COUTURES,51100.0,REIMS,51,454,CK,249,2,2.0,Appartement,61.0,3.0
1884836,12/06/2019,Vente,"305000,00",49.0,RUE,2290,COQUEBERT,51100.0,REIMS,51,454,BH,496,1,2.0,Appartement,243.0,1.0
1884839,31/05/2019,Vente,"186800,00",1.0,AV,4010,GEORGES CLEMENCEAU,51100.0,REIMS,51,454,CK,312,1,2.0,Appartement,103.0,5.0
1884849,27/05/2019,Vente,"108000,00",6.0,RUE,8480,DE TAISSY,51100.0,REIMS,51,454,DK,184,1,2.0,Appartement,101.0,5.0
1884850,13/06/2019,Vente,"99000,00",11.0,PL,8711,TOULOUSE LAUTREC,51100.0,REIMS,51,454,KR,27,1,2.0,Appartement,79.0,4.0
1884867,11/06/2019,Vente,"115000,00",60.0,RUE,4100,DES GOBELINS,51100.0,REIMS,51,454,CV,1048,1,2.0,Appartement,44.0,2.0
1884868,24/05/2019,Vente,"125000,00",10.0,PL,8760,DU 30 AOUT 1944,51100.0,REIMS,51,454,CW,158,3,2.0,Appartement,57.0,3.0
1884870,12/06/2019,Vente,"155400,00",6.0,RUE,1720,DU CHANOINE LALLEMENT,51100.0,REIMS,51,454,DT,174,1,2.0,Appartement,66.0,3.0
1884871,20/05/2019,Vente,"100000,00",31.0,RUE,3000,DOCTEUR THOMAS,51100.0,REIMS,51,454,AW,513,3,2.0,Appartement,44.0,2.0
1884883,06/06/2019,Vente,"95100,00",13.0,RUE,7015,PIERRE DE COUBERTIN,51100.0,REIMS,51,454,AE,110,1,2.0,Appartement,81.0,4.0
1884884,06/06/2019,Vente,"95100,00",13.0,RUE,7015,PIERRE DE COUBERTIN,51100.0,REIMS,51,454,AE,110,1,2.0,Appartement,76.0,5.0
1884887,05/06/2019,Vente,"200000,00",39.0,RUE,3500,FAVART D HERBIGNY,51100.0,REIMS,51,454,CV,894,1,2.0,Appartement,25.0,1.0
1884888,05/06/2019,Vente,"200000,00",39.0,RUE,3500,FAVART D HERBIGNY,51100.0,REIMS,51,454,CV,894,1,2.0,Appartement,26.0,3.0
1884889,05/06/2019,Vente,"200000,00",39.0,RUE,3500,FAVART D HERBIGNY,51100.0,REIMS,51,454,CV,894,1,2.0,Appartement,26.0,1.0
1884890,05/06/2019,Vente,"200000,00",39.0,RUE,3500,FAVART D HERBIGNY,51100.0,REIMS,51,454,CV,894,1,2.0,Appartement,28.0,2.0
1884892,12/06/2019,Vente,"140000,00",130.0,RUE,2440,DE COURLANCY,51100.0,REIMS,51,454,DO,257,0,2.0,Appartement,60.0,3.0
1884893,12/06/2019,Vente,"140000,00",130.0,RUE,2440,DE COURLANCY,51100.0,REIMS,51,454,DO,257,0,2.0,Appartement,62.0,3.0
1884894,12/06/2019,Vente,"140000,00",130.0,RUE,2440,DE COURLANCY,51100.0,REIMS,51,454,DO,257,0,2.0,Appartement,27.0,1.0
1884895,12/06/2019,Vente,"140000,00",130.0,RUE,2440,DE COURLANCY,51100.0,REIMS,51,454,DO,257,0,2.0,Appartement,30.0,1.0
1884914,22/05/2019,Vente,"20000,00",52.0,RUE,2570,CROUTELLE,51100.0,REIMS,51,454,AV,105,2,2.0,Appartement,41.0,2.0
1884915,29/05/2019,Vente,"250500,00",65.0,RUE,1550,CERES,51100.0,REIMS,51,454,BE,55,1,2.0,Appartement,89.0,4.0
1884917,05/06/2019,Vente,"96500,00",150.0,RUE,6830,P VAILLANT COUTURIER,51100.0,REIMS,51,454,AN,174,2,2.0,Appartement,52.0,2.0
1884920,12/06/2019,Vente,"88300,00",185.0,AV,5300,DE LAON,51100.0,REIMS,51,454,AV,34,1,2.0,Appartement,55.0,2.0
1884922,19/06/2019,Vente,"152000,00",2.0,RUE,3390,DE L ETAPE,51100.0,REIMS,51,454,IL,319,1,2.0,Appartement,53.0,2.0
1884925,28/05/2019,Vente,"143450,00",22.0,RUE,1460,DES CARMES,51100.0,REIMS,51,454,CY,278,1,2.0,Appartement,52.0,2.0
1884931,07/06/2019,Vente,"85000,00",10.0,RUE,4120,GOIOT,51100.0,REIMS,51,454,CZ,695,1,2.0,Appartement,96.0,1.0
1884932,14/06/2019,Vente,"115000,00",45.0,RUE,8320,DE SILLERY,51100.0,REIMS,51,454,CL,662,2,2.0,Appartement,51.0,2.0
1884934,11/06/2019,Vente,"138000,00",31.0,RUE,2560,CROIX ST MARC,51100.0,REIMS,51,454,CV,387,2,2.0,Appartement,52.0,2.0
1884935,11/06/2019,Vente,"138000,00",31.0,RUE,2560,CROIX ST MARC,51100.0,REIMS,51,454,CV,387,2,2.0,Appartement,50.0,2.0
1884940,13/06/2019,Vente,"123000,00",13.0,RUE,2450,COURMEAUX,51100.0,REIMS,51,454,BE,154,2,2.0,Appartement,42.0,2.0
1884953,12/06/2019,Vente en l'état futur d'achèvement,"228000,00",,RUE,5891,MARCEL THIL,51100.0,REIMS,51,454,AV,1091,1,2.0,Appartement,54.0,2.0
1884955,23/05/2019,Vente,"116000,00",6.0,PL,7990,ST NICAISE,51100.0,REIMS,51,454,CZ,130,1,2.0,Appartement,44.0,2.0
1884958,07/06/2019,Vente,"101000,00",33.0,RUE,0550,BACQUENOIS,51100.0,REIMS,51,454,IM,256,1,2.0,Appartement,50.0,2.0
1884960,11/06/2019,Vente,"178500,00",158.0,AV,4900,JEAN JAURES,51100.0,REIMS,51,454,CV,981,1,2.0,Appartement,95.0,4.0
1884965,29/05/2019,Vente,"39500,00",76.0,RUE,3850,GAMBETTA,51100.0,REIMS,51,454,CY,298,1,2.0,Appartement,29.0,1.0
1884968,12/06/2019,Vente,"58000,00",30.0,RUE,5250,LAGRIVE,51100.0,REIMS,51,454,CK,316,2,2.0,Appartement,29.0,1.0
1884970,24/05/2019,Vente,"85000,00",5.0,PL,5900,MARGUERITE ROUSSELET,51100.0,REIMS,51,454,BI,662,2,2.0,Appartement,44.0,2.0
1884972,13/06/2019,Vente,"250000,00",9.0,RUE,2170,DU COLONEL FABIEN,51100.0,REIMS,51,454,HZ,98,3,2.0,Appartement,95.0,5.0
1884977,17/06/2019,Vente,"145800,00",63.0,AV,6730,DE PARIS,51100.0,REIMS,51,454,HX,10,1,2.0,Appartement,63.0,3.0
1884984,07/06/2019,Vente,"98000,00",50.0,RUE,2430,DE COURCELLES,51100.0,REIMS,51,454,AR,308,1,2.0,Appartement,45.0,2.0
1885012,04/06/2019,Vente,"219000,00",10.0,RUE,8555,DES TEINTURIERS,51100.0,REIMS,51,454,CT,536,2,2.0,Appartement,79.0,3.0
1885019,12/06/2019,Vente,"78000,00",15.0,RUE,1400,CAQUE,51100.0,REIMS,51,454,IM,502,3,2.0,Appartement,36.0,1.0
1885020,18/06/2019,Vente,"66000,00",15.0,AV,3320,D EPERNAY,51100.0,REIMS,51,454,DP,459,1,2.0,Appartement,25.0,1.0
1885035,14/06/2019,Vente,"287500,00",13.0,BD,5680,LUNDY,51100.0,REIMS,51,454,BE,41,2,2.0,Appartement,114.0,4.0
1885041,27/05/2019,Vente,"109000,00",72.0,PROM,6867,DU PEIGNAGE,51100.0,REIMS,51,454,CT,534,1,2.0,Appartement,46.0,2.0
1885043,03/06/2019,Vente,"180000,00",8.0,RUE,7605,ROLAND DORGELES,51100.0,REIMS,51,454,AN,609,2,2.0,Appartement,124.0,4.0
1885052,04/06/2019,Vente,"180600,00",125.0,RUE,9040,DE VESLE,51100.0,REIMS,51,454,IK,1346,1,2.0,Appartement,68.0,3.0
1885057,07/06/2019,Vente,"180000,00",8.0,RUE,8480,DE TAISSY,51100.0,REIMS,51,454,DK,275,1,2.0,Appartement,79.0,3.0
1885059,10/06/2019,Vente,"220000,00",29.0,BD,7960,ST MARCEAUX,51100.0,REIMS,51,454,CK,312,1,2.0,Appartement,103.0,5.0
1885068,07/06/2019,Vente en l'état futur d'achèvement,"249000,00",28.0,CHS,0980,BOCQUAINE,51100.0,REIMS,51,454,HZ,172,1,2.0,Appartement,72.0,3.0
1885088,10/06/2019,Vente,"85000,00",18.0,RUE,7010,PIERRE BROSSOLETTE,51100.0,REIMS,51,454,AV,857,2,2.0,Appartement,42.0,2.0
1885093,05/06/2019,Vente,"113100,00",51.0,RUE,1670,DU CHAMP DE MARS,51100.0,REIMS,51,454,BI,24,3,2.0,Appartement,49.0,2.0
1885095,14/06/2019,Vente,"231200,00",3.0,RUE,0830,BERTIN,51100.0,REIMS,51,454,BE,138,3,2.0,Appartement,74.0,3.0
1885096,07/06/2019,Vente,"210000,00",32.0,RUE,1550,CERES,51100.0,REIMS,51,454,CX,64,2,2.0,Appartement,81.0,4.0
1885099,07/06/2019,Vente,"73000,00",21.0,RUE,1590,DE CERNAY,51100.0,REIMS,51,454,CW,124,1,2.0,Appartement,35.0,2.0
1885100,14/06/2019,Vente,"160000,00",2.0,RUE,1640,DU CHALET,51100.0,REIMS,51,454,BK,277,1,2.0,Appartement,80.0,2.0
1885107,18/06/2019,Vente,"140400,00",19.0,RUE,2760,DESBUREAUX,51100.0,REIMS,51,454,AL,419,2,2.0,Appartement,103.0,5.0
1885108,20/06/2019,Vente,"99000,00",82.0,RUE,6330,DES MOULINS,51100.0,REIMS,51,454,CY,617,2,2.0,Appartement,42.0,2.0
1885112,12/06/2019,Vente,"195500,00",,RUE,4440,HENRI BARBUSSE,51100.0,REIMS,51,454,CL,1005,1,2.0,Appartement,80.0,4.0
1885115,17/06/2019,Vente,"156600,00",4.0,RUE,4620,HOUZEAU MUIRON,51100.0,REIMS,51,454,CK,125,2,2.0,Appartement,57.0,2.0
1885117,13/06/2019,Vente,"144000,00",95.0,RUE,0600,DU BARBATRE,51100.0,REIMS,51,454,CY,656,2,2.0,Appartement,70.0,3.0
1885122,06/06/2019,Vente,"103000,00",3.0,ALL,0788,B FRANKLIN NEUV,51100.0,REIMS,51,454,KK,684,1,2.0,Appartement,74.0,4.0
1885124,07/06/2019,Vente,"165000,00",2.0,PL,8760,DU 30 AOUT 1944,51100.0,REIMS,51,454,CW,164,2,2.0,Appartement,79.0,3.0
1885127,04/06/2019,Vente,"410000,00",18.0,RUE,2670,DAVID,51100.0,REIMS,51,454,CW,204,0,2.0,Appartement,36.0,1.0
1885128,04/06/2019,Vente,"410000,00",18.0,RUE,2670,DAVID,51100.0,REIMS,51,454,CW,204,0,2.0,Appartement,36.0,2.0
1885129,04/06/2019,Vente,"410000,00",18.0,RUE,2670,DAVID,51100.0,REIMS,51,454,CW,204,0,2.0,Appartement,36.0,2.0
1885130,04/06/2019,Vente,"410000,00",18.0,RUE,2670,DAVID,51100.0,REIMS,51,454,CW,204,0,2.0,Appartement,36.0,2.0
1885131,04/06/2019,Vente,"410000,00",18.0,RUE,2670,DAVID,51100.0,REIMS,51,454,CW,204,0,2.0,Appartement,60.0,3.0
1885132,04/06/2019,Vente,"410000,00",18.0,RUE,2670,DAVID,51100.0,REIMS,51,454,CW,204,0,2.0,Appartement,36.0,2.0
1885135,05/06/2019,Vente,"159000,00",48.0,RUE,5160,DE LA JUSTICE,51100.0,REIMS,51,454,BD,99,1,2.0,Appartement,96.0,4.0
1885137,11/06/2019,Vente en l'état futur d'achèvement,"213638,00",,RUE,4220,GRANDVAL,51100.0,REIMS,51,454,CL,1000,1,2.0,Appartement,62.0,3.0
1885142,07/06/2019,Vente,"121633,00",16.0,RUE,5895,MARECHAL GALLIENI,51100.0,REIMS,51,454,AH,609,1,2.0,Appartement,73.0,3.0
1885143,14/06/2019,Vente en l'état futur d'achèvement,"178000,00",31.0,RUE,6490,DE NICE,51100.0,REIMS,51,454,CR,61,1,2.0,Appartement,71.0,3.0
1885156,14/06/2019,Vente en l'état futur d'achèvement,"219000,00",,RUE,6490,DE NICE,51100.0,REIMS,51,454,CR,94,1,2.0,Appartement,96.0,4.0
1885165,11/06/2019,Vente,"81000,00",31.0,CHS,7970,SAINT MARTIN,51100.0,REIMS,51,454,DN,217,2,2.0,Appartement,42.0,2.0
1885170,13/06/2019,Vente,"106000,00",1.0,RUE,8290,16E ET 22E DRAGONS,51100.0,REIMS,51,454,CK,17,1,2.0,Appartement,58.0,2.0
1885172,11/06/2019,Vente,"50000,00",38.0,RUE,0610,BARON,51100.0,REIMS,51,454,CV,224,1,2.0,Appartement,31.0,1.0
1885173,12/06/2019,Vente,"63960,00",39.0,BD,6690,DE LA PAIX,51100.0,REIMS,51,454,CK,241,1,2.0,Appartement,22.0,1.0
1885177,14/06/2019,Vente,"100000,00",62.0,RUE,1740,CHANZY,51100.0,REIMS,51,454,IK,102,1,2.0,Appartement,38.0,2.0
1885179,18/06/2019,Vente,"431630,00",10.0,RUE,2260,CONDORCET,51100.0,REIMS,51,454,IL,185,2,2.0,Appartement,115.0,5.0
1885181,17/06/2019,Vente,"132000,00",13.0,RUE,8890,DE L UNION FONCIERE,51100.0,REIMS,51,454,HX,220,2,2.0,Appartement,89.0,5.0
1885184,11/06/2019,Vente,"175000,00",10.0,RUE,6270,MONTOISON,51100.0,REIMS,51,454,CX,160,2,2.0,Appartement,69.0,3.0
1885202,13/06/2019,Vente,"122500,00",67.0,RUE,1830,CHARLIER,51100.0,REIMS,51,454,BI,627,2,2.0,Appartement,63.0,3.0
1885206,19/06/2019,Vente,"130000,00",71.0,BD,6790,PAUL DOUMER,51100.0,REIMS,51,454,IK,335,2,2.0,Appartement,80.0,3.0
1885207,14/06/2019,Vente,"45000,00",73.0,RUE,1360,CAMILLE LENOIR,51100.0,REIMS,51,454,BH,97,1,2.0,Appartement,22.0,1.0
1885209,26/06/2019,Vente,"400000,00",37.0,CRS,4850,J B LANGLET,51100.0,REIMS,51,454,IL,274,3,2.0,Appartement,124.0,5.0
1885212,27/05/2019,Vente,"85000,00",12.0,RUE,0570,BAILLA,51100.0,REIMS,51,454,CZ,221,0,2.0,Appartement,17.0,1.0
1885213,27/05/2019,Vente,"85000,00",12.0,RUE,0570,BAILLA,51100.0,REIMS,51,454,CZ,221,0,2.0,Appartement,36.0,2.0
1885215,24/06/2019,Vente,"153900,00",18.0,RUE,7340,DU PROGRES,51100.0,REIMS,51,454,AO,335,2,2.0,Appartement,83.0,4.0
1885226,14/06/2019,Vente,"106000,00",61.0,RUE,5840,MALDAN,51100.0,REIMS,51,454,AR,143,2,2.0,Appartement,63.0,3.0
1885231,11/06/2019,Vente,"90000,00",31.0,RUE,7100,DES POISSONNIERS,51100.0,REIMS,51,454,IM,529,1,2.0,Appartement,29.0,2.0
1885246,05/06/2019,Vente,"260000,00",25.0,RUE,8620,THIERS,51100.0,REIMS,51,454,IL,392,1,2.0,Appartement,105.0,4.0
1885247,13/06/2019,Vente,"90000,00",28.0,RUE,1390,DES CAPUCINS,51100.0,REIMS,51,454,IK,878,2,2.0,Appartement,21.0,1.0
1885248,12/06/2019,Vente,"118800,00",88.0,RUE,3850,GAMBETTA,51100.0,REIMS,51,454,CY,331,1,2.0,Appartement,52.0,2.0
1885255,21/06/2019,Vente en l'état futur d'achèvement,"340000,00",37.0,RUE,1670,DU CHAMP DE MARS,51100.0,REIMS,51,454,BD,16,1,2.0,Appartement,77.0,3.0
1885259,12/06/2019,Vente,"127000,00",12.0,RUE,4360,HANNEQUIN,51100.0,REIMS,51,454,AX,226,1,2.0,Appartement,33.0,1.0
1885260,12/06/2019,Vente,"127000,00",12.0,RUE,4360,HANNEQUIN,51100.0,REIMS,51,454,AX,226,2,2.0,Appartement,40.0,2.0
1885266,11/06/2019,Vente,"134000,00",143.0,RUE,2440,DE COURLANCY,51100.0,REIMS,51,454,HY,38,1,2.0,Appartement,76.0,3.0
1885268,21/06/2019,Vente,"135450,00",4.0,RUE,4270,DE LA GRUE,51100.0,REIMS,51,454,CX,39,1,2.0,Appartement,18.0,1.0
1885272,22/06/2019,Vente,"135000,00",113.0,RUE,9040,DE VESLE,51100.0,REIMS,51,454,IK,1347,1,2.0,Appartement,52.0,2.0
1885288,24/06/2019,Vente,"96000,00",1.0,RUE,0390,ARMAND GUERY,51100.0,REIMS,51,454,AV,694,1,2.0,Appartement,33.0,1.0
1885289,12/06/2019,Vente,"117000,00",11.0,RUE,8580,DES TEMPLIERS,51100.0,REIMS,51,454,BH,528,2,2.0,Appartement,44.0,2.0
1885292,17/06/2019,Vente,"31500,00",14.0,RUE,9090,VICTOR ROGELET,51100.0,REIMS,51,454,AW,198,1,2.0,Appartement,20.0,1.0
1885295,19/06/2019,Vente,"210000,00",59.0,RUE,3000,DOCTEUR THOMAS,51100.0,REIMS,51,454,AW,215,1,2.0,Appartement,38.0,2.0
1885296,19/06/2019,Vente,"210000,00",59.0,RUE,3000,DOCTEUR THOMAS,51100.0,REIMS,51,454,AW,215,1,2.0,Appartement,38.0,2.0
1885297,19/06/2019,Vente,"210000,00",59.0,RUE,3000,DOCTEUR THOMAS,51100.0,REIMS,51,454,AW,215,1,2.0,Appartement,38.0,3.0
1885315,18/06/2019,Vente en l'état futur d'achèvement,"111000,00",6.0,RUE,8090,SAINT THIERRY,51100.0,REIMS,51,454,AV,1097,1,2.0,Appartement,23.0,1.0
1885327,21/06/2019,Echange,"1500,00",31.0,RUE,1170,BRANLY,51100.0,REIMS,51,454,HW,438,0,2.0,Appartement,40.0,2.0
1885329,21/06/2019,Echange,"1500,00",31.0,RUE,1170,BRANLY,51100.0,REIMS,51,454,HW,438,0,2.0,Appartement,40.0,2.0
1885330,21/06/2019,Echange,"1500,00",31.0,RUE,1170,BRANLY,51100.0,REIMS,51,454,HW,438,0,2.0,Appartement,110.0,3.0
1885331,21/06/2019,Echange,"1500,00",31.0,RUE,1170,BRANLY,51100.0,REIMS,51,454,HW,438,0,2.0,Appartement,35.0,2.0
1885332,21/06/2019,Echange,"1500,00",31.0,RUE,1170,BRANLY,51100.0,REIMS,51,454,HW,438,0,2.0,Appartement,35.0,2.0
1885350,17/06/2019,Vente,"67500,00",36.0,RUE,2080,CLOVIS CHEZEL,51100.0,REIMS,51,454,DN,549,1,2.0,Appartement,29.0,1.0
1885353,13/06/2019,Vente,"110350,00",65.0,RUE,2430,DE COURCELLES,51100.0,REIMS,51,454,AT,221,2,2.0,Appartement,54.0,2.0
1885356,14/06/2019,Vente,"43000,00",6.0,RUE,4220,GRANDVAL,51100.0,REIMS,51,454,CL,984,1,2.0,Appartement,27.0,1.0
1885358,21/06/2019,Vente,"211300,00",13.0,BD,7960,ST MARCEAUX,51100.0,REIMS,51,454,CK,17,2,2.0,Appartement,106.0,5.0
1885363,21/06/2019,Vente,"209000,00",135.0,BD,7140,POMMERY,51100.0,REIMS,51,454,CI,65,2,2.0,Appartement,113.0,5.0
1885372,05/06/2019,Vente en l'état futur d'achèvement,"406000,00",21.0,RUE,7860,SAINT HILAIRE,51100.0,REIMS,51,454,BE,220,1,2.0,Appartement,70.0,3.0
1885373,21/06/2019,Vente,"60000,00",96.0,AV,3320,D EPERNAY,51100.0,REIMS,51,454,HW,387,2,2.0,Appartement,39.0,1.0
1885375,27/06/2019,Vente,"241650,00",92.0,RUE,7160,PONSARDIN,51100.0,REIMS,51,454,CY,195,1,2.0,Appartement,91.0,3.0
1885380,14/06/2019,Vente,"59000,00",6.0,RUE,3020,DORIGNY,51100.0,REIMS,51,454,BI,490,2,2.0,Appartement,35.0,2.0
1885381,17/06/2019,Vente,"145000,00",3.0,BD,2830,DIEU LUMIERE,51100.0,REIMS,51,454,DM,638,2,2.0,Appartement,82.0,4.0
1885382,06/06/2019,Vente en l'état futur d'achèvement,"214000,00",21.0,RUE,7860,SAINT HILAIRE,51100.0,REIMS,51,454,BE,220,1,2.0,Appartement,47.0,2.0
1885386,24/06/2019,Vente,"312000,00",4.0,RUE,3550,DES FILLES DIEU,51100.0,REIMS,51,454,CX,250,3,2.0,Appartement,102.0,3.0
1885392,21/06/2019,Vente,"65000,00",19.0,RUE,0820,DE BERRU,51100.0,REIMS,51,454,CV,808,1,2.0,Appartement,37.0,2.0
1885393,28/06/2019,Vente,"80000,00",18.0,RUE,8480,DE TAISSY,51100.0,REIMS,51,454,DK,234,2,2.0,Appartement,59.0,3.0
1885395,19/06/2019,Vente,"100000,00",19.0,RUE,5670,DE LUDES,51100.0,REIMS,51,454,DV,255,1,2.0,Appartement,43.0,2.0
1885396,21/06/2019,Vente,"59000,00",51.0,RUE,7710,RUINART DE BRIMONT,51100.0,REIMS,51,454,CW,422,2,2.0,Appartement,22.0,1.0
1885397,21/06/2019,Vente,"135000,00",7.0,RUE,6760,PAUL ADAM,51100.0,REIMS,51,454,IK,1428,1,2.0,Appartement,44.0,1.0
1885398,11/06/2019,Vente en l'état futur d'achèvement,"237000,00",40.0,RUE,7790,DE ST BRICE,51100.0,REIMS,51,454,AT,247,1,2.0,Appartement,66.0,3.0
1885400,28/06/2019,Vente,"79500,00",72.0,RUE,2290,COQUEBERT,51100.0,REIMS,51,454,BI,499,1,2.0,Appartement,40.0,2.0
1885408,24/06/2019,Vente,"138000,00",6.0,RUE,7610,DES ROMAINS,51100.0,REIMS,51,454,AT,72,1,2.0,Appartement,66.0,3.0
1885415,13/06/2019,Vente,"125400,00",78.0,AV,4010,GEORGES CLEMENCEAU,51100.0,REIMS,51,454,CL,690,2,2.0,Appartement,77.0,4.0
1885417,17/06/2019,Vente,"36000,00",15.0,BD,1510,CARTERET,51100.0,REIMS,51,454,CV,841,1,2.0,Appartement,9.0,1.0
1885418,17/06/2019,Vente,"36000,00",15.0,BD,1510,CARTERET,51100.0,REIMS,51,454,CV,841,1,2.0,Appartement,11.0,1.0
1885420,13/06/2019,Vente,"115000,00",77.0,BD,6790,PAUL DOUMER,51100.0,REIMS,51,454,IK,335,2,2.0,Appartement,60.0,2.0
1885421,21/06/2019,Vente,"48300,00",21.0,AV,4455,HENRI FARMAN,51100.0,REIMS,51,454,DH,90,1,2.0,Appartement,17.0,1.0
1885423,15/06/2019,Vente,"117000,00",60.0,RUE,5920,M CLEMENCE FOURIAUX,51100.0,REIMS,51,454,AV,954,3,2.0,Appartement,65.0,3.0
1885424,04/06/2019,Vente,"153500,00",52.0,RUE,3280,EMILE ZOLA,51100.0,REIMS,51,454,AW,527,2,2.0,Appartement,70.0,3.0
1885433,20/06/2019,Vente,"33000,00",102.0,RUE,3850,GAMBETTA,51100.0,REIMS,51,454,CY,622,1,2.0,Appartement,16.0,1.0
1885435,25/06/2019,Vente,"229000,00",36.0,RUE,2480,DES COUTURES,51100.0,REIMS,51,454,CI,77,2,2.0,Appartement,59.0,3.0
1885441,21/06/2019,Vente en l'état futur d'achèvement,"161000,00",49.0,BD,2650,DAUPHINOT,51100.0,REIMS,51,454,CT,610,1,2.0,Appartement,62.0,3.0
1885445,13/06/2019,Vente en l'état futur d'achèvement,"210000,00",37.0,RUE,1670,DU CHAMP DE MARS,51100.0,REIMS,51,454,BD,16,1,2.0,Appartement,51.0,2.0
1885446,26/06/2019,Vente,"54000,00",5.0,RUE,2975,DR LUCIEN BETTINGER,51100.0,REIMS,51,454,AE,285,2,2.0,Appartement,58.0,3.0
1885453,01/07/2019,Vente,"160250,00",1.0,RUE,3990,GEORGES BOUSSINESQ,51100.0,REIMS,51,454,CL,158,2,2.0,Appartement,100.0,4.0
1885455,28/06/2019,Vente,"94000,00",128.0,BD,8925,VASCO DE GAMA,51100.0,REIMS,51,454,EV,594,2,2.0,Appartement,88.0,4.0
1885463,01/07/2019,Vente,"108000,00",5.0,RUE,6740,PASSE DEMOISELLES,51100.0,REIMS,51,454,HX,576,1,2.0,Appartement,42.0,2.0
1885464,27/06/2019,Vente,"450000,00",23.0,RUE,3770,FRANCOIS DOR,51100.0,REIMS,51,454,HX,389,0,2.0,Appartement,29.0,1.0
1885465,27/06/2019,Vente,"450000,00",23.0,RUE,3770,FRANCOIS DOR,51100.0,REIMS,51,454,HX,389,0,2.0,Appartement,24.0,1.0
1885467,27/06/2019,Vente,"450000,00",23.0,RUE,3770,FRANCOIS DOR,51100.0,REIMS,51,454,HX,389,0,2.0,Appartement,60.0,3.0
1885468,27/06/2019,Vente,"450000,00",23.0,RUE,3770,FRANCOIS DOR,51100.0,REIMS,51,454,HX,389,0,2.0,Appartement,60.0,4.0
1885469,27/06/2019,Vente,"450000,00",23.0,RUE,3770,FRANCOIS DOR,51100.0,REIMS,51,454,HX,389,0,2.0,Appartement,34.0,2.0
1885470,27/06/2019,Vente,"450000,00",23.0,RUE,3770,FRANCOIS DOR,51100.0,REIMS,51,454,HX,389,0,2.0,Appartement,59.0,4.0
1885471,27/06/2019,Vente,"450000,00",23.0,RUE,3770,FRANCOIS DOR,51100.0,REIMS,51,454,HX,389,0,2.0,Appartement,45.0,3.0
1885472,27/06/2019,Vente,"450000,00",23.0,RUE,3770,FRANCOIS DOR,51100.0,REIMS,51,454,HX,389,0,2.0,Appartement,28.0,1.0
1885486,06/06/2019,Vente,"303000,00",5.0,RUE,1590,DE CERNAY,51100.0,REIMS,51,454,CW,76,2,2.0,Appartement,114.0,5.0
1885490,27/06/2019,Vente,"105000,00",12.0,RUE,0820,DE BERRU,51100.0,REIMS,51,454,CW,334,1,2.0,Appartement,54.0,2.0
1885493,24/06/2019,Vente en l'état futur d'achèvement,"141000,00",49.0,BD,2650,DAUPHINOT,51100.0,REIMS,51,454,CT,610,1,2.0,Appartement,44.0,2.0
1885497,24/06/2019,Vente,"210000,00",7.0,RUE,1410,CARDINAL DE LORRAINE,51100.0,REIMS,51,454,CX,353,2,2.0,Appartement,60.0,3.0
1885499,27/06/2019,Vente,"210500,00",60.0,RUE,2430,DE COURCELLES,51100.0,REIMS,51,454,AR,889,1,2.0,Appartement,92.0,4.0
1885508,19/06/2019,Vente,"91000,00",76.0,RUE,5615,LOUIS PASTEUR NEUV,51100.0,REIMS,51,454,KI,231,1,2.0,Appartement,52.0,2.0
1885511,25/06/2019,Vente,"321800,00",10.0,RUE,4120,GOIOT,51100.0,REIMS,51,454,CZ,695,1,2.0,Appartement,123.0,1.0
1885513,21/06/2019,Vente,"165000,00",310.0,AV,5300,DE LAON,51100.0,REIMS,51,454,AM,352,2,2.0,Appartement,90.0,4.0
1885515,21/06/2019,Vente,"262000,00",272.0,AV,5300,DE LAON,51100.0,REIMS,51,454,AX,687,0,2.0,Appartement,27.0,2.0
1885516,21/06/2019,Vente,"262000,00",272.0,AV,5300,DE LAON,51100.0,REIMS,51,454,AX,687,0,2.0,Appartement,22.0,1.0
1885517,21/06/2019,Vente,"262000,00",272.0,AV,5300,DE LAON,51100.0,REIMS,51,454,AX,687,0,2.0,Appartement,61.0,3.0
1885518,21/06/2019,Vente,"262000,00",272.0,AV,5300,DE LAON,51100.0,REIMS,51,454,AX,687,0,2.0,Appartement,31.0,2.0
1885524,28/06/2019,Vente,"87500,00",2.0,RUE,8430,DE STRASBOURG,51100.0,REIMS,51,454,CV,937,1,2.0,Appartement,40.0,2.0
1885525,27/06/2019,Vente,"48500,00",34.0,RUE,6230,DU MONT D ARENE,51100.0,REIMS,51,454,AV,370,1,2.0,Appartement,15.0,1.0
1885527,04/06/2019,Vente,"98000,00",7.0,RUE,1300,BRUYANT,51100.0,REIMS,51,454,AS,272,1,2.0,Appartement,46.0,1.0
1885530,17/06/2019,Vente,"112750,00",4.0,ESP,7433,REMI PELLOT,51100.0,REIMS,51,454,AN,169,1,2.0,Appartement,59.0,2.0
1885543,25/06/2019,Vente,"64500,00",27.0,CHS,7970,SAINT MARTIN,51100.0,REIMS,51,454,DN,217,2,2.0,Appartement,42.0,2.0
1885546,19/06/2019,Vente,"71000,00",21.0,AV,3320,D EPERNAY,51100.0,REIMS,51,454,DP,460,2,2.0,Appartement,39.0,1.0
1885557,18/06/2019,Vente,"174000,00",5.0,RUE,1500,DU CARROUGE,51100.0,REIMS,51,454,IL,287,2,2.0,Appartement,58.0,3.0
1885561,28/06/2019,Vente,"322000,00",21.0,RUE,8500,DE TALLEYRAND,51100.0,REIMS,51,454,IL,230,1,2.0,Appartement,127.0,4.0
1885562,28/06/2019,Vente,"322000,00",21.0,RUE,8500,DE TALLEYRAND,51100.0,REIMS,51,454,IL,230,1,2.0,Appartement,73.0,2.0
1885570,24/06/2019,Vente,"430000,00",52.0,RUE,8980,VERNOUILLET,51100.0,REIMS,51,454,AS,53,0,2.0,Appartement,65.0,3.0
1885572,24/06/2019,Vente,"430000,00",52.0,RUE,8980,VERNOUILLET,51100.0,REIMS,51,454,AS,53,0,2.0,Appartement,41.0,2.0
1885573,24/06/2019,Vente,"430000,00",52.0,RUE,8980,VERNOUILLET,51100.0,REIMS,51,454,AS,53,0,2.0,Appartement,36.0,2.0
1885574,24/06/2019,Vente,"430000,00",52.0,RUE,8980,VERNOUILLET,51100.0,REIMS,51,454,AS,53,0,2.0,Appartement,42.0,2.0
1885575,24/06/2019,Vente,"430000,00",52.0,RUE,8980,VERNOUILLET,51100.0,REIMS,51,454,AS,53,0,2.0,Appartement,36.0,2.0
1885576,24/06/2019,Vente,"430000,00",52.0,RUE,8980,VERNOUILLET,51100.0,REIMS,51,454,AS,53,0,2.0,Appartement,41.0,2.0
1885577,01/07/2019,Vente,"159000,00",85.0,AV,4900,JEAN JAURES,51100.0,REIMS,51,454,BI,375,3,2.0,Appartement,95.0,4.0
1885580,27/06/2019,Vente,"52500,00",65.0,RUE,1590,DE CERNAY,51100.0,REIMS,51,454,CW,346,1,2.0,Appartement,25.0,1.0
1885582,14/06/2019,Vente,"330000,00",28.0,RUE,9220,VOLTAIRE,51100.0,REIMS,51,454,CX,168,2,2.0,Appartement,112.0,3.0
1885585,26/06/2019,Vente,"100000,00",137.0,BD,7140,POMMERY,51100.0,REIMS,51,454,CI,65,1,2.0,Appartement,57.0,2.0
1885612,03/07/2019,Vente,"53000,00",32.0,RUE,3000,DOCTEUR THOMAS,51100.0,REIMS,51,454,AW,548,1,2.0,Appartement,24.0,1.0
1885618,18/06/2019,Vente,"57500,00",198.0,AV,4900,JEAN JAURES,51100.0,REIMS,51,454,CV,34,2,2.0,Appartement,27.0,1.0
1885619,26/06/2019,Vente,"543000,00",201.0,RUE,0600,DU BARBATRE,51100.0,REIMS,51,454,CZ,549,0,2.0,Appartement,66.0,3.0
1885620,26/06/2019,Vente,"543000,00",201.0,RUE,0600,DU BARBATRE,51100.0,REIMS,51,454,CZ,549,0,2.0,Appartement,79.0,3.0
1885621,26/06/2019,Vente,"543000,00",201.0,RUE,0600,DU BARBATRE,51100.0,REIMS,51,454,CZ,549,0,2.0,Appartement,83.0,3.0
1885634,20/06/2019,Vente,"181000,00",35.0,RUE,3000,DOCTEUR THOMAS,51100.0,REIMS,51,454,AW,557,0,2.0,Appartement,68.0,4.0
1885640,27/06/2019,Vente,"196000,00",79.0,RUE,8950,DE VENISE,51100.0,REIMS,51,454,CY,434,2,2.0,Appartement,96.0,5.0
1885643,24/06/2019,Vente,"201000,00",6.0,RUE,0400,ARMONVILLE,51100.0,REIMS,51,454,CZ,600,1,2.0,Appartement,74.0,3.0
1885651,27/06/2019,Vente,"110000,00",43.0,AV,8030,ST POL,51100.0,REIMS,51,454,DM,629,2,2.0,Appartement,53.0,2.0
1885653,27/06/2019,Vente,"204000,00",13.0,RUE,4320,GUSTAVE LAURENT,51100.0,REIMS,51,454,CL,91,4,2.0,Appartement,97.0,3.0
1885657,20/06/2019,Vente,"53300,00",108.0,AV,4900,JEAN JAURES,51100.0,REIMS,51,454,CW,267,2,2.0,Appartement,25.0,1.0
1885661,20/06/2019,Vente,"167000,00",28.0,RUE,6178,MIGUEL DE CERVANTES,51100.0,REIMS,51,454,EX,121,1,2.0,Appartement,82.0,3.0
1885664,27/06/2019,Vente,"141300,00",16.0,RUE,8230,DES SALINES,51100.0,REIMS,51,454,CZ,186,4,2.0,Appartement,57.0,3.0
1885672,28/06/2019,Vente en l'état futur d'achèvement,"260000,00",33.0,RUE,6920,PETIT DELBOURG,51100.0,REIMS,51,454,CL,579,1,2.0,Appartement,70.0,3.0
1885673,27/06/2019,Vente en l'état futur d'achèvement,"213924,00",33.0,RUE,6920,PETIT DELBOURG,51100.0,REIMS,51,454,CL,579,1,2.0,Appartement,54.0,2.0
1885678,01/07/2019,Vente,"81300,00",14.0,RUE,8480,DE TAISSY,51100.0,REIMS,51,454,DK,233,2,2.0,Appartement,69.0,4.0
1885685,28/06/2019,Vente,"79000,00",64.0,AV,4900,JEAN JAURES,51100.0,REIMS,51,454,CW,647,1,2.0,Appartement,39.0,2.0
1885688,28/06/2019,Vente,"103000,00",52.0,PL,5790,MAGNEUX,51100.0,REIMS,51,454,AR,541,1,2.0,Appartement,50.0,2.0
1885690,27/06/2019,Vente en l'état futur d'achèvement,"214000,00",,RUE,5891,MARCEL THIL,51100.0,REIMS,51,454,AV,1091,1,2.0,Appartement,56.0,2.0
1885693,27/06/2019,Vente,"246000,00",12.0,RUE,2260,CONDORCET,51100.0,REIMS,51,454,IL,185,2,2.0,Appartement,77.0,3.0
1885696,14/06/2019,Vente,"162060,00",3.0,RUE,8290,16E ET 22E DRAGONS,51100.0,REIMS,51,454,CK,17,2,2.0,Appartement,85.0,4.0
1885754,25/06/2019,Vente,"49700,00",36.0,RUE,5090,JULES GUICHARD,51100.0,REIMS,51,454,AV,185,1,2.0,Appartement,14.0,1.0
1885759,26/06/2019,Vente,"103500,00",18.0,RUE,7040,PIERRET,51100.0,REIMS,51,454,AW,141,1,2.0,Appartement,46.0,2.0
1885760,27/06/2019,Vente,"86200,00",2.0,BD,6955,DES PHENICIENS,51100.0,REIMS,51,454,EV,594,2,2.0,Appartement,68.0,3.0
1885765,25/06/2019,Vente,"118000,00",53.0,ESP,3590,FLECHAMBAULT,51100.0,REIMS,51,454,DM,638,2,2.0,Appartement,72.0,3.0
1885766,28/06/2019,Vente en l'état futur d'achèvement,"243000,00",28.0,CHS,0980,BOCQUAINE,51100.0,REIMS,51,454,HZ,172,1,2.0,Appartement,68.0,3.0
1885769,02/07/2019,Vente,"160000,00",70.0,PROM,6867,DU PEIGNAGE,51100.0,REIMS,51,454,CT,533,1,2.0,Appartement,46.0,2.0
1885774,26/06/2019,Vente,"108030,00",106.0,RUE,3850,GAMBETTA,51100.0,REIMS,51,454,CY,341,1,2.0,Appartement,15.0,1.0
1885775,26/06/2019,Vente,"108030,00",106.0,RUE,3850,GAMBETTA,51100.0,REIMS,51,454,CY,341,1,2.0,Appartement,13.0,1.0
1885776,26/06/2019,Vente,"108030,00",106.0,RUE,3850,GAMBETTA,51100.0,REIMS,51,454,CY,341,1,2.0,Appartement,13.0,1.0
1885780,21/06/2019,Vente,"107000,00",150.0,BD,7960,ST MARCEAUX,51100.0,REIMS,51,454,CK,372,1,2.0,Appartement,65.0,3.0
1885781,24/06/2019,Vente,"86202,00",6.0,PL,7990,ST NICAISE,51100.0,REIMS,51,454,CZ,130,1,2.0,Appartement,33.0,1.0
1885785,28/06/2019,Vente,"88000,00",11.0,RUE,4307,GUILLAUME APOLLINAIRE,51100.0,REIMS,51,454,KP,30,1,2.0,Appartement,55.0,2.0
1885786,28/06/2019,Vente en l'état futur d'achèvement,"233500,00",,RUE,5891,MARCEL THIL,51100.0,REIMS,51,454,AV,1091,1,2.0,Appartement,68.0,3.0
1885789,25/06/2019,Vente,"115000,00",25.0,RUE,7160,PONSARDIN,51100.0,REIMS,51,454,CX,106,2,2.0,Appartement,56.0,2.0
1885795,26/06/2019,Vente,"136000,00",155.0,RUE,1590,DE CERNAY,51100.0,REIMS,51,454,CV,96,1,2.0,Appartement,67.0,3.0
1885806,27/06/2019,Vente en l'état futur d'achèvement,"201500,00",,RUE,5891,MARCEL THIL,51100.0,REIMS,51,454,AV,1091,1,2.0,Appartement,54.0,2.0
1885816,28/06/2019,Vente en l'état futur d'achèvement,"256000,00",33.0,RUE,6920,PETIT DELBOURG,51100.0,REIMS,51,454,CL,579,1,2.0,Appartement,63.0,3.0
1885824,19/06/2019,Vente,"199500,00",1.0,AV,4010,GEORGES CLEMENCEAU,51100.0,REIMS,51,454,CK,312,1,2.0,Appartement,96.0,5.0
1885844,12/06/2019,Vente,"177100,00",10.0,RUE,6740,PASSE DEMOISELLES,51100.0,REIMS,51,454,HX,92,1,2.0,Appartement,93.0,4.0
1885848,05/07/2019,Vente,"112000,00",9.0,RUE,0010,ABBE DE L EPEE,51100.0,REIMS,51,454,IK,288,2,2.0,Appartement,56.0,2.0
1885851,03/07/2019,Vente,"245000,00",24.0,RUE,6760,PAUL ADAM,51100.0,REIMS,51,454,IK,1463,2,2.0,Appartement,87.0,3.0
1885853,27/06/2019,Vente,"68900,00",10.0,RUE,7015,PIERRE DE COUBERTIN,51100.0,REIMS,51,454,AE,292,1,2.0,Appartement,56.0,3.0
1885862,17/06/2019,Vente,"93300,00",60.0,RUE,2080,CLOVIS CHEZEL,51100.0,REIMS,51,454,DN,444,1,2.0,Appartement,48.0,3.0
1885866,20/06/2019,Vente,"88500,00",54.0,RUE,2430,DE COURCELLES,51100.0,REIMS,51,454,AR,808,1,2.0,Appartement,39.0,2.0
1885869,05/07/2019,Vente,"130000,00",11.0,RUE,6230,DU MONT D ARENE,51100.0,REIMS,51,454,AT,91,2,2.0,Appartement,48.0,3.0
1885870,13/06/2019,Vente,"450000,00",58.0,RUE,1110,BOULARD,51100.0,REIMS,51,454,IK,1349,1,2.0,Appartement,190.0,9.0
1885872,26/06/2019,Vente,"62500,00",106.0,RUE,3850,GAMBETTA,51100.0,REIMS,51,454,CY,341,1,2.0,Appartement,23.0,1.0
1885873,27/06/2019,Vente,"360000,00",29.0,BD,3640,FOCH,51100.0,REIMS,51,454,IL,476,1,2.0,Appartement,104.0,4.0
1885874,28/06/2019,Vente,"115850,00",8.0,RUE,2192,COMMANDANT ARNAUD,51100.0,REIMS,51,454,AL,402,2,2.0,Appartement,79.0,4.0
1885881,28/06/2019,Vente,"148500,00",58.0,AV,3320,D EPERNAY,51100.0,REIMS,51,454,HW,50,2,2.0,Appartement,80.0,3.0
1885883,28/06/2019,Vente,"75000,00",20.0,RUE,0910,DE BEZANNES,51100.0,REIMS,51,454,HW,433,1,2.0,Appartement,38.0,2.0
1885886,03/07/2019,Vente,"320000,00",47.0,RUE,7710,RUINART DE BRIMONT,51100.0,REIMS,51,454,CW,420,0,2.0,Appartement,44.0,3.0
1885887,03/07/2019,Vente,"320000,00",47.0,RUE,7710,RUINART DE BRIMONT,51100.0,REIMS,51,454,CW,420,0,2.0,Appartement,42.0,3.0
1885888,03/07/2019,Vente,"320000,00",47.0,RUE,7710,RUINART DE BRIMONT,51100.0,REIMS,51,454,CW,420,0,2.0,Appartement,52.0,3.0
1885889,10/07/2019,Vente en l'état futur d'achèvement,"155000,00",33.0,RUE,6920,PETIT DELBOURG,51100.0,REIMS,51,454,CL,579,1,2.0,Appartement,48.0,2.0
1885890,28/06/2019,Vente,"100000,00",31.0,RUE,4770,DU JARD,51100.0,REIMS,51,454,IK,183,2,2.0,Appartement,44.0,3.0
1885894,28/06/2019,Vente,"124500,00",,IMP,2410,DE COURCELLES,51100.0,REIMS,51,454,AR,910,1,2.0,Appartement,58.0,2.0
1885899,28/06/2019,Vente,"117000,00",11.0,IMP,2410,DE COURCELLES,51100.0,REIMS,51,454,AR,910,1,2.0,Appartement,47.0,2.0
1885900,11/07/2019,Vente,"178000,00",13.0,RUE,2070,CLOVIS,51100.0,REIMS,51,454,IK,899,2,2.0,Appartement,74.0,4.0
1885901,23/05/2019,Vente,"55000,00",34.0,BD,9070,VICTOR HUGO,51100.0,REIMS,51,454,CZ,190,2,2.0,Appartement,34.0,1.0
1885907,02/07/2019,Vente,"55500,00",106.0,RUE,3850,GAMBETTA,51100.0,REIMS,51,454,CY,341,1,2.0,Appartement,19.0,1.0
1885915,21/06/2019,Vente,"47000,00",12.0,ESP,6772,PAUL CEZANNE,51100.0,REIMS,51,454,KR,4,2,2.0,Appartement,59.0,3.0
1885925,03/07/2019,Vente,"138500,00",27.0,RUE,0200,D ALSACE LORRAINE,51100.0,REIMS,51,454,CT,392,2,2.0,Appartement,82.0,4.0
1885940,27/06/2019,Vente,"63000,00",21.0,RUE,1590,DE CERNAY,51100.0,REIMS,51,454,CW,124,1,2.0,Appartement,41.0,2.0
1885942,21/06/2019,Vente en l'état futur d'achèvement,"267000,00",7.0,RUE,0400,ARMONVILLE,51100.0,REIMS,51,454,CZ,678,1,2.0,Appartement,82.0,3.0
1885945,21/06/2019,Vente en l'état futur d'achèvement,"262000,00",7.0,RUE,0400,ARMONVILLE,51100.0,REIMS,51,454,CZ,678,1,2.0,Appartement,72.0,3.0
1885947,21/06/2019,Vente en l'état futur d'achèvement,"175166,00",,RUE,4220,GRANDVAL,51100.0,REIMS,51,454,CL,989,1,2.0,Appartement,44.0,2.0
1885949,02/07/2019,Vente,"125000,00",27.0,RUE,4250,DE GRIGNY,51100.0,REIMS,51,454,AM,280,2,2.0,Appartement,45.0,3.0
1885950,25/06/2019,Vente en l'état futur d'achèvement,"462000,00",,IMP,5470,DU LEVANT,51100.0,REIMS,51,454,CX,495,1,2.0,Appartement,115.0,4.0
1885954,12/07/2019,Vente,"345000,00",197.0,AV,5300,DE LAON,51100.0,REIMS,51,454,AV,24,6,2.0,Appartement,160.0,6.0
1885965,03/07/2019,Vente,"288000,00",11.0,BD,7960,ST MARCEAUX,51100.0,REIMS,51,454,CK,17,2,2.0,Appartement,147.0,7.0
1885968,24/06/2019,Vente,"174200,00",85.0,RUE,2290,COQUEBERT,51100.0,REIMS,51,454,BI,824,1,2.0,Appartement,93.0,5.0
1885973,21/06/2019,Vente,"164900,00",29.0,BD,7960,ST MARCEAUX,51100.0,REIMS,51,454,CK,312,1,2.0,Appartement,88.0,4.0
1885976,12/07/2019,Vente,"134000,00",1.0,RUE,1920,DE CHEVIGNE,51100.0,REIMS,51,454,CL,154,2,2.0,Appartement,63.0,3.0
1885978,10/07/2019,Vente,"67000,00",14.0,RUE,5810,MAILLEFER,51100.0,REIMS,51,454,AV,314,3,2.0,Appartement,28.0,2.0
1885980,15/07/2019,Vente,"168000,00",32.0,BD,4760,JAMIN,51100.0,REIMS,51,454,BI,854,3,2.0,Appartement,81.0,4.0
1885982,01/07/2019,Vente,"86800,00",12.0,RUE,7015,PIERRE DE COUBERTIN,51100.0,REIMS,51,454,AE,292,1,2.0,Appartement,72.0,4.0
1885987,28/06/2019,Vente,"128800,00",11.0,ESP,5446,LE ROUET,51100.0,REIMS,51,454,CT,390,1,2.0,Appartement,81.0,3.0
1885993,01/07/2019,Vente,"371000,00",2.0,RUE,1390,DES CAPUCINS,51100.0,REIMS,51,454,IK,922,1,2.0,Appartement,110.0,4.0
1885994,01/07/2019,Vente,"37750,00",22.0,RUE,0820,DE BERRU,51100.0,REIMS,51,454,CW,354,2,2.0,Appartement,25.0,1.0
1886000,03/07/2019,Vente,"58000,00",6.0,RUE,4100,DES GOBELINS,51100.0,REIMS,51,454,CV,1070,1,2.0,Appartement,28.0,1.0
1886003,15/07/2019,Vente,"120000,00",29.0,RUE,7100,DES POISSONNIERS,51100.0,REIMS,51,454,IM,219,2,2.0,Appartement,64.0,2.0
1886005,12/07/2019,Vente,"105750,00",15.0,RUE,5920,M CLEMENCE FOURIAUX,51100.0,REIMS,51,454,AT,84,2,2.0,Appartement,50.0,2.0
1886013,03/07/2019,Vente,"70000,00",28.0,RUE,2290,COQUEBERT,51100.0,REIMS,51,454,BH,82,1,2.0,Appartement,29.0,1.0
1886018,10/07/2019,Vente en l'état futur d'achèvement,"206220,00",33.0,RUE,6920,PETIT DELBOURG,51100.0,REIMS,51,454,CL,579,1,2.0,Appartement,54.0,2.0
1886019,11/07/2019,Vente,"180000,00",8.0,RUE,3140,DE L ECREVISSE,51100.0,REIMS,51,454,IL,485,2,2.0,Appartement,64.0,2.0
1886022,03/07/2019,Vente,"126000,00",9.0,RUE,2440,DE COURLANCY,51100.0,REIMS,51,454,HX,554,1,2.0,Appartement,59.0,2.0
1886023,11/07/2019,Vente,"70000,00",13.0,PL,8711,TOULOUSE LAUTREC,51100.0,REIMS,51,454,KR,29,2,2.0,Appartement,51.0,2.0
1886024,15/07/2019,Vente,"87000,00",14.0,RUE,8820,DES 3 PILIERS,51100.0,REIMS,51,454,AW,77,2,2.0,Appartement,48.0,3.0
1886025,12/07/2019,Vente,"116500,00",5.0,AV,4010,GEORGES CLEMENCEAU,51100.0,REIMS,51,454,CK,29,2,2.0,Appartement,73.0,4.0
1886029,01/07/2019,Vente,"335000,00",5.0,RUE,5800,DE MAGNEUX,51100.0,REIMS,51,454,AR,1022,0,2.0,Appartement,53.0,3.0
1886030,01/07/2019,Vente,"335000,00",5.0,RUE,5800,DE MAGNEUX,51100.0,REIMS,51,454,AR,1022,0,2.0,Appartement,70.0,3.0
1886031,01/07/2019,Vente,"335000,00",5.0,RUE,5800,DE MAGNEUX,51100.0,REIMS,51,454,AR,1022,0,2.0,Appartement,38.0,2.0
1886032,03/07/2019,Vente,"154850,10",6.0,PL,7990,ST NICAISE,51100.0,REIMS,51,454,CZ,130,1,2.0,Appartement,61.0,2.0
1886035,15/07/2019,Vente,"60500,00",5.0,PL,5700,LUTON,51100.0,REIMS,51,454,AX,357,1,2.0,Appartement,24.0,1.0
1886043,27/06/2019,Vente,"140000,00",6.0,RUE,2192,COMMANDANT ARNAUD,51100.0,REIMS,51,454,AL,402,2,2.0,Appartement,103.0,5.0
1886045,24/06/2019,Vente en l'état futur d'achèvement,"161835,00",,RUE,4220,GRANDVAL,51100.0,REIMS,51,454,CL,1000,1,2.0,Appartement,39.0,2.0
1886048,24/06/2019,Vente,"215000,00",1.0,RUE,4450,HENRI DELACROIX,51100.0,REIMS,51,454,IK,800,4,2.0,Appartement,99.0,4.0
1886051,28/06/2019,Vente,"220000,00",125.0,RUE,9040,DE VESLE,51100.0,REIMS,51,454,IK,1346,1,2.0,Appartement,79.0,4.0
1886062,15/07/2019,Vente,"68000,00",5.0,PL,5700,LUTON,51100.0,REIMS,51,454,AX,357,1,2.0,Appartement,28.0,1.0
1886064,01/07/2019,Vente en l'état futur d'achèvement,"159000,00",21.0,RUE,7860,SAINT HILAIRE,51100.0,REIMS,51,454,BE,220,1,2.0,Appartement,28.0,1.0
1886070,02/07/2019,Vente,"92000,00",29.0,RUE,4160,DE LA GOULETTE,51100.0,REIMS,51,454,BL,469,2,2.0,Appartement,71.0,3.0
1886077,05/07/2019,Vente,"45000,00",10.0,RUE,4870,JEAN DE FOIGNY,51100.0,REIMS,51,454,DO,591,1,2.0,Appartement,41.0,2.0
1886078,05/07/2019,Vente,"45000,00",10.0,RUE,4870,JEAN DE FOIGNY,51100.0,REIMS,51,454,DO,591,1,2.0,Appartement,41.0,2.0
1886082,03/07/2019,Vente,"92000,00",14.0,AV,3455,DE L EUROPE,51100.0,REIMS,51,454,CN,577,1,2.0,Appartement,91.0,4.0
1886084,26/06/2019,Vente en l'état futur d'achèvement,"110106,00",,RUE,4220,GRANDVAL,51100.0,REIMS,51,454,CL,1000,1,2.0,Appartement,25.0,1.0
1886087,26/06/2019,Vente en l'état futur d'achèvement,"218097,00",,RUE,4220,GRANDVAL,51100.0,REIMS,51,454,CL,1000,1,2.0,Appartement,61.0,3.0
1886088,21/06/2019,Vente,"68500,00",36.0,RUE,5920,M CLEMENCE FOURIAUX,51100.0,REIMS,51,454,AV,304,1,2.0,Appartement,29.0,1.0
1886090,24/06/2019,Vente en l'état futur d'achèvement,"472000,00",21.0,RUE,7860,SAINT HILAIRE,51100.0,REIMS,51,454,BE,220,1,2.0,Appartement,81.0,3.0
1886091,03/07/2019,Vente,"94500,00",144.0,RUE,4770,DU JARD,51100.0,REIMS,51,454,IK,1359,1,2.0,Appartement,54.0,2.0
1886094,29/06/2019,Vente,"124000,00",2.0,RUE,4150,GOSSET,51100.0,REIMS,51,454,BD,99,1,2.0,Appartement,69.0,3.0
1886097,02/07/2019,Vente,"185500,00",32.0,RUE,1110,BOULARD,51100.0,REIMS,51,454,IK,611,4,2.0,Appartement,70.0,2.0
1886106,02/07/2019,Vente,"118000,00",51.0,BD,4550,HENRY VASNIER,51100.0,REIMS,51,454,CI,77,1,2.0,Appartement,32.0,2.0
1886107,03/07/2019,Vente,"102000,00",51.0,RUE,7010,PIERRE BROSSOLETTE,51100.0,REIMS,51,454,AR,817,1,2.0,Appartement,44.0,2.0
1886108,15/07/2019,Vente,"123000,00",22.0,RUE,5400,LEON FAUCHER,51100.0,REIMS,51,454,BC,23,2,2.0,Appartement,64.0,4.0
1886117,24/06/2019,Vente en l'état futur d'achèvement,"307000,00",7.0,RUE,0400,ARMONVILLE,51100.0,REIMS,51,454,CZ,678,1,2.0,Appartement,79.0,3.0
1886118,03/07/2019,Vente,"124000,00",4.0,RUE,5260,LAMOUCHE,51100.0,REIMS,51,454,AV,681,2,2.0,Appartement,60.0,3.0
1886122,01/07/2019,Vente en l'état futur d'achèvement,"495000,00",21.0,RUE,7860,SAINT HILAIRE,51100.0,REIMS,51,454,BE,220,1,2.0,Appartement,81.0,3.0
1886125,28/06/2019,Vente,"75500,00",57.0,RUE,6830,P VAILLANT COUTURIER,51100.0,REIMS,51,454,AV,49,1,2.0,Appartement,42.0,2.0
1886132,11/07/2019,Vente,"138875,00",10.0,RUE,8330,SIMON,51100.0,REIMS,51,454,DM,637,1,2.0,Appartement,87.0,4.0
1886135,12/07/2019,Vente,"94750,00",113.0,RUE,9040,DE VESLE,51100.0,REIMS,51,454,IK,1347,1,2.0,Appartement,30.0,1.0
1886138,28/06/2019,Vente en l'état futur d'achèvement,"169500,00",78.0,AV,1809,CHARLES FANDRE,51100.0,REIMS,51,454,CT,607,1,2.0,Appartement,68.0,3.0
1886140,24/06/2019,Vente,"320300,00",31.0,RUE,1170,BRANLY,51100.0,REIMS,51,454,HW,438,0,2.0,Appartement,110.0,3.0
1886141,24/06/2019,Vente,"320300,00",31.0,RUE,1170,BRANLY,51100.0,REIMS,51,454,HW,438,0,2.0,Appartement,40.0,2.0
1886142,24/06/2019,Vente,"320300,00",31.0,RUE,1170,BRANLY,51100.0,REIMS,51,454,HW,438,0,2.0,Appartement,35.0,2.0
1886143,24/06/2019,Vente,"320300,00",31.0,RUE,1170,BRANLY,51100.0,REIMS,51,454,HW,438,0,2.0,Appartement,35.0,2.0
1886146,24/06/2019,Vente,"320300,00",31.0,RUE,1170,BRANLY,51100.0,REIMS,51,454,HW,438,0,2.0,Appartement,40.0,2.0
1886148,12/07/2019,Vente,"113000,00",217.0,RUE,0600,DU BARBATRE,51100.0,REIMS,51,454,CZ,603,2,2.0,Appartement,45.0,2.0
1886151,21/06/2019,Vente,"155000,00",2.0,RUE,8720,TOURNEBONNEAU,51100.0,REIMS,51,454,DM,634,2,2.0,Appartement,79.0,4.0
1886156,25/06/2019,Vente,"76220,00",130.0,RUE,6830,P VAILLANT COUTURIER,51100.0,REIMS,51,454,AN,192,1,2.0,Appartement,45.0,2.0
1886157,03/07/2019,Vente,"91000,00",1.0,RUE,6835,PAUL VERLAINE,51100.0,REIMS,51,454,AD,521,2,2.0,Appartement,65.0,3.0
1886172,25/06/2019,Vente,"112000,00",3.0,RUE,6740,PASSE DEMOISELLES,51100.0,REIMS,51,454,HX,441,2,2.0,Appartement,74.0,3.0
1886179,17/07/2019,Vente,"77000,00",143.0,RUE,2440,DE COURLANCY,51100.0,REIMS,51,454,HY,38,1,2.0,Appartement,33.0,1.0
1886183,16/07/2019,Vente,"520000,00",138.0,AV,4900,JEAN JAURES,51100.0,REIMS,51,454,CV,911,2,2.0,Appartement,34.0,2.0
1886184,16/07/2019,Vente,"520000,00",138.0,AV,4900,JEAN JAURES,51100.0,REIMS,51,454,CV,911,2,2.0,Appartement,29.0,1.0
1886185,16/07/2019,Vente,"520000,00",138.0,AV,4900,JEAN JAURES,51100.0,REIMS,51,454,CV,911,2,2.0,Appartement,34.0,2.0
1886186,16/07/2019,Vente,"520000,00",138.0,AV,4900,JEAN JAURES,51100.0,REIMS,51,454,CV,911,2,2.0,Appartement,32.0,2.0
1886187,16/07/2019,Vente,"520000,00",138.0,AV,4900,JEAN JAURES,51100.0,REIMS,51,454,CV,911,1,2.0,Appartement,37.0,2.0
1886188,16/07/2019,Vente,"520000,00",138.0,AV,4900,JEAN JAURES,51100.0,REIMS,51,454,CV,911,2,2.0,Appartement,34.0,2.0
1886189,16/07/2019,Vente,"520000,00",138.0,AV,4900,JEAN JAURES,51100.0,REIMS,51,454,CV,911,2,2.0,Appartement,34.0,2.0
1886191,16/07/2019,Vente,"130000,00",1.0,RUE,6880,PERIN,51100.0,REIMS,51,454,AV,327,1,2.0,Appartement,64.0,3.0
1886192,08/07/2019,Vente,"105000,00",43.0,RUE,5490,LIBERGIER,51100.0,REIMS,51,454,IK,637,1,2.0,Appartement,53.0,2.0
1886197,18/07/2019,Vente,"136500,00",16.0,RUE,4035,GERARD PHILIPE,51100.0,REIMS,51,454,CI,67,1,2.0,Appartement,49.0,2.0
1886199,03/07/2019,Vente,"134300,00",13.0,RUE,0175,ALPHONSE DAUDET,51100.0,REIMS,51,454,HV,978,2,2.0,Appartement,89.0,5.0
1886200,05/07/2019,Vente,"153000,00",12.0,RUE,8950,DE VENISE,51100.0,REIMS,51,454,IK,1335,1,2.0,Appartement,90.0,4.0
1886207,05/07/2019,Vente,"321137,44",213.0,RUE,6470,DE NEUFCHATEL,51100.0,REIMS,51,454,AH,79,1,2.0,Appartement,71.0,3.0
1886208,05/07/2019,Vente,"321137,44",213.0,RUE,6470,DE NEUFCHATEL,51100.0,REIMS,51,454,AH,79,1,2.0,Appartement,68.0,3.0
1886218,18/07/2019,Vente,"44000,00",18.0,RUE,0300,ANQUETIL,51100.0,REIMS,51,454,AV,210,3,2.0,Appartement,38.0,2.0
1886225,04/07/2019,Vente,"196700,00",17.0,ESP,5446,LE ROUET,51100.0,REIMS,51,454,CT,390,1,2.0,Appartement,61.0,3.0
1886227,04/07/2019,Vente,"196700,00",27.0,ESP,5446,LE ROUET,51100.0,REIMS,51,454,CT,390,1,2.0,Appartement,121.0,7.0
1886235,08/07/2019,Vente,"75000,00",60.0,PL,3040,DROUET D ERLON,51100.0,REIMS,51,454,IL,337,2,2.0,Appartement,22.0,1.0
1886240,12/07/2019,Vente,"135000,00",68.0,RUE,6330,DES MOULINS,51100.0,REIMS,51,454,CY,411,1,2.0,Appartement,52.0,2.0
1886244,01/07/2019,Vente,"105000,00",12.0,RUE,0254,ANDRE FAIVRE,51100.0,REIMS,51,454,KP,16,1,2.0,Appartement,70.0,3.0
1886246,05/07/2019,Vente,"158000,00",158.0,AV,4900,JEAN JAURES,51100.0,REIMS,51,454,CV,981,1,2.0,Appartement,84.0,3.0
1886251,09/07/2019,Vente,"87900,00",6.0,RUE,1020,BONHOMME,51100.0,REIMS,51,454,BE,86,1,2.0,Appartement,40.0,2.0
1886252,04/07/2019,Vente,"162000,00",124.0,RUE,1390,DES CAPUCINS,51100.0,REIMS,51,454,CY,748,1,2.0,Appartement,67.0,3.0
1886266,11/07/2019,Vente,"236000,00",100.0,RUE,1740,CHANZY,51100.0,REIMS,51,454,IK,143,1,2.0,Appartement,121.0,7.0
1886272,12/07/2019,Vente,"70100,00",3.0,BD,7960,ST MARCEAUX,51100.0,REIMS,51,454,CW,381,1,2.0,Appartement,40.0,2.0
1886273,05/07/2019,Vente,"79000,00",172.0,RUE,8090,SAINT THIERRY,51100.0,REIMS,51,454,AD,462,1,2.0,Appartement,35.0,2.0
1886278,05/07/2019,Vente,"93480,00",62.0,RUE,4770,DU JARD,51100.0,REIMS,51,454,IK,1324,1,2.0,Appartement,22.0,1.0
1886279,29/06/2019,Vente,"93000,00",2.0,RUE,5750,DE MACON,51100.0,REIMS,51,454,CX,163,2,2.0,Appartement,33.0,1.0
1886280,26/06/2019,Vente,"54500,00",12.0,RUE,1850,DU CHATEAU PORTE MARS,51100.0,REIMS,51,454,BE,370,3,2.0,Appartement,22.0,1.0
1886284,11/07/2019,Vente,"67000,00",324.0,AV,5300,DE LAON,51100.0,REIMS,51,454,AM,672,2,2.0,Appartement,42.0,2.0
1886299,11/07/2019,Vente,"124500,00",,IMP,2410,DE COURCELLES,51100.0,REIMS,51,454,AR,910,1,2.0,Appartement,68.0,3.0
1886302,08/07/2019,Vente,"124500,00",110.0,RUE,8980,VERNOUILLET,51100.0,REIMS,51,454,AS,380,1,2.0,Appartement,41.0,2.0
1886305,17/07/2019,Vente,"227000,00",11.0,RUE,7160,PONSARDIN,51100.0,REIMS,51,454,CX,96,6,2.0,Appartement,47.0,2.0
1886315,18/07/2019,Vente,"42700,00",1.0,RUE,8670,DE TINQUEUX,51100.0,REIMS,51,454,IO,80,2,2.0,Appartement,25.0,2.0
1886316,12/07/2019,Vente,"123000,00",35.0,RUE,2570,CROUTELLE,51100.0,REIMS,51,454,AV,177,3,2.0,Appartement,44.0,3.0
1886317,02/07/2019,Vente,"350000,00",10.0,RUE,1850,DU CHATEAU PORTE MARS,51100.0,REIMS,51,454,BE,369,0,2.0,Appartement,40.0,2.0
1886318,02/07/2019,Vente,"350000,00",10.0,RUE,1850,DU CHATEAU PORTE MARS,51100.0,REIMS,51,454,BE,369,0,2.0,Appartement,45.0,3.0
1886319,02/07/2019,Vente,"350000,00",10.0,RUE,1850,DU CHATEAU PORTE MARS,51100.0,REIMS,51,454,BE,369,0,2.0,Appartement,40.0,2.0
1886320,02/07/2019,Vente,"350000,00",10.0,RUE,1850,DU CHATEAU PORTE MARS,51100.0,REIMS,51,454,BE,369,0,2.0,Appartement,45.0,2.0
1886321,10/07/2019,Vente,"500000,00",98.0,AV,4900,JEAN JAURES,51100.0,REIMS,51,454,CW,264,0,2.0,Appartement,55.0,2.0
1886322,10/07/2019,Vente,"500000,00",98.0,AV,4900,JEAN JAURES,51100.0,REIMS,51,454,CW,264,0,2.0,Appartement,34.0,2.0
1886324,10/07/2019,Vente,"500000,00",98.0,AV,4900,JEAN JAURES,51100.0,REIMS,51,454,CW,264,0,2.0,Appartement,35.0,1.0
1886325,10/07/2019,Vente,"500000,00",98.0,AV,4900,JEAN JAURES,51100.0,REIMS,51,454,CW,264,0,2.0,Appartement,45.0,2.0
1886327,12/07/2019,Vente,"95500,00",63.0,RUE,1920,DE CHEVIGNE,51100.0,REIMS,51,454,CL,33,2,2.0,Appartement,62.0,3.0
1886330,15/07/2019,Vente,"150000,00",28.0,RUE,1190,DE BRAZZAVILLE,51100.0,REIMS,51,454,CM,268,1,2.0,Appartement,68.0,3.0
1886331,27/06/2019,Vente,"112000,00",42.0,BD,1800,CHARLES ARNOULD,51100.0,REIMS,51,454,AN,206,2,2.0,Appartement,58.0,3.0
1886336,17/07/2019,Vente,"93500,00",20.0,RUE,2975,DR LUCIEN BETTINGER,51100.0,REIMS,51,454,AE,262,2,2.0,Appartement,76.0,4.0
1886337,01/07/2019,Vente,"117000,00",48.0,RUE,8980,VERNOUILLET,51100.0,REIMS,51,454,AS,51,2,2.0,Appartement,44.0,2.0
1886340,26/06/2019,Vente,"138500,00",11.0,RUE,0175,ALPHONSE DAUDET,51100.0,REIMS,51,454,HV,978,2,2.0,Appartement,90.0,5.0
1886345,05/07/2019,Vente,"111000,00",16.0,RUE,8950,DE VENISE,51100.0,REIMS,51,454,IK,1401,1,2.0,Appartement,47.0,2.0
1886358,23/07/2019,Vente,"135000,00",26.0,BD,6750,PASTEUR,51100.0,REIMS,51,454,CY,123,2,2.0,Appartement,65.0,4.0
1886360,02/07/2019,Vente,"172000,00",40.0,RUE,3150,DE L ECU,51100.0,REIMS,51,454,CW,30,1,2.0,Appartement,58.0,3.0
1886362,19/07/2019,Vente,"59000,00",39.0,AV,4455,HENRI FARMAN,51100.0,REIMS,51,454,EK,6,1,2.0,Appartement,19.0,1.0
1886368,11/07/2019,Vente,"280000,00",40.0,RUE,6520,NICOLAS HENRIOT,51100.0,REIMS,51,454,CW,501,2,2.0,Appartement,113.0,4.0
1886370,03/07/2019,Vente,"160000,00",82.0,AV,4010,GEORGES CLEMENCEAU,51100.0,REIMS,51,454,CL,690,2,2.0,Appartement,79.0,4.0
1886372,04/07/2019,Vente,"150000,00",4.0,RUE,0845,BERTRAND DE MUN,51100.0,REIMS,51,454,CN,573,2,2.0,Appartement,90.0,4.0
1886385,01/07/2019,Vente,"82500,00",48.0,BD,4760,JAMIN,51100.0,REIMS,51,454,BI,286,2,2.0,Appartement,42.0,2.0
1886386,17/07/2019,Vente,"320000,00",4.0,PL,0380,ARISTIDE BRIAND,51100.0,REIMS,51,454,CX,85,2,2.0,Appartement,123.0,4.0
1886395,02/07/2019,Vente,"74000,00",199.0,AV,4900,JEAN JAURES,51100.0,REIMS,51,454,BK,331,1,2.0,Appartement,45.0,2.0
1886398,25/06/2019,Vente,"195800,00",7.0,RUE,3517,DE LA FERME DES ANGLAIS,51100.0,REIMS,51,454,CT,606,1,2.0,Appartement,80.0,4.0
1886401,12/07/2019,Vente en l'état futur d'achèvement,"305000,00",21.0,RUE,7860,SAINT HILAIRE,51100.0,REIMS,51,454,BE,220,1,2.0,Appartement,62.0,3.0
1886417,22/07/2019,Vente,"152000,00",121.0,RUE,0600,DU BARBATRE,51100.0,REIMS,51,454,CY,465,2,2.0,Appartement,78.0,4.0
1886420,22/07/2019,Vente,"213000,00",124.0,BD,7960,ST MARCEAUX,51100.0,REIMS,51,454,CK,176,2,2.0,Appartement,77.0,4.0
1886432,22/07/2019,Vente,"124500,00",63.0,RUE,1640,DU CHALET,51100.0,REIMS,51,454,BK,436,2,2.0,Appartement,101.0,4.0
1886436,19/07/2019,Vente,"266400,00",22.0,RUE,4700,DE L ISLE,51100.0,REIMS,51,454,CX,106,2,2.0,Appartement,112.0,5.0
1886441,11/07/2019,Vente,"190700,00",15.0,RUE,5920,M CLEMENCE FOURIAUX,51100.0,REIMS,51,454,AT,84,2,2.0,Appartement,75.0,3.0
1886447,01/07/2019,Vente,"91000,00",56.0,RUE,4740,JACQUART,51100.0,REIMS,51,454,BI,569,2,2.0,Appartement,46.0,2.0
1886449,22/07/2019,Vente,"63000,00",5.0,RUE,6130,MENNESSON TONNELIER,51100.0,REIMS,51,454,AW,293,1,2.0,Appartement,25.0,1.0
1886454,24/07/2019,Vente,"87000,00",98.0,RUE,3850,GAMBETTA,51100.0,REIMS,51,454,CY,336,1,2.0,Appartement,39.0,2.0
1886457,23/07/2019,Vente,"110000,00",38.0,RUE,7710,RUINART DE BRIMONT,51100.0,REIMS,51,454,CW,112,1,2.0,Appartement,78.0,3.0
1886459,18/07/2019,Vente,"219950,00",3.0,RUE,3850,GAMBETTA,51100.0,REIMS,51,454,CY,4,2,2.0,Appartement,89.0,4.0
1886461,11/07/2019,Vente,"132000,00",23.0,BD,0710,DES BELGES,51100.0,REIMS,51,454,AM,89,1,2.0,Appartement,133.0,6.0
1886465,11/07/2019,Vente,"103000,00",42.0,RUE,7010,PIERRE BROSSOLETTE,51100.0,REIMS,51,454,AV,422,2,2.0,Appartement,52.0,1.0
1886466,24/07/2019,Vente,"88000,00",21.0,RUE,6740,PASSE DEMOISELLES,51100.0,REIMS,51,454,HY,184,1,2.0,Appartement,31.0,1.0
1886469,19/07/2019,Vente,"1027450,06",52.0,RUE,5400,LEON FAUCHER,51100.0,REIMS,51,454,BC,269,1,2.0,Appartement,42.0,2.0
1886471,19/07/2019,Vente,"1027450,06",52.0,RUE,5400,LEON FAUCHER,51100.0,REIMS,51,454,BC,269,1,2.0,Appartement,44.0,2.0
1886472,19/07/2019,Vente,"1027450,06",52.0,RUE,5400,LEON FAUCHER,51100.0,REIMS,51,454,BC,269,1,2.0,Appartement,84.0,4.0
1886473,19/07/2019,Vente,"1027450,06",52.0,RUE,5400,LEON FAUCHER,51100.0,REIMS,51,454,BC,269,1,2.0,Appartement,44.0,2.0
1886474,19/07/2019,Vente,"1027450,06",52.0,RUE,5400,LEON FAUCHER,51100.0,REIMS,51,454,BC,269,1,2.0,Appartement,44.0,2.0
1886476,19/07/2019,Vente,"1027450,06",52.0,RUE,5400,LEON FAUCHER,51100.0,REIMS,51,454,BC,269,1,2.0,Appartement,85.0,4.0
1886478,19/07/2019,Vente,"1027450,06",52.0,RUE,5400,LEON FAUCHER,51100.0,REIMS,51,454,BC,269,1,2.0,Appartement,44.0,2.0
1886480,19/07/2019,Vente,"1027450,06",52.0,RUE,5400,LEON FAUCHER,51100.0,REIMS,51,454,BC,269,1,2.0,Appartement,42.0,2.0
1886491,04/07/2019,Vente,"1300000,00",13.0,RUE,1350,DU CADRAN ST PIERRE,51100.0,REIMS,51,454,IL,234,0,2.0,Appartement,128.0,5.0
1886492,04/07/2019,Vente,"1300000,00",13.0,RUE,1350,DU CADRAN ST PIERRE,51100.0,REIMS,51,454,IL,234,0,2.0,Appartement,35.0,2.0
1886494,04/07/2019,Vente,"1300000,00",13.0,RUE,1350,DU CADRAN ST PIERRE,51100.0,REIMS,51,454,IL,234,0,2.0,Appartement,104.0,5.0
1886495,04/07/2019,Vente,"1300000,00",13.0,RUE,1350,DU CADRAN ST PIERRE,51100.0,REIMS,51,454,IL,234,0,2.0,Appartement,105.0,4.0
1886500,18/07/2019,Vente en l'état futur d'achèvement,"184200,00",7.0,RUE,3517,DE LA FERME DES ANGLAIS,51100.0,REIMS,51,454,CT,606,1,2.0,Appartement,69.0,3.0
1886503,18/07/2019,Vente,"114000,00",229.0,RUE,2440,DE COURLANCY,51100.0,REIMS,51,454,DN,229,1,2.0,Appartement,56.0,1.0
1886507,18/07/2019,Vente,"162600,00",7.0,RUE,3517,DE LA FERME DES ANGLAIS,51100.0,REIMS,51,454,CT,606,1,2.0,Appartement,69.0,3.0
1886524,11/07/2019,Vente,"109000,00",133.0,BD,7140,POMMERY,51100.0,REIMS,51,454,CI,65,2,2.0,Appartement,57.0,2.0
1886529,25/07/2019,Vente,"240000,00",4.0,RUE,3100,DE L ECAILLE,51100.0,REIMS,51,454,DM,629,2,2.0,Appartement,121.0,6.0
1886531,24/07/2019,Vente,"189000,00",24.0,RUE,5400,LEON FAUCHER,51100.0,REIMS,51,454,BC,403,1,2.0,Appartement,126.0,3.0
1886533,24/07/2019,Vente en l'état futur d'achèvement,"204862,00",33.0,RUE,6920,PETIT DELBOURG,51100.0,REIMS,51,454,CL,579,1,2.0,Appartement,55.0,2.0
1886539,25/06/2019,Vente,"105000,00",3.0,BD,2830,DIEU LUMIERE,51100.0,REIMS,51,454,DM,638,2,2.0,Appartement,68.0,3.0
1886540,25/07/2019,Vente en l'état futur d'achèvement,"230000,00",33.0,RUE,6920,PETIT DELBOURG,51100.0,REIMS,51,454,CL,579,1,2.0,Appartement,66.0,3.0
1886547,16/07/2019,Vente,"100800,00",1.0,PL,7990,ST NICAISE,51100.0,REIMS,51,454,CZ,188,1,2.0,Appartement,51.0,3.0
1886548,19/07/2019,Vente,"72000,00",11.0,RUE,6210,DES MOISSONS,51100.0,REIMS,51,454,CW,637,1,2.0,Appartement,22.0,1.0
1886551,12/07/2019,Vente,"111800,00",17.0,RUE,7015,PIERRE DE COUBERTIN,51100.0,REIMS,51,454,AE,110,1,2.0,Appartement,90.0,5.0
1886559,11/07/2019,Vente,"266100,00",14.0,PL,3690,DU FORUM,51100.0,REIMS,51,454,BE,115,1,2.0,Appartement,80.0,5.0
1886561,08/07/2019,Vente,"90500,00",1.0,AV,4010,GEORGES CLEMENCEAU,51100.0,REIMS,51,454,CK,312,1,2.0,Appartement,47.0,2.0
1886562,25/07/2019,Vente,"60500,00",59.0,RUE,6230,DU MONT D ARENE,51100.0,REIMS,51,454,AT,16,1,2.0,Appartement,24.0,1.0
1886564,18/07/2019,Vente en l'état futur d'achèvement,"136500,00",78.0,AV,1809,CHARLES FANDRE,51100.0,REIMS,51,454,CT,607,1,2.0,Appartement,50.0,2.0
1886565,11/07/2019,Vente en l'état futur d'achèvement,"229000,00",28.0,CHS,0980,BOCQUAINE,51100.0,REIMS,51,454,HZ,172,1,2.0,Appartement,64.0,3.0
1886573,19/07/2019,Vente,"182000,00",10.0,RUE,8950,DE VENISE,51100.0,REIMS,51,454,IK,1335,1,2.0,Appartement,99.0,5.0
1886579,12/07/2019,Vente,"301000,00",6.0,AV,0791,BENOIT FRACHON NEUV,51100.0,REIMS,51,454,KE,13,0,2.0,Appartement,115.0,3.0
1886584,12/07/2019,Vente,"148500,00",3.0,IMP,5470,DU LEVANT,51100.0,REIMS,51,454,CX,554,1,2.0,Appartement,38.0,2.0
1886586,29/07/2019,Vente,"140820,00",55.0,RUE,2590,D ESTIENNE D ORVES,51100.0,REIMS,51,454,DV,407,2,2.0,Appartement,66.0,4.0
1886587,12/07/2019,Vente,"391200,00",31.0,RUE,3210,DES ELUS,51100.0,REIMS,51,454,IL,129,1,2.0,Appartement,132.0,6.0
1886589,12/07/2019,Vente,"85000,00",8.0,ALL,2003,CLAUDE MONET,51100.0,REIMS,51,454,DK,198,1,2.0,Appartement,48.0,2.0
1886593,22/07/2019,Vente,"128300,00",35.0,RUE,5260,LAMOUCHE,51100.0,REIMS,51,454,AV,1088,1,2.0,Appartement,65.0,3.0
1886602,08/07/2019,Vente,"167500,00",29.0,BD,7960,ST MARCEAUX,51100.0,REIMS,51,454,CK,312,1,2.0,Appartement,83.0,4.0
1886610,26/07/2019,Vente,"149500,00",2.0,RUE,7710,RUINART DE BRIMONT,51100.0,REIMS,51,454,CW,94,1,2.0,Appartement,67.0,3.0
1886614,18/07/2019,Vente,"342000,00",11.0,RUE,7160,PONSARDIN,51100.0,REIMS,51,454,CX,96,6,2.0,Appartement,47.0,2.0
1886616,05/07/2019,Vente,"170000,00",41.0,RUE,4890,JEAN JACQUES ROUSSEAU,51100.0,REIMS,51,454,BE,46,1,2.0,Appartement,69.0,3.0
1886630,19/07/2019,Vente,"94000,00",69.0,RUE,5891,MARCEL THIL,51100.0,REIMS,51,454,AV,761,2,2.0,Appartement,70.0,4.0
1886631,12/07/2019,Vente en l'état futur d'achèvement,"128553,00",6.0,RUE,8090,SAINT THIERRY,51100.0,REIMS,51,454,AV,1097,1,2.0,Appartement,34.0,1.0
1886632,26/07/2019,Vente,"6000,00",9.0,RUE,6130,MENNESSON TONNELIER,51100.0,REIMS,51,454,AW,263,1,2.0,Appartement,63.0,2.0
1886638,23/07/2019,Vente,"259000,00",7.0,RUE,6570,NOTRE DAME DE L EPINE,51100.0,REIMS,51,454,BE,156,3,2.0,Appartement,84.0,4.0
1886639,22/07/2019,Vente,"63600,00",63.0,RUE,8640,DE THILLOIS,51100.0,REIMS,51,454,IM,170,2,2.0,Appartement,22.0,1.0
1886641,15/07/2019,Vente en l'état futur d'achèvement,"168500,00",78.0,AV,1809,CHARLES FANDRE,51100.0,REIMS,51,454,CT,607,1,2.0,Appartement,68.0,3.0
1886648,26/07/2019,Vente,"110000,00",25.0,ESP,5446,LE ROUET,51100.0,REIMS,51,454,CT,390,2,2.0,Appartement,67.0,3.0
1886652,23/07/2019,Vente,"72000,00",66.0,RUE,6480,DE LA NEUVILLETTE,51100.0,REIMS,51,454,AX,866,1,2.0,Appartement,32.0,2.0
1886653,23/07/2019,Vente,"72000,00",66.0,RUE,6480,DE LA NEUVILLETTE,51100.0,REIMS,51,454,AX,866,1,2.0,Appartement,41.0,2.0
1886656,24/07/2019,Vente,"54000,00",54.0,RUE,1360,CAMILLE LENOIR,51100.0,REIMS,51,454,BH,151,1,2.0,Appartement,22.0,1.0
1886657,24/07/2019,Vente,"98000,00",24.0,RUE,7280,PRESIDENT F ROOSEVELT,51100.0,REIMS,51,454,AT,77,3,2.0,Appartement,54.0,3.0
1886665,23/07/2019,Vente,"95000,00",23.0,RUE,4160,DE LA GOULETTE,51100.0,REIMS,51,454,BL,469,2,2.0,Appartement,71.0,3.0
1886671,15/07/2019,Vente,"165000,00",46.0,AV,4900,JEAN JAURES,51100.0,REIMS,51,454,CW,83,1,2.0,Appartement,68.0,3.0
1886681,19/07/2019,Vente,"325000,00",212.0,AV,4900,JEAN JAURES,51100.0,REIMS,51,454,CT,129,2,2.0,Appartement,256.0,5.0
1886685,15/07/2019,Vente,"49000,00",6.0,RUE,3020,DORIGNY,51100.0,REIMS,51,454,BI,490,2,2.0,Appartement,29.0,2.0
1886688,22/07/2019,Vente,"113000,00",9.0,,3915,GPE GENERAL EISENHOWER,51100.0,REIMS,51,454,HS,216,2,2.0,Appartement,87.0,4.0
1886692,19/07/2019,Vente,"130000,00",46.0,RUE,0970,BLONDEL,51100.0,REIMS,51,454,AX,942,0,2.0,Appartement,40.0,3.0
1886693,19/07/2019,Vente,"130000,00",46.0,RUE,0970,BLONDEL,51100.0,REIMS,51,454,AX,942,0,2.0,Appartement,46.0,3.0
1886695,05/07/2019,Vente,"81000,00",1.0,RUE,8260,SCULPTEURS JACQUES,51100.0,REIMS,51,454,HW,278,2,2.0,Appartement,44.0,2.0
1886696,25/07/2019,Vente,"95000,00",6.0,RUE,5780,DE LA MAGDELEINE,51100.0,REIMS,51,454,IM,505,1,2.0,Appartement,105.0,4.0
1886700,23/07/2019,Vente,"640000,00",33.0,CRS,4850,J B LANGLET,51100.0,REIMS,51,454,IL,264,3,2.0,Appartement,204.0,8.0
1886713,18/07/2019,Vente,"208500,00",2.0,RUE,0375,ARLETTE REMIA,51100.0,REIMS,51,454,HZ,183,1,2.0,Appartement,82.0,3.0
1886715,05/07/2019,Vente,"282000,00",16.0,RUE,8790,DE TRIANON,51100.0,REIMS,51,454,AT,147,0,2.0,Appartement,47.0,2.0
1886716,05/07/2019,Vente,"282000,00",16.0,RUE,8790,DE TRIANON,51100.0,REIMS,51,454,AT,147,0,2.0,Appartement,38.0,2.0
1886717,05/07/2019,Vente,"282000,00",16.0,RUE,8790,DE TRIANON,51100.0,REIMS,51,454,AT,147,0,2.0,Appartement,52.0,3.0
1886719,15/07/2019,Vente,"65000,00",50.0,RUE,1360,CAMILLE LENOIR,51100.0,REIMS,51,454,BH,568,1,2.0,Appartement,35.0,1.0
1886730,22/07/2019,Vente en l'état futur d'achèvement,"865000,00",21.0,RUE,7860,SAINT HILAIRE,51100.0,REIMS,51,454,BE,220,1,2.0,Appartement,131.0,5.0
1886748,16/07/2019,Vente,"178000,00",14.0,RUE,4620,HOUZEAU MUIRON,51100.0,REIMS,51,454,CK,197,2,2.0,Appartement,80.0,4.0
1886755,23/07/2019,Vente en l'état futur d'achèvement,"233240,00",28.0,CHS,0980,BOCQUAINE,51100.0,REIMS,51,454,HZ,172,1,2.0,Appartement,63.0,3.0
1886761,24/07/2019,Vente,"100000,00",209.0,RUE,0600,DU BARBATRE,51100.0,REIMS,51,454,CZ,251,1,2.0,Appartement,44.0,2.0
1886771,22/07/2019,Vente,"150250,00",89.0,RUE,8270,DE SEBASTOPOL,51100.0,REIMS,51,454,BI,75,2,2.0,Appartement,84.0,4.0
1886774,14/06/2019,Vente,"512400,00",13.0,CRS,0250,ANATOLE FRANCE,51100.0,REIMS,51,454,CX,555,2,2.0,Appartement,123.0,5.0
1886777,30/07/2019,Vente,"73000,00",52.0,RUE,4880,JEAN DE LA FONTAINE,51100.0,REIMS,51,454,CV,468,2,2.0,Appartement,34.0,2.0
1886783,30/07/2019,Vente,"116500,00",20.0,RUE,0740,BELIN,51100.0,REIMS,51,454,AX,275,2,2.0,Appartement,52.0,2.0
1886789,12/07/2019,Vente,"105000,00",13.0,RUE,8720,TOURNEBONNEAU,51100.0,REIMS,51,454,DM,630,2,2.0,Appartement,52.0,2.0
1886791,02/07/2019,Vente,"226900,00",11.0,RUE,8580,DES TEMPLIERS,51100.0,REIMS,51,454,BH,528,2,2.0,Appartement,82.0,3.0
1886822,03/07/2019,Vente,"145000,00",27.0,RUE,3800,DES FUSELIERS,51100.0,REIMS,51,454,CX,368,2,2.0,Appartement,61.0,3.0
1886852,22/07/2019,Vente,"136000,00",61.0,RUE,1920,DE CHEVIGNE,51100.0,REIMS,51,454,CL,33,2,2.0,Appartement,91.0,5.0
1886856,24/07/2019,Vente,"190300,00",35.0,RUE,3150,DE L ECU,51100.0,REIMS,51,454,CW,66,2,2.0,Appartement,72.0,3.0
1886859,12/07/2019,Vente,"122000,00",43.0,AV,6730,DE PARIS,51100.0,REIMS,51,454,HX,17,1,2.0,Appartement,41.0,2.0
1886873,18/07/2019,Vente,"43000,00",136.0,RUE,1590,DE CERNAY,51100.0,REIMS,51,454,CV,620,1,2.0,Appartement,19.0,1.0
1886878,17/07/2019,Vente,"59900,00",32.0,RUE,6160,DE METZ,51100.0,REIMS,51,454,CV,520,1,2.0,Appartement,24.0,1.0
1886881,30/07/2019,Vente,"153800,00",20.0,RUE,4810,DES JARDINS,51100.0,REIMS,51,454,AS,356,1,2.0,Appartement,89.0,4.0
1886882,26/07/2019,Vente,"108500,00",11.0,RUE,3180,EDOUARD MIGNOT,51100.0,REIMS,51,454,AT,415,1,2.0,Appartement,44.0,2.0
1886885,25/07/2019,Vente,"690000,00",72.0,RUE,7160,PONSARDIN,51100.0,REIMS,51,454,CX,554,1,2.0,Appartement,45.0,2.0
1886887,25/07/2019,Vente,"77000,00",5.0,RUE,8720,TOURNEBONNEAU,51100.0,REIMS,51,454,DM,628,1,2.0,Appartement,29.0,1.0
1886890,30/07/2019,Vente,"169310,00",52.0,RUE,4880,JEAN DE LA FONTAINE,51100.0,REIMS,51,454,CV,468,2,2.0,Appartement,29.0,2.0
1886891,30/07/2019,Vente,"169310,00",52.0,RUE,4880,JEAN DE LA FONTAINE,51100.0,REIMS,51,454,CV,468,1,2.0,Appartement,31.0,2.0
1886892,30/07/2019,Vente,"169310,00",52.0,RUE,4880,JEAN DE LA FONTAINE,51100.0,REIMS,51,454,CV,468,2,2.0,Appartement,33.0,2.0
1886906,18/07/2019,Vente,"62000,00",61.0,RUE,0610,BARON,51100.0,REIMS,51,454,CL,887,1,2.0,Appartement,36.0,2.0
1886907,29/07/2019,Vente,"99000,00",1.0,RUE,8290,16E ET 22E DRAGONS,51100.0,REIMS,51,454,CK,17,1,2.0,Appartement,58.0,2.0
1886909,17/07/2019,Vente,"290000,00",130.0,RUE,6830,P VAILLANT COUTURIER,51100.0,REIMS,51,454,AN,192,1,2.0,Appartement,121.0,5.0
1886911,22/07/2019,Vente,"58000,00",23.0,RUE,2430,DE COURCELLES,51100.0,REIMS,51,454,AT,334,2,2.0,Appartement,24.0,1.0
1886912,03/07/2019,Vente,"115000,00",74.0,PROM,6867,DU PEIGNAGE,51100.0,REIMS,51,454,CT,536,3,2.0,Appartement,71.0,3.0
1886914,18/07/2019,Vente,"315000,00",53.0,RUE,6470,DE NEUFCHATEL,51100.0,REIMS,51,454,AX,912,0,2.0,Appartement,44.0,2.0
1886915,18/07/2019,Vente,"315000,00",53.0,RUE,6470,DE NEUFCHATEL,51100.0,REIMS,51,454,AX,912,0,2.0,Appartement,49.0,2.0
1886916,18/07/2019,Vente,"315000,00",53.0,RUE,6470,DE NEUFCHATEL,51100.0,REIMS,51,454,AX,912,0,2.0,Appartement,38.0,2.0
1886917,18/07/2019,Vente,"315000,00",53.0,RUE,6470,DE NEUFCHATEL,51100.0,REIMS,51,454,AX,912,0,2.0,Appartement,57.0,3.0
1886918,18/07/2019,Vente,"315000,00",53.0,RUE,6470,DE NEUFCHATEL,51100.0,REIMS,51,454,AX,912,0,2.0,Appartement,43.0,2.0
1886919,04/07/2019,Vente,"52500,00",64.0,RUE,5840,MALDAN,51100.0,REIMS,51,454,AR,165,1,2.0,Appartement,37.0,2.0
1886927,22/07/2019,Vente,"58000,00",23.0,RUE,2430,DE COURCELLES,51100.0,REIMS,51,454,AT,334,2,2.0,Appartement,24.0,1.0
1886928,30/07/2019,Vente,"45000,00",12.0,ESP,6772,PAUL CEZANNE,51100.0,REIMS,51,454,KR,4,2,2.0,Appartement,59.0,3.0
1886930,31/07/2019,Vente,"110600,00",42.0,RUE,3210,DES ELUS,51100.0,REIMS,51,454,IL,248,1,2.0,Appartement,56.0,0.0
1886943,31/07/2019,Vente,"370500,00",37.0,RUE,2430,DE COURCELLES,51100.0,REIMS,51,454,AT,213,0,2.0,Appartement,69.0,3.0
1886944,31/07/2019,Vente,"370500,00",37.0,RUE,2430,DE COURCELLES,51100.0,REIMS,51,454,AT,213,0,2.0,Appartement,69.0,3.0
1886945,31/07/2019,Vente,"370500,00",37.0,RUE,2430,DE COURCELLES,51100.0,REIMS,51,454,AT,213,0,2.0,Appartement,50.0,2.0
1886948,24/07/2019,Vente,"134000,00",2.0,BD,4550,HENRY VASNIER,51100.0,REIMS,51,454,CZ,450,2,2.0,Appartement,65.0,4.0
1886951,25/07/2019,Vente,"80000,00",74.0,RUE,5340,LECOINTRE,51100.0,REIMS,51,454,AV,860,2,2.0,Appartement,45.0,2.0
1886957,15/07/2019,Vente,"74700,00",5.0,,3915,GPE GENERAL EISENHOWER,51100.0,REIMS,51,454,HS,216,2,2.0,Appartement,42.0,2.0
1886965,19/07/2019,Vente,"77000,00",4.0,RUE,9090,VICTOR ROGELET,51100.0,REIMS,51,454,AW,203,2,2.0,Appartement,44.0,2.0
1886967,26/07/2019,Vente,"122000,00",8.0,RUE,0105,ALFRED DE MUSSET,51100.0,REIMS,51,454,AD,830,2,2.0,Appartement,69.0,3.0
1886969,23/07/2019,Vente,"129400,00",43.0,RUE,7730,DE SACY,51100.0,REIMS,51,454,DO,294,1,2.0,Appartement,61.0,3.0
1886974,31/07/2019,Vente,"83300,00",17.0,RUE,7160,PONSARDIN,51100.0,REIMS,51,454,CX,588,1,2.0,Appartement,28.0,2.0
1886975,25/07/2019,Vente,"80000,00",41.0,RUE,4970,JEANNE D ARC,51100.0,REIMS,51,454,IM,348,1,2.0,Appartement,16.0,1.0
1886976,25/07/2019,Vente,"80000,00",41.0,RUE,4970,JEANNE D ARC,51100.0,REIMS,51,454,IM,348,1,2.0,Appartement,23.0,1.0
1886979,01/08/2019,Vente,"135000,00",1.0,RUE,2110,COLASSE,51100.0,REIMS,51,454,DM,634,2,2.0,Appartement,67.0,3.0
1886981,23/07/2019,Vente,"95000,00",22.0,RUE,1830,CHARLIER,51100.0,REIMS,51,454,BI,220,2,2.0,Appartement,37.0,2.0
1886983,15/07/2019,Vente,"240000,00",3.0,RUE,4620,HOUZEAU MUIRON,51100.0,REIMS,51,454,CW,554,2,2.0,Appartement,89.0,4.0
1886986,18/07/2019,Vente,"72000,00",4.0,RUE,9090,VICTOR ROGELET,51100.0,REIMS,51,454,AW,203,2,2.0,Appartement,45.0,2.0
1886990,05/07/2019,Vente en l'état futur d'achèvement,"189000,00",49.0,BD,2650,DAUPHINOT,51100.0,REIMS,51,454,CT,610,1,2.0,Appartement,68.0,3.0
1886991,23/07/2019,Vente,"95000,00",25.0,RUE,3020,DORIGNY,51100.0,REIMS,51,454,BI,600,2,2.0,Appartement,45.0,3.0
1886993,24/07/2019,Vente,"300000,00",24.0,RUE,8090,SAINT THIERRY,51100.0,REIMS,51,454,AV,647,2,2.0,Appartement,84.0,3.0
1886997,31/07/2019,Vente,"130700,00",49.0,RUE,5340,LECOINTRE,51100.0,REIMS,51,454,AV,684,1,2.0,Appartement,56.0,3.0
1886998,24/07/2019,Vente,"83346,00",20.0,RUE,4040,GERBAULT,51100.0,REIMS,51,454,CV,771,2,2.0,Appartement,58.0,3.0
1887006,19/07/2019,Vente,"277770,00",200.0,AV,4900,JEAN JAURES,51100.0,REIMS,51,454,CV,1,1,2.0,Appartement,145.0,4.0
1887009,26/07/2019,Vente,"59000,00",53.0,RUE,6010,MARTIN PELLER,51100.0,REIMS,51,454,HX,506,2,2.0,Appartement,35.0,2.0
1887011,12/07/2019,Vente,"215000,00",11.0,BD,2830,DIEU LUMIERE,51100.0,REIMS,51,454,DM,638,2,2.0,Appartement,81.0,4.0
1887017,25/07/2019,Vente,"113000,00",86.0,RUE,4150,GOSSET,51100.0,REIMS,51,454,BC,153,2,2.0,Appartement,54.0,2.0
1887040,25/07/2019,Vente,"135000,00",25.0,RUE,4070,GERUZEZ,51100.0,REIMS,51,454,AR,301,2,2.0,Appartement,92.0,5.0
1887043,24/07/2019,Vente,"146500,00",26.0,BD,6750,PASTEUR,51100.0,REIMS,51,454,CY,123,2,2.0,Appartement,87.0,5.0
1887046,25/07/2019,Vente,"150500,00",65.0,RUE,1830,CHARLIER,51100.0,REIMS,51,454,BI,627,2,2.0,Appartement,72.0,4.0
1887048,29/07/2019,Vente,"140000,00",96.0,RUE,6330,DES MOULINS,51100.0,REIMS,51,454,CY,737,2,2.0,Appartement,53.0,2.0
1887050,30/07/2019,Vente,"172000,00",79.0,RUE,8950,DE VENISE,51100.0,REIMS,51,454,CY,434,1,2.0,Appartement,96.0,5.0
1887055,26/07/2019,Vente,"141000,00",31.0,RUE,8640,DE THILLOIS,51100.0,REIMS,51,454,IM,139,1,2.0,Appartement,48.0,2.0
1887056,26/07/2019,Vente,"123000,00",79.0,RUE,2430,DE COURCELLES,51100.0,REIMS,51,454,AT,248,1,2.0,Appartement,51.0,1.0
1887057,24/07/2019,Vente,"260000,00",57.0,RUE,2630,DANTON,51100.0,REIMS,51,454,AX,577,0,2.0,Appartement,21.0,1.0
1887058,24/07/2019,Vente,"260000,00",57.0,RUE,2630,DANTON,51100.0,REIMS,51,454,AX,577,0,2.0,Appartement,35.0,2.0
1887059,24/07/2019,Vente,"260000,00",57.0,RUE,2630,DANTON,51100.0,REIMS,51,454,AX,577,0,2.0,Appartement,21.0,1.0
1887060,24/07/2019,Vente,"260000,00",57.0,RUE,2630,DANTON,51100.0,REIMS,51,454,AX,577,0,2.0,Appartement,36.0,2.0
1887061,24/07/2019,Vente,"260000,00",57.0,RUE,2630,DANTON,51100.0,REIMS,51,454,AX,577,0,2.0,Appartement,22.0,1.0
1887062,24/07/2019,Vente,"260000,00",57.0,RUE,2630,DANTON,51100.0,REIMS,51,454,AX,577,0,2.0,Appartement,52.0,1.0
1887070,30/07/2019,Vente,"130000,00",13.0,RUE,6720,DE PARGNY,51100.0,REIMS,51,454,HX,399,1,2.0,Appartement,67.0,1.0
1887073,31/07/2019,Vente,"60000,00",26.0,RUE,8480,DE TAISSY,51100.0,REIMS,51,454,DK,235,2,2.0,Appartement,45.0,2.0
1887075,29/07/2019,Vente,"169000,00",1.0,RUE,5565,DE LONDRES,51100.0,REIMS,51,454,CM,104,2,2.0,Appartement,118.0,6.0
1887076,31/07/2019,Vente,"205367,00",8.0,RUE,8330,SIMON,51100.0,REIMS,51,454,DM,637,1,2.0,Appartement,45.0,2.0
1887077,11/07/2019,Vente,"212000,00",49.0,RUE,8620,THIERS,51100.0,REIMS,51,454,IL,377,1,2.0,Appartement,67.0,3.0
1887083,04/07/2019,Vente,"127000,00",4.0,RUE,7270,DU PREAU,51100.0,REIMS,51,454,CX,13,1,2.0,Appartement,38.0,2.0
1887084,22/07/2019,Vente,"130000,00",59.0,RUE,3000,DOCTEUR THOMAS,51100.0,REIMS,51,454,AW,215,1,2.0,Appartement,59.0,4.0
1887085,30/07/2019,Vente,"249000,00",89.0,RUE,6230,DU MONT D ARENE,51100.0,REIMS,51,454,AT,9,1,2.0,Appartement,60.0,3.0
1887091,05/07/2019,Vente,"190000,00",5.0,RUE,2670,DAVID,51100.0,REIMS,51,454,CW,261,0,2.0,Appartement,17.0,1.0
1887092,05/07/2019,Vente,"190000,00",5.0,RUE,2670,DAVID,51100.0,REIMS,51,454,CW,261,0,2.0,Appartement,32.0,2.0
1887093,05/07/2019,Vente,"190000,00",5.0,RUE,2670,DAVID,51100.0,REIMS,51,454,CW,261,0,2.0,Appartement,32.0,2.0
1887094,05/07/2019,Vente,"190000,00",5.0,RUE,2670,DAVID,51100.0,REIMS,51,454,CW,261,0,2.0,Appartement,32.0,1.0
1887102,31/07/2019,Vente,"60000,00",25.0,RUE,6830,P VAILLANT COUTURIER,51100.0,REIMS,51,454,AV,228,1,2.0,Appartement,26.0,1.0
1887104,31/07/2019,Vente,"266500,00",28.0,RUE,4880,JEAN DE LA FONTAINE,51100.0,REIMS,51,454,CV,460,0,2.0,Appartement,25.0,1.0
1887105,31/07/2019,Vente,"266500,00",28.0,RUE,4880,JEAN DE LA FONTAINE,51100.0,REIMS,51,454,CV,460,0,2.0,Appartement,25.0,1.0
1887106,31/07/2019,Vente,"266500,00",28.0,RUE,4880,JEAN DE LA FONTAINE,51100.0,REIMS,51,454,CV,460,0,2.0,Appartement,30.0,1.0
1887107,31/07/2019,Vente,"266500,00",28.0,RUE,4880,JEAN DE LA FONTAINE,51100.0,REIMS,51,454,CV,460,0,2.0,Appartement,25.0,1.0
1887108,31/07/2019,Vente,"266500,00",28.0,RUE,4880,JEAN DE LA FONTAINE,51100.0,REIMS,51,454,CV,460,0,2.0,Appartement,25.0,1.0
1887110,01/08/2019,Vente,"50000,00",9.0,PL,8711,TOULOUSE LAUTREC,51100.0,REIMS,51,454,KR,27,2,2.0,Appartement,30.0,1.0
1887113,01/08/2019,Vente,"210200,00",20.0,RUE,2500,DES CRENEAUX,51100.0,REIMS,51,454,CZ,168,3,2.0,Appartement,95.0,5.0
1887114,23/07/2019,Vente,"154290,00",152.0,RUE,1390,DES CAPUCINS,51100.0,REIMS,51,454,CY,397,2,2.0,Appartement,72.0,4.0
1887118,31/07/2019,Vente,"490500,00",69.0,RUE,7160,PONSARDIN,51100.0,REIMS,51,454,CY,119,0,2.0,Appartement,25.0,1.0
1887119,31/07/2019,Vente,"490500,00",69.0,RUE,7160,PONSARDIN,51100.0,REIMS,51,454,CY,119,0,2.0,Appartement,55.0,4.0
1887120,31/07/2019,Vente,"490500,00",69.0,RUE,7160,PONSARDIN,51100.0,REIMS,51,454,CY,119,0,2.0,Appartement,44.0,2.0
1887121,31/07/2019,Vente,"490500,00",69.0,RUE,7160,PONSARDIN,51100.0,REIMS,51,454,CY,119,0,2.0,Appartement,28.0,1.0
1887123,31/07/2019,Vente,"490500,00",69.0,RUE,7160,PONSARDIN,51100.0,REIMS,51,454,CY,119,0,2.0,Appartement,55.0,4.0
1887124,01/08/2019,Vente,"252500,00",87.0,RUE,6230,DU MONT D ARENE,51100.0,REIMS,51,454,AT,9,1,2.0,Appartement,68.0,3.0
1887130,26/07/2019,Vente,"90500,00",1.0,RUE,4000,GEORGES CHARBONNEAUX,51100.0,REIMS,51,454,AY,34,2,2.0,Appartement,52.0,3.0
1887131,27/07/2019,Vente,"158000,00",23.0,RUE,1550,CERES,51100.0,REIMS,51,454,BE,98,2,2.0,Appartement,75.0,3.0
1887132,30/07/2019,Vente,"80000,00",68.0,BD,7140,POMMERY,51100.0,REIMS,51,454,CL,702,1,2.0,Appartement,28.0,1.0
1887134,24/07/2019,Vente,"122000,00",16.0,RUE,0970,BLONDEL,51100.0,REIMS,51,454,AX,839,2,2.0,Appartement,64.0,3.0
1887136,23/07/2019,Vente,"45000,00",12.0,ESP,6772,PAUL CEZANNE,51100.0,REIMS,51,454,KR,4,2,2.0,Appartement,62.0,3.0
1887148,29/07/2019,Vente,"110000,00",1.0,RUE,8290,16E ET 22E DRAGONS,51100.0,REIMS,51,454,CK,17,1,2.0,Appartement,58.0,2.0
1887151,12/07/2019,Vente,"104000,00",8.0,RUE,7405,RAYMOND POINCARE,51100.0,REIMS,51,454,AE,117,2,2.0,Appartement,70.0,4.0
1887154,22/07/2019,Vente,"60000,00",65.0,BD,2990,DOCTEUR ROUX,51100.0,REIMS,51,454,KO,20,2,2.0,Appartement,39.0,2.0
1887184,23/07/2019,Vente,"138000,00",43.0,AV,8030,ST POL,51100.0,REIMS,51,454,DM,629,2,2.0,Appartement,54.0,2.0
1887187,08/07/2019,Vente,"51500,00",382.0,AV,5300,DE LAON,51100.0,REIMS,51,454,AM,628,1,2.0,Appartement,40.0,2.0
1887191,23/07/2019,Vente en l'état futur d'achèvement,"245000,00",40.0,RUE,7790,DE ST BRICE,51100.0,REIMS,51,454,AT,247,1,2.0,Appartement,78.0,3.0
1887194,24/07/2019,Vente,"153300,00",13.0,ESP,7433,REMI PELLOT,51100.0,REIMS,51,454,AN,169,1,2.0,Appartement,95.0,4.0
1887195,12/07/2019,Vente en l'état futur d'achèvement,"239000,00",40.0,RUE,7790,DE ST BRICE,51100.0,REIMS,51,454,AT,247,1,2.0,Appartement,74.0,3.0
1887207,05/08/2019,Vente,"395000,00",7.0,RUE,8270,DE SEBASTOPOL,51100.0,REIMS,51,454,BI,129,2,2.0,Appartement,44.0,2.0
1887208,05/08/2019,Vente,"395000,00",7.0,RUE,8270,DE SEBASTOPOL,51100.0,REIMS,51,454,BI,129,2,2.0,Appartement,40.0,2.0
1887209,05/08/2019,Vente,"395000,00",7.0,RUE,8270,DE SEBASTOPOL,51100.0,REIMS,51,454,BI,129,2,2.0,Appartement,44.0,2.0
1887210,05/08/2019,Vente,"395000,00",7.0,RUE,8270,DE SEBASTOPOL,51100.0,REIMS,51,454,BI,129,2,2.0,Appartement,40.0,2.0
1887211,05/08/2019,Vente,"395000,00",7.0,RUE,8270,DE SEBASTOPOL,51100.0,REIMS,51,454,BI,129,1,2.0,Appartement,23.0,2.0
1887212,05/08/2019,Vente,"395000,00",7.0,RUE,8270,DE SEBASTOPOL,51100.0,REIMS,51,454,BI,129,1,2.0,Appartement,23.0,2.0
1887217,02/08/2019,Vente,"167000,00",16.0,RUE,4035,GERARD PHILIPE,51100.0,REIMS,51,454,CI,67,2,2.0,Appartement,71.0,3.0
1887220,30/07/2019,Vente,"354400,00",96.0,RUE,1740,CHANZY,51100.0,REIMS,51,454,IK,126,4,2.0,Appartement,129.0,4.0
1887222,08/08/2019,Vente,"70000,00",15.0,PL,8711,TOULOUSE LAUTREC,51100.0,REIMS,51,454,KR,29,2,2.0,Appartement,30.0,1.0
1887248,25/07/2019,Vente,"140000,00",19.0,RUE,8000,ST NICAISE,51100.0,REIMS,51,454,CZ,18,2,2.0,Appartement,104.0,4.0
1887250,08/08/2019,Vente,"152500,00",26.0,BD,6750,PASTEUR,51100.0,REIMS,51,454,CY,123,2,2.0,Appartement,82.0,5.0
1887251,09/08/2019,Vente,"112950,00",249.0,RUE,2440,DE COURLANCY,51100.0,REIMS,51,454,DN,217,2,2.0,Appartement,68.0,4.0
1887260,09/08/2019,Vente,"119000,00",87.0,BD,4550,HENRY VASNIER,51100.0,REIMS,51,454,CI,70,2,2.0,Appartement,45.0,2.0
1887262,09/08/2019,Vente,"77300,00",8.0,RUE,5195,KERGUELEN,51100.0,REIMS,51,454,ET,547,2,2.0,Appartement,60.0,3.0
1887264,18/07/2019,Vente,"56000,00",42.0,RUE,7010,PIERRE BROSSOLETTE,51100.0,REIMS,51,454,AV,422,1,2.0,Appartement,29.0,1.0
1887269,25/07/2019,Vente,"120000,00",49.0,RUE,3770,FRANCOIS DOR,51100.0,REIMS,51,454,HW,263,1,2.0,Appartement,35.0,2.0
1887270,25/07/2019,Vente,"120000,00",49.0,RUE,3770,FRANCOIS DOR,51100.0,REIMS,51,454,HW,263,1,2.0,Appartement,31.0,2.0
1887277,26/07/2019,Vente,"622700,00",21.0,BD,6690,DE LA PAIX,51100.0,REIMS,51,454,CK,342,2,2.0,Appartement,220.0,7.0
1887287,29/07/2019,Vente,"120800,00",26.0,RUE,7190,DE PONTGIVART,51100.0,REIMS,51,454,AY,412,1,2.0,Appartement,69.0,3.0
1887288,29/07/2019,Vente,"120800,00",26.0,RUE,7190,DE PONTGIVART,51100.0,REIMS,51,454,AY,412,1,2.0,Appartement,67.0,3.0
1887308,08/08/2019,Vente,"57000,00",39.0,AV,4455,HENRI FARMAN,51100.0,REIMS,51,454,EK,6,1,2.0,Appartement,18.0,1.0
1887309,31/07/2019,Vente,"83200,00",2.0,RUE,0815,BERGSON,51100.0,REIMS,51,454,HV,978,2,2.0,Appartement,61.0,3.0
1887311,13/08/2019,Vente,"76500,00",4.0,RUE,8820,DES 3 PILIERS,51100.0,REIMS,51,454,AW,81,1,2.0,Appartement,33.0,2.0
1887315,14/08/2019,Vente,"240311,00",85.0,RUE,6230,DU MONT D ARENE,51100.0,REIMS,51,454,AT,9,1,2.0,Appartement,62.0,3.0
1887319,18/07/2019,Vente,"150000,00",38.0,RUE,5250,LAGRIVE,51100.0,REIMS,51,454,CK,318,2,2.0,Appartement,74.0,3.0
1887324,19/07/2019,Vente,"119080,00",5.0,RUE,3860,DE LA GARENNE,51100.0,REIMS,51,454,HW,385,1,2.0,Appartement,25.0,1.0
1887327,19/07/2019,Vente,"119080,00",5.0,RUE,3860,DE LA GARENNE,51100.0,REIMS,51,454,HW,385,1,2.0,Appartement,21.0,1.0
1887337,26/07/2019,Vente,"210000,00",12.0,CHS,0980,BOCQUAINE,51100.0,REIMS,51,454,HZ,170,1,2.0,Appartement,99.0,4.0
1887346,26/07/2019,Vente,"83300,00",64.0,RUE,5840,MALDAN,51100.0,REIMS,51,454,AR,165,1,2.0,Appartement,39.0,2.0
1887347,13/08/2019,Vente,"107000,00",19.0,RUE,4650,HUGUES KRAFFT,51100.0,REIMS,51,454,AM,570,2,2.0,Appartement,66.0,4.0
1887352,02/08/2019,Vente,"80000,00",33.0,RUE,0600,DU BARBATRE,51100.0,REIMS,51,454,CY,213,2,2.0,Appartement,67.0,3.0
1887357,11/07/2019,Vente,"304800,00",49.0,RUE,1620,CHABAUD,51100.0,REIMS,51,454,IK,714,1,2.0,Appartement,96.0,4.0
1887359,08/08/2019,Vente,"121000,00",12.0,RUE,3520,FERRAND DE MONTHELON,51100.0,REIMS,51,454,AD,10,2,2.0,Appartement,72.0,3.0
1887364,26/07/2019,Vente,"251000,00",70.0,RUE,7160,PONSARDIN,51100.0,REIMS,51,454,CX,114,2,2.0,Appartement,75.0,3.0
1887366,08/08/2019,Vente,"189000,00",7.0,RUE,5230,LABORI,51100.0,REIMS,51,454,CK,323,2,2.0,Appartement,93.0,3.0
1887368,29/07/2019,Vente,"65000,00",68.0,BD,7140,POMMERY,51100.0,REIMS,51,454,CL,702,1,2.0,Appartement,29.0,1.0
1887376,05/08/2019,Vente,"610000,00",39.0,RUE,1310,BUIRETTE,51100.0,REIMS,51,454,IM,211,2,2.0,Appartement,98.0,3.0
1887382,29/07/2019,Vente,"123300,00",27.0,RUE,4250,DE GRIGNY,51100.0,REIMS,51,454,AM,280,2,2.0,Appartement,38.0,2.0
1887393,01/08/2019,Vente,"80000,00",27.0,RUE,1723,CHANOINE RENE CAMUS,51100.0,REIMS,51,454,KO,32,1,2.0,Appartement,52.0,2.0
1887396,30/07/2019,Vente,"94000,00",82.0,RUE,6330,DES MOULINS,51100.0,REIMS,51,454,CY,617,2,2.0,Appartement,42.0,2.0
1887399,31/07/2019,Vente,"115000,00",89.0,RUE,8270,DE SEBASTOPOL,51100.0,REIMS,51,454,BI,75,2,2.0,Appartement,72.0,3.0
1887406,30/07/2019,Vente en l'état futur d'achèvement,"158835,00",,RUE,4220,GRANDVAL,51100.0,REIMS,51,454,CL,1000,1,2.0,Appartement,41.0,2.0
1887411,02/08/2019,Vente en l'état futur d'achèvement,"229566,00",6.0,RUE,8090,SAINT THIERRY,51100.0,REIMS,51,454,AV,1097,1,2.0,Appartement,54.0,2.0
1887422,31/07/2019,Vente,"139100,00",17.0,ESP,5446,LE ROUET,51100.0,REIMS,51,454,CT,390,2,2.0,Appartement,123.0,6.0
1887425,01/08/2019,Vente,"95200,00",12.0,BD,2830,DIEU LUMIERE,51100.0,REIMS,51,454,DK,269,2,2.0,Appartement,50.0,2.0
1887433,29/07/2019,Vente,"132000,00",52.0,RUE,1550,CERES,51100.0,REIMS,51,454,CX,78,1,2.0,Appartement,71.0,3.0
1887434,01/08/2019,Vente,"87000,00",8.0,RUE,2192,COMMANDANT ARNAUD,51100.0,REIMS,51,454,AL,402,2,2.0,Appartement,71.0,3.0
1887436,01/08/2019,Vente,"104000,00",8.0,RUE,8200,STE GENEVIEVE,51100.0,REIMS,51,454,HX,92,2,2.0,Appartement,48.0,2.0
1887439,05/08/2019,Vente,"57000,00",117.0,RUE,1590,DE CERNAY,51100.0,REIMS,51,454,CV,544,1,2.0,Appartement,28.0,1.0
1887453,06/08/2019,Vente,"83350,00",68.0,RUE,4740,JACQUART,51100.0,REIMS,51,454,BI,574,1,2.0,Appartement,27.0,1.0
1887457,02/08/2019,Vente,"399000,00",4.0,RUE,7460,DE LA RENFERMERIE,51100.0,REIMS,51,454,IL,423,1,2.0,Appartement,78.0,3.0
1887462,07/08/2019,Vente,"140000,00",63.0,RUE,4770,DU JARD,51100.0,REIMS,51,454,IK,288,2,2.0,Appartement,72.0,3.0
1887464,24/07/2019,Vente,"162000,00",38.0,RUE,9090,VICTOR ROGELET,51100.0,REIMS,51,454,AW,555,1,2.0,Appartement,51.0,3.0
1887475,30/07/2019,Vente,"214000,00",54.0,RUE,2080,CLOVIS CHEZEL,51100.0,REIMS,51,454,DN,171,0,2.0,Appartement,28.0,1.0
1887476,30/07/2019,Vente,"214000,00",54.0,RUE,2080,CLOVIS CHEZEL,51100.0,REIMS,51,454,DN,171,0,2.0,Appartement,65.0,2.0
1887477,30/07/2019,Vente,"214000,00",54.0,RUE,2080,CLOVIS CHEZEL,51100.0,REIMS,51,454,DN,171,0,2.0,Appartement,65.0,2.0
1887481,02/08/2019,Vente,"164000,00",29.0,BD,6790,PAUL DOUMER,51100.0,REIMS,51,454,IK,1362,2,2.0,Appartement,72.0,3.0
1887485,25/07/2019,Vente,"42500,00",195.0,AV,4900,JEAN JAURES,51100.0,REIMS,51,454,BK,334,1,2.0,Appartement,20.0,1.0
1887496,02/08/2019,Vente,"175000,00",57.0,AV,4900,JEAN JAURES,51100.0,REIMS,51,454,BH,208,1,2.0,Appartement,60.0,3.0
1887497,01/08/2019,Vente,"69000,00",5.0,PL,5894,MAL DE LATTRE DE TASSIGNY,51100.0,REIMS,51,454,CO,415,2,2.0,Appartement,54.0,3.0
1887502,01/08/2019,Vente,"117000,00",6.0,ALL,7615,RONSARD,51100.0,REIMS,51,454,DK,184,1,2.0,Appartement,106.0,6.0
1887506,01/08/2019,Vente,"340000,00",27.0,RUE,6080,MAUCROIX,51100.0,REIMS,51,454,AT,48,0,2.0,Appartement,40.0,2.0
1887507,01/08/2019,Vente,"340000,00",27.0,RUE,6080,MAUCROIX,51100.0,REIMS,51,454,AT,48,0,2.0,Appartement,45.0,2.0
1887508,01/08/2019,Vente,"340000,00",27.0,RUE,6080,MAUCROIX,51100.0,REIMS,51,454,AT,48,0,2.0,Appartement,35.0,2.0
1887509,01/08/2019,Vente,"340000,00",27.0,RUE,6080,MAUCROIX,51100.0,REIMS,51,454,AT,48,0,2.0,Appartement,40.0,2.0
1887510,01/08/2019,Vente,"340000,00",27.0,RUE,6080,MAUCROIX,51100.0,REIMS,51,454,AT,48,0,2.0,Appartement,36.0,2.0
1887511,01/08/2019,Vente,"340000,00",27.0,RUE,6080,MAUCROIX,51100.0,REIMS,51,454,AT,48,0,2.0,Appartement,40.0,2.0
1887514,01/08/2019,Vente,"139000,00",12.0,RUE,0910,DE BEZANNES,51100.0,REIMS,51,454,HW,386,2,2.0,Appartement,80.0,4.0
1887516,05/08/2019,Vente,"46000,00",296.0,AV,5300,DE LAON,51100.0,REIMS,51,454,AX,755,1,2.0,Appartement,28.0,1.0
1887517,03/08/2019,Vente,"123000,00",23.0,RUE,3180,EDOUARD MIGNOT,51100.0,REIMS,51,454,AT,375,1,2.0,Appartement,51.0,2.0
1887522,01/08/2019,Vente,"98000,00",19.0,RUE,8950,DE VENISE,51100.0,REIMS,51,454,CY,325,2,2.0,Appartement,39.0,2.0
1887527,06/08/2019,Vente,"86202,00",6.0,PL,7990,ST NICAISE,51100.0,REIMS,51,454,CZ,130,1,2.0,Appartement,31.0,1.0
1887529,07/08/2019,Vente,"250000,00",115.0,RUE,3850,GAMBETTA,51100.0,REIMS,51,454,CY,758,0,2.0,Appartement,59.0,2.0
1887538,02/08/2019,Vente,"190000,00",8.0,RUE,0290,ANOT,51100.0,REIMS,51,454,DM,96,1,2.0,Appartement,82.0,3.0
1887544,26/07/2019,Vente,"75000,00",25.0,BD,6690,DE LA PAIX,51100.0,REIMS,51,454,CK,128,2,2.0,Appartement,26.0,1.0
1887550,22/08/2019,Vente,"76300,00",78.0,RUE,1590,DE CERNAY,51100.0,REIMS,51,454,CW,347,1,2.0,Appartement,30.0,1.0
1887559,02/08/2019,Vente,"130250,00",179.0,AV,4900,JEAN JAURES,51100.0,REIMS,51,454,BK,461,2,2.0,Appartement,75.0,4.0
1887562,31/07/2019,Vente,"210000,00",29.0,RUE,1590,DE CERNAY,51100.0,REIMS,51,454,CW,677,2,2.0,Appartement,91.0,4.0
1887567,31/07/2019,Vente,"152800,00",19.0,ALL,1725,CH NICOLAS ROLAND,51100.0,REIMS,51,454,DM,239,2,2.0,Appartement,79.0,4.0
1887571,08/08/2019,Vente,"95000,00",18.0,RUE,7710,RUINART DE BRIMONT,51100.0,REIMS,51,454,CW,636,1,2.0,Appartement,44.0,1.0
1887573,21/08/2019,Vente,"78000,00",451.0,AV,5300,DE LAON,51100.0,REIMS,51,454,AD,10,2,2.0,Appartement,55.0,1.0
1887574,09/08/2019,Vente,"151100,00",18.0,RUE,7340,DU PROGRES,51100.0,REIMS,51,454,AO,335,2,2.0,Appartement,83.0,4.0
1887577,19/08/2019,Vente,"146000,00",456.0,AV,5300,DE LAON,51100.0,REIMS,51,454,AE,93,1,2.0,Appartement,67.0,3.0
1887580,02/08/2019,Vente,"147000,00",71.0,AV,4900,JEAN JAURES,51100.0,REIMS,51,454,BI,380,1,2.0,Appartement,45.0,2.0
1887588,01/08/2019,Vente,"63000,00",42.0,RUE,0630,DU BASTION,51100.0,REIMS,51,454,CW,279,1,2.0,Appartement,23.0,1.0
1887589,21/08/2019,Vente,"50000,00",47.0,RUE,0180,ALPHONSE DEFFAUT,51100.0,REIMS,51,454,AN,606,1,2.0,Appartement,28.0,2.0
1887592,30/07/2019,Vente,"138000,00",10.0,RUE,0790,BENOIST MALOT,51100.0,REIMS,51,454,DV,167,1,2.0,Appartement,67.0,3.0
1887604,12/08/2019,Vente,"131000,00",53.0,ESP,3590,FLECHAMBAULT,51100.0,REIMS,51,454,DM,638,2,2.0,Appartement,82.0,4.0
1887606,13/08/2019,Vente,"154500,00",155.0,RUE,1590,DE CERNAY,51100.0,REIMS,51,454,CV,96,1,2.0,Appartement,67.0,3.0
1887607,12/08/2019,Vente,"127500,00",250.0,AV,4900,JEAN JAURES,51100.0,REIMS,51,454,CT,390,1,2.0,Appartement,76.0,4.0
1887610,09/08/2019,Vente,"106400,00",24.0,RUE,4700,DE L ISLE,51100.0,REIMS,51,454,CX,106,2,2.0,Appartement,37.0,1.0
1887611,06/08/2019,Vente,"287500,00",20.0,AV,4900,JEAN JAURES,51100.0,REIMS,51,454,CW,77,2,2.0,Appartement,97.0,5.0
1887615,13/08/2019,Vente,"57700,00",63.0,BD,2990,DOCTEUR ROUX,51100.0,REIMS,51,454,KO,22,1,2.0,Appartement,32.0,1.0
1887635,08/08/2019,Vente,"79325,00",4.0,RUE,4220,GRANDVAL,51100.0,REIMS,51,454,CL,985,2,2.0,Appartement,35.0,1.0
1887639,30/07/2019,Vente,"99000,00",71.0,RUE,5891,MARCEL THIL,51100.0,REIMS,51,454,AV,761,2,2.0,Appartement,52.0,3.0
1887640,09/08/2019,Vente,"144410,00",27.0,RUE,1710,DE CHAMPIGNY,51100.0,REIMS,51,454,AR,302,2,2.0,Appartement,69.0,4.0
1887645,29/07/2019,Vente,"68500,00",11.0,PL,3040,DROUET D ERLON,51100.0,REIMS,51,454,IM,93,1,2.0,Appartement,28.0,1.0
1887646,05/08/2019,Vente,"52500,00",38.0,RUE,2570,CROUTELLE,51100.0,REIMS,51,454,AV,111,1,2.0,Appartement,23.0,0.0
1887664,02/08/2019,Vente,"172000,00",127.0,RUE,0200,D ALSACE LORRAINE,51100.0,REIMS,51,454,CV,113,2,2.0,Appartement,97.0,3.0
1887667,05/08/2019,Vente,"195000,00",19.0,RUE,6010,MARTIN PELLER,51100.0,REIMS,51,454,HX,99,1,2.0,Appartement,90.0,3.0
1887682,05/08/2019,Vente,"494000,00",23.0,CRS,4850,J B LANGLET,51100.0,REIMS,51,454,IL,260,1,2.0,Appartement,72.0,4.0
1887691,12/08/2019,Vente,"155000,00",10.0,RUE,8950,DE VENISE,51100.0,REIMS,51,454,IK,1335,1,2.0,Appartement,75.0,3.0
1887694,30/07/2019,Vente,"42000,00",87.0,BD,4550,HENRY VASNIER,51100.0,REIMS,51,454,CI,70,2,2.0,Appartement,28.0,1.0
1887697,01/08/2019,Vente,"125000,00",1.0,RUE,8290,16E ET 22E DRAGONS,51100.0,REIMS,51,454,CK,17,1,2.0,Appartement,58.0,2.0
1887698,29/07/2019,Vente,"145000,00",50.0,RUE,8820,DES 3 PILIERS,51100.0,REIMS,51,454,AW,59,1,2.0,Appartement,70.0,3.0
1887702,26/08/2019,Vente,"105000,00",228.0,AV,5300,DE LAON,51100.0,REIMS,51,454,AX,443,1,2.0,Appartement,26.0,1.0
1887707,26/08/2019,Vente,"105000,00",228.0,AV,5300,DE LAON,51100.0,REIMS,51,454,AX,443,1,2.0,Appartement,20.0,1.0
1887708,26/08/2019,Vente,"105000,00",228.0,AV,5300,DE LAON,51100.0,REIMS,51,454,AX,443,1,2.0,Appartement,30.0,1.0
1887709,31/07/2019,Vente,"75000,00",5.0,RUE,6330,DES MOULINS,51100.0,REIMS,51,454,DM,633,2,2.0,Appartement,32.0,1.0
1887715,30/07/2019,Vente,"111300,00",71.0,BD,6790,PAUL DOUMER,51100.0,REIMS,51,454,IK,335,2,2.0,Appartement,57.0,2.0
1887725,06/08/2019,Vente,"62000,00",33.0,CHS,7970,SAINT MARTIN,51100.0,REIMS,51,454,DN,217,2,2.0,Appartement,55.0,3.0
1887727,23/08/2019,Vente,"63000,00",12.0,BD,2830,DIEU LUMIERE,51100.0,REIMS,51,454,DK,269,2,2.0,Appartement,33.0,1.0
1887735,21/08/2019,Vente,"85000,00",98.0,RUE,3850,GAMBETTA,51100.0,REIMS,51,454,CY,336,1,2.0,Appartement,37.0,2.0
1887738,14/08/2019,Vente en l'état futur d'achèvement,"217000,00",104.0,AV,5300,DE LAON,51100.0,REIMS,51,454,AW,515,1,2.0,Appartement,62.0,3.0
1887749,31/07/2019,Vente,"245400,00",43.0,RUE,8270,DE SEBASTOPOL,51100.0,REIMS,51,454,BI,82,1,2.0,Appartement,86.0,4.0
1887750,27/08/2019,Vente,"265000,00",10.0,PL,4600,DE L HOTEL DE VILLE,51100.0,REIMS,51,454,BE,292,1,2.0,Appartement,87.0,4.0
1887755,06/08/2019,Vente,"79000,00",31.0,RUE,0820,DE BERRU,51100.0,REIMS,51,454,CV,802,1,2.0,Appartement,26.0,1.0
1887759,27/08/2019,Vente,"76000,00",12.0,RUE,8480,DE TAISSY,51100.0,REIMS,51,454,DK,233,2,2.0,Appartement,59.0,3.0
1887764,22/08/2019,Vente,"89380,00",13.0,RUE,8720,TOURNEBONNEAU,51100.0,REIMS,51,454,DM,630,1,2.0,Appartement,33.0,1.0
1887765,30/07/2019,Vente,"118800,00",71.0,AV,4900,JEAN JAURES,51100.0,REIMS,51,454,BI,380,3,2.0,Appartement,43.0,2.0
1887767,13/08/2019,Vente,"51500,00",117.0,RUE,1590,DE CERNAY,51100.0,REIMS,51,454,CV,544,1,2.0,Appartement,28.0,1.0
1887772,21/08/2019,Vente,"105000,00",22.0,RUE,4620,HOUZEAU MUIRON,51100.0,REIMS,51,454,CK,203,1,2.0,Appartement,43.0,2.0
1887776,29/08/2019,Vente,"123000,00",57.0,BD,2930,DOCTEUR HENRI HENROT,51100.0,REIMS,51,454,DM,239,2,2.0,Appartement,66.0,3.0
1887777,19/08/2019,Vente,"159000,00",38.0,RUE,6178,MIGUEL DE CERVANTES,51100.0,REIMS,51,454,EX,121,1,2.0,Appartement,99.0,5.0
1887790,07/08/2019,Vente,"84000,00",48.0,RUE,2290,COQUEBERT,51100.0,REIMS,51,454,BI,558,2,2.0,Appartement,55.0,3.0
1887799,31/07/2019,Vente,"288000,00",61.0,RUE,8970,DE VERDUN,51100.0,REIMS,51,454,BC,151,1,2.0,Appartement,102.0,4.0
1887802,02/08/2019,Vente,"41000,00",21.0,RUE,1890,DU CHEMIN VERT,51100.0,REIMS,51,454,CH,859,1,2.0,Appartement,13.0,1.0
1887803,22/08/2019,Vente,"80000,00",134.0,RUE,7010,PIERRE BROSSOLETTE,51100.0,REIMS,51,454,AO,739,1,2.0,Appartement,50.0,2.0
1887806,16/07/2019,Vente,"150000,00",7.0,CRS,4850,J B LANGLET,51100.0,REIMS,51,454,IL,112,2,2.0,Appartement,66.0,3.0
1887807,02/08/2019,Vente,"110100,00",48.0,BD,4760,JAMIN,51100.0,REIMS,51,454,BI,286,1,2.0,Appartement,40.0,2.0
1887832,24/08/2019,Vente,"670000,00",20.0,RUE,9040,DE VESLE,51100.0,REIMS,51,454,IL,145,1,2.0,Appartement,188.0,5.0
1887835,07/08/2019,Vente,"90000,00",48.0,RUE,4070,GERUZEZ,51100.0,REIMS,51,454,AR,155,1,2.0,Appartement,44.0,2.0
1887837,02/08/2019,Vente,"96000,00",38.0,RUE,8980,VERNOUILLET,51100.0,REIMS,51,454,AT,237,2,2.0,Appartement,62.0,3.0
1887840,23/08/2019,Vente,"104200,00",1.0,RUE,8260,SCULPTEURS JACQUES,51100.0,REIMS,51,454,HW,278,2,2.0,Appartement,55.0,3.0
1887841,23/08/2019,Vente,"80000,00",11.0,ALL,1725,CH NICOLAS ROLAND,51100.0,REIMS,51,454,DM,239,2,2.0,Appartement,43.0,2.0
1887858,22/08/2019,Vente,"180000,00",85.0,AV,4900,JEAN JAURES,51100.0,REIMS,51,454,BI,375,3,2.0,Appartement,73.0,3.0
1887863,23/08/2019,Vente,"370000,00",51.0,BD,4550,HENRY VASNIER,51100.0,REIMS,51,454,CI,77,1,2.0,Appartement,108.0,5.0
1887874,02/08/2019,Vente,"48000,00",96.0,RUE,3280,EMILE ZOLA,51100.0,REIMS,51,454,AX,320,1,2.0,Appartement,25.0,2.0
1887877,28/08/2019,Vente,"79000,00",25.0,RUE,3770,FRANCOIS DOR,51100.0,REIMS,51,454,HX,390,2,2.0,Appartement,61.0,3.0
1887878,29/08/2019,Vente,"133000,00",20.0,RUE,6864,PAYEN,51100.0,REIMS,51,454,HZ,18,3,2.0,Appartement,61.0,4.0
1887881,08/08/2019,Vente,"114500,00",80.0,RUE,6330,DES MOULINS,51100.0,REIMS,51,454,CY,617,2,2.0,Appartement,59.0,3.0
1887885,29/08/2019,Vente,"56400,00",38.0,RUE,7710,RUINART DE BRIMONT,51100.0,REIMS,51,454,CW,112,1,2.0,Appartement,44.0,2.0
1887887,28/08/2019,Vente,"92600,00",65.0,RUE,5650,DE LOUVOIS,51100.0,REIMS,51,454,DV,538,2,2.0,Appartement,57.0,3.0
1887890,30/08/2019,Vente,"70000,00",28.0,RUE,7520,DE RILLY LA MONTAGNE,51100.0,REIMS,51,454,HS,222,1,2.0,Appartement,83.0,4.0
1887891,30/08/2019,Vente,"70000,00",28.0,RUE,7520,DE RILLY LA MONTAGNE,51100.0,REIMS,51,454,HS,222,1,2.0,Appartement,83.0,4.0
1887894,27/08/2019,Vente,"125000,00",54.0,RUE,6178,MIGUEL DE CERVANTES,51100.0,REIMS,51,454,EX,121,1,2.0,Appartement,76.0,4.0
1887896,05/08/2019,Vente,"341700,00",3.0,RUE,4690,IRENEE LELIEVRE,51100.0,REIMS,51,454,HZ,200,1,2.0,Appartement,101.0,4.0
1887902,23/08/2019,Vente,"119500,00",1.0,AV,4010,GEORGES CLEMENCEAU,51100.0,REIMS,51,454,CK,312,1,2.0,Appartement,86.0,3.0
1887904,02/09/2019,Vente,"35000,00",7.0,RUE,1980,DE CLAIRMARAIS,51100.0,REIMS,51,454,AT,165,2,2.0,Appartement,17.0,1.0
1887908,02/08/2019,Vente,"50200,00",11.0,RUE,7017,PIERRE LAPLACE,51100.0,REIMS,51,454,AE,285,2,2.0,Appartement,46.0,2.0
1887913,19/08/2019,Vente,"80000,00",10.0,RUE,0254,ANDRE FAIVRE,51100.0,REIMS,51,454,KP,16,1,2.0,Appartement,56.0,2.0
1887916,21/08/2019,Vente,"110000,00",21.0,AV,3320,D EPERNAY,51100.0,REIMS,51,454,DP,460,2,2.0,Appartement,90.0,4.0
1887918,23/08/2019,Vente,"73000,00",3.0,RUE,2440,DE COURLANCY,51100.0,REIMS,51,454,HX,75,1,2.0,Appartement,46.0,2.0
1887923,19/08/2019,Vente,"153000,00",111.0,RUE,1360,CAMILLE LENOIR,51100.0,REIMS,51,454,BI,485,1,2.0,Appartement,65.0,3.0
1887924,29/08/2019,Vente,"109000,00",13.0,ALL,1725,CH NICOLAS ROLAND,51100.0,REIMS,51,454,DM,239,2,2.0,Appartement,43.0,2.0
1887926,05/07/2019,Vente,"123000,00",26.0,RUE,2450,COURMEAUX,51100.0,REIMS,51,454,BE,72,2,2.0,Appartement,38.0,2.0
1887929,29/08/2019,Vente,"54000,00",12.0,BD,2830,DIEU LUMIERE,51100.0,REIMS,51,454,DK,269,2,2.0,Appartement,31.0,1.0
1887930,26/08/2019,Vente,"324825,00",108.0,RUE,5350,LEDRU ROLLIN,51100.0,REIMS,51,454,DV,40,0,2.0,Appartement,20.0,1.0
1887931,26/08/2019,Vente,"324825,00",108.0,RUE,5350,LEDRU ROLLIN,51100.0,REIMS,51,454,DV,40,0,2.0,Appartement,20.0,1.0
1887932,26/08/2019,Vente,"324825,00",108.0,RUE,5350,LEDRU ROLLIN,51100.0,REIMS,51,454,DV,40,0,2.0,Appartement,20.0,1.0
1887933,26/08/2019,Vente,"324825,00",108.0,RUE,5350,LEDRU ROLLIN,51100.0,REIMS,51,454,DV,40,0,2.0,Appartement,25.0,1.0
1887934,26/08/2019,Vente,"324825,00",108.0,RUE,5350,LEDRU ROLLIN,51100.0,REIMS,51,454,DV,40,0,2.0,Appartement,16.0,1.0
1887935,26/08/2019,Vente,"324825,00",108.0,RUE,5350,LEDRU ROLLIN,51100.0,REIMS,51,454,DV,40,0,2.0,Appartement,25.0,1.0
1887936,26/08/2019,Vente,"324825,00",108.0,RUE,5350,LEDRU ROLLIN,51100.0,REIMS,51,454,DV,40,0,2.0,Appartement,16.0,1.0
1887937,26/08/2019,Vente,"324825,00",108.0,RUE,5350,LEDRU ROLLIN,51100.0,REIMS,51,454,DV,40,0,2.0,Appartement,21.0,1.0
1887938,26/08/2019,Vente,"324825,00",108.0,RUE,5350,LEDRU ROLLIN,51100.0,REIMS,51,454,DV,40,0,2.0,Appartement,20.0,1.0
1887939,26/08/2019,Vente,"324825,00",108.0,RUE,5350,LEDRU ROLLIN,51100.0,REIMS,51,454,DV,40,0,2.0,Appartement,16.0,1.0
1887946,20/08/2019,Vente,"157000,00",10.0,RUE,8950,DE VENISE,51100.0,REIMS,51,454,IK,1335,1,2.0,Appartement,68.0,3.0
1887950,30/08/2019,Vente,"115000,00",3.0,RUE,2440,DE COURLANCY,51100.0,REIMS,51,454,HX,75,2,2.0,Appartement,56.0,3.0
1887952,26/08/2019,Vente,"66000,00",30.0,BD,4550,HENRY VASNIER,51100.0,REIMS,51,454,CZ,546,1,2.0,Appartement,22.0,1.0
1887953,08/08/2019,Vente,"65000,00",6.0,RUE,2985,DU DR RENE JACQUINET,51100.0,REIMS,51,454,CZ,58,1,2.0,Appartement,23.0,1.0
1887955,02/09/2019,Vente,"218500,00",39.0,RUE,4560,HINCMAR,51100.0,REIMS,51,454,IK,1267,1,2.0,Appartement,82.0,3.0
1887957,23/08/2019,Vente,"110700,00",2.0,ALL,0788,B FRANKLIN NEUV,51100.0,REIMS,51,454,KK,684,2,2.0,Appartement,64.0,3.0
1887961,26/08/2019,Vente,"489498,00",27.0,RUE,9090,VICTOR ROGELET,51100.0,REIMS,51,454,AW,167,0,2.0,Appartement,72.0,4.0
1887962,26/08/2019,Vente,"489498,00",27.0,RUE,9090,VICTOR ROGELET,51100.0,REIMS,51,454,AW,167,0,2.0,Appartement,66.0,3.0
1887964,29/08/2019,Vente,"138700,00",16.0,RUE,2480,DES COUTURES,51100.0,REIMS,51,454,CK,232,2,2.0,Appartement,70.0,3.0
1887965,21/08/2019,Vente,"170000,00",76.0,BD,1800,CHARLES ARNOULD,51100.0,REIMS,51,454,AO,493,2,2.0,Appartement,86.0,4.0
1887969,21/08/2019,Vente,"60500,00",17.0,RUE,8820,DES 3 PILIERS,51100.0,REIMS,51,454,AW,32,3,2.0,Appartement,37.0,2.0
1887972,26/08/2019,Vente en l'état futur d'achèvement,"199500,00",,RUE,5891,MARCEL THIL,51100.0,REIMS,51,454,AV,1091,1,2.0,Appartement,54.0,2.0
1887974,26/08/2019,Vente,"314000,00",9.0,RUE,0330,ANTOINE GOUSSIEZ,51100.0,REIMS,51,454,AM,345,0,2.0,Appartement,54.0,3.0
1887975,26/08/2019,Vente,"314000,00",9.0,RUE,0330,ANTOINE GOUSSIEZ,51100.0,REIMS,51,454,AM,345,0,2.0,Appartement,45.0,2.0
1887987,22/08/2019,Vente,"215000,00",72.0,PROM,6867,DU PEIGNAGE,51100.0,REIMS,51,454,CT,534,2,2.0,Appartement,72.0,3.0
1887991,23/08/2019,Vente,"69500,00",28.0,RUE,0010,ABBE DE L EPEE,51100.0,REIMS,51,454,IK,316,1,2.0,Appartement,27.0,2.0
1887993,27/08/2019,Vente,"139900,00",6.0,RUE,3610,FLIN DES OLIVIERS,51100.0,REIMS,51,454,HX,17,2,2.0,Appartement,70.0,3.0
1887996,23/08/2019,Vente,"591000,00",7.0,RUE,2040,DU CLOITRE,51100.0,REIMS,51,454,CX,35,3,2.0,Appartement,196.0,7.0
1887998,03/09/2019,Vente,"380000,00",11.0,RUE,6210,DES MOISSONS,51100.0,REIMS,51,454,CW,637,2,2.0,Appartement,92.0,3.0
1888000,03/09/2019,Vente,"380000,00",11.0,RUE,6210,DES MOISSONS,51100.0,REIMS,51,454,CW,637,1,2.0,Appartement,33.0,1.0
1888003,27/08/2019,Vente,"72000,00",18.0,RUE,8480,DE TAISSY,51100.0,REIMS,51,454,DK,234,2,2.0,Appartement,69.0,4.0
1888006,30/08/2019,Vente,"355500,00",150.0,RUE,4770,DU JARD,51100.0,REIMS,51,454,IK,1438,2,2.0,Appartement,144.0,5.0
1888014,02/09/2019,Vente,"86000,00",6.0,RUE,5195,KERGUELEN,51100.0,REIMS,51,454,ET,559,2,2.0,Appartement,60.0,3.0
1888019,28/08/2019,Vente,"104500,00",53.0,AV,1809,CHARLES FANDRE,51100.0,REIMS,51,454,CT,533,1,2.0,Appartement,44.0,2.0
1888022,27/08/2019,Vente,"115000,00",6.0,RUE,0100,ALEXANDRE HENROT,51100.0,REIMS,51,454,AV,562,1,2.0,Appartement,50.0,2.0
1888023,27/08/2019,Vente,"115000,00",6.0,RUE,0100,ALEXANDRE HENROT,51100.0,REIMS,51,454,AV,562,1,2.0,Appartement,35.0,2.0
1888024,27/08/2019,Vente,"57755,00",8.0,RUE,4870,JEAN DE FOIGNY,51100.0,REIMS,51,454,DO,591,2,2.0,Appartement,32.0,1.0
1888031,29/08/2019,Vente,"144650,00",60.0,RUE,2080,CLOVIS CHEZEL,51100.0,REIMS,51,454,DN,444,2,2.0,Appartement,77.0,3.0
1888036,14/08/2019,Vente,"122000,00",10.0,RUE,8950,DE VENISE,51100.0,REIMS,51,454,IK,1335,1,2.0,Appartement,48.0,2.0
1888044,09/08/2019,Vente,"205000,00",73.0,BD,6790,PAUL DOUMER,51100.0,REIMS,51,454,IK,335,2,2.0,Appartement,98.0,4.0
1888047,23/08/2019,Vente,"182200,00",138.0,AV,5300,DE LAON,51100.0,REIMS,51,454,AX,419,2,2.0,Appartement,110.0,4.0
1888048,29/08/2019,Vente,"90000,00",1.0,RUE,8290,16E ET 22E DRAGONS,51100.0,REIMS,51,454,CK,17,1,2.0,Appartement,31.0,1.0
1888057,28/08/2019,Vente,"167000,00",404.0,AV,5300,DE LAON,51100.0,REIMS,51,454,AE,69,1,2.0,Appartement,79.0,3.0
1888060,28/08/2019,Vente,"120000,00",37.0,RUE,4160,DE LA GOULETTE,51100.0,REIMS,51,454,BL,624,1,2.0,Appartement,118.0,5.0
1888062,27/08/2019,Vente,"138850,00",126.0,RUE,3850,GAMBETTA,51100.0,REIMS,51,454,DM,632,2,2.0,Appartement,46.0,2.0
1888063,28/08/2019,Vente,"83000,00",14.0,RUE,4100,DES GOBELINS,51100.0,REIMS,51,454,CV,582,1,2.0,Appartement,42.0,2.0
1888069,27/08/2019,Vente,"58500,00",70.0,RUE,4740,JACQUART,51100.0,REIMS,51,454,BI,575,1,2.0,Appartement,15.0,1.0
1888080,14/08/2019,Vente,"475000,00",54.0,RUE,6210,DES MOISSONS,51100.0,REIMS,51,454,CK,134,1,2.0,Appartement,125.0,5.0
1888081,28/08/2019,Vente,"102000,00",102.0,RUE,3850,GAMBETTA,51100.0,REIMS,51,454,CY,622,2,2.0,Appartement,55.0,3.0
1888083,28/08/2019,Vente,"197200,00",2.0,RUE,6820,PAUL LAPIE,51100.0,REIMS,51,454,AS,357,2,2.0,Appartement,103.0,5.0
1888097,26/08/2019,Vente,"158500,00",23.0,RUE,2170,DU COLONEL FABIEN,51100.0,REIMS,51,454,HZ,89,1,2.0,Appartement,70.0,2.0
1888102,04/09/2019,Vente,"112500,00",171.0,RUE,1590,DE CERNAY,51100.0,REIMS,51,454,CT,73,3,2.0,Appartement,56.0,3.0
1888108,09/08/2019,Vente,"99500,00",1.0,RUE,8870,DES TUILERIES,51100.0,REIMS,51,454,DM,559,2,2.0,Appartement,69.0,3.0
1888112,29/08/2019,Vente,"510000,00",44.0,RUE,6160,DE METZ,51100.0,REIMS,51,454,CV,525,0,2.0,Appartement,40.0,3.0
1888113,29/08/2019,Vente,"510000,00",44.0,RUE,6160,DE METZ,51100.0,REIMS,51,454,CV,525,0,2.0,Appartement,30.0,2.0
1888114,29/08/2019,Vente,"510000,00",44.0,RUE,6160,DE METZ,51100.0,REIMS,51,454,CV,525,0,2.0,Appartement,40.0,3.0
1888115,29/08/2019,Vente,"510000,00",44.0,RUE,6160,DE METZ,51100.0,REIMS,51,454,CV,525,0,2.0,Appartement,35.0,2.0
1888116,29/08/2019,Vente,"510000,00",44.0,RUE,6160,DE METZ,51100.0,REIMS,51,454,CV,525,0,2.0,Appartement,28.0,1.0
1888117,29/08/2019,Vente,"510000,00",44.0,RUE,6160,DE METZ,51100.0,REIMS,51,454,CV,525,0,2.0,Appartement,30.0,1.0
1888118,29/08/2019,Vente,"510000,00",44.0,RUE,6160,DE METZ,51100.0,REIMS,51,454,CV,525,0,2.0,Appartement,15.0,1.0
1888119,29/08/2019,Vente,"510000,00",44.0,RUE,6160,DE METZ,51100.0,REIMS,51,454,CV,525,0,2.0,Appartement,25.0,1.0
1888120,29/08/2019,Vente,"510000,00",44.0,RUE,6160,DE METZ,51100.0,REIMS,51,454,CV,525,0,2.0,Appartement,30.0,1.0
1888121,29/08/2019,Vente,"510000,00",44.0,RUE,6160,DE METZ,51100.0,REIMS,51,454,CV,525,0,2.0,Appartement,25.0,1.0
1888122,29/08/2019,Vente,"100380,00",9.0,RUE,0700,DE BELFORT,51100.0,REIMS,51,454,CW,377,2,2.0,Appartement,54.0,2.0
1888123,26/08/2019,Vente,"124000,00",200.0,AV,4900,JEAN JAURES,51100.0,REIMS,51,454,CV,1,1,2.0,Appartement,53.0,2.0
1888124,26/08/2019,Vente,"38000,00",41.0,RUE,7940,ST LEONARD,51100.0,REIMS,51,454,DI,216,1,2.0,Appartement,34.0,1.0
1888144,29/08/2019,Vente,"96400,00",7.0,PL,5894,MAL DE LATTRE DE TASSIGNY,51100.0,REIMS,51,454,CO,415,2,2.0,Appartement,54.0,3.0
1888145,19/08/2019,Vente,"600000,00",74.0,BD,7960,ST MARCEAUX,51100.0,REIMS,51,454,CK,225,0,2.0,Appartement,50.0,3.0
1888146,19/08/2019,Vente,"600000,00",74.0,BD,7960,ST MARCEAUX,51100.0,REIMS,51,454,CK,225,0,2.0,Appartement,55.0,2.0
1888147,19/08/2019,Vente,"600000,00",74.0,BD,7960,ST MARCEAUX,51100.0,REIMS,51,454,CK,225,0,2.0,Appartement,20.0,1.0
1888149,19/08/2019,Vente,"600000,00",74.0,BD,7960,ST MARCEAUX,51100.0,REIMS,51,454,CK,225,0,2.0,Appartement,20.0,1.0
1888150,19/08/2019,Vente,"600000,00",74.0,BD,7960,ST MARCEAUX,51100.0,REIMS,51,454,CK,225,0,2.0,Appartement,37.0,2.0
1888152,06/09/2019,Vente,"70000,00",26.0,RUE,8480,DE TAISSY,51100.0,REIMS,51,454,DK,235,2,2.0,Appartement,45.0,2.0
1888153,22/08/2019,Vente,"344000,00",5.0,RUE,0550,BACQUENOIS,51100.0,REIMS,51,454,IM,268,0,2.0,Appartement,32.0,2.0
1888154,22/08/2019,Vente,"344000,00",5.0,RUE,0550,BACQUENOIS,51100.0,REIMS,51,454,IM,268,0,2.0,Appartement,32.0,2.0
1888155,22/08/2019,Vente,"344000,00",5.0,RUE,0550,BACQUENOIS,51100.0,REIMS,51,454,IM,268,0,2.0,Appartement,32.0,2.0
1888156,22/08/2019,Vente,"344000,00",5.0,RUE,0550,BACQUENOIS,51100.0,REIMS,51,454,IM,268,0,2.0,Appartement,32.0,2.0
1888158,20/08/2019,Vente,"47300,00",46.0,RUE,8090,SAINT THIERRY,51100.0,REIMS,51,454,AV,606,2,2.0,Appartement,35.0,1.0
1888163,30/08/2019,Vente,"81000,00",52.0,PL,5790,MAGNEUX,51100.0,REIMS,51,454,AR,541,1,2.0,Appartement,50.0,2.0
1888169,30/08/2019,Vente,"84000,00",25.0,RUE,2480,DES COUTURES,51100.0,REIMS,51,454,CI,10,2,2.0,Appartement,33.0,1.0
1888174,20/08/2019,Vente,"105000,00",199.0,AV,4900,JEAN JAURES,51100.0,REIMS,51,454,BK,331,1,2.0,Appartement,67.0,3.0
1888182,29/08/2019,Vente,"279500,00",28.0,RUE,0375,ARLETTE REMIA,51100.0,REIMS,51,454,HZ,183,1,2.0,Appartement,147.0,6.0
1888209,27/08/2019,Vente,"93000,00",52.0,RUE,0740,BELIN,51100.0,REIMS,51,454,AX,291,1,2.0,Appartement,45.0,2.0
1888326,30/08/2019,Vente,"85115,00",36.0,RUE,3500,FAVART D HERBIGNY,51100.0,REIMS,51,454,CV,869,3,2.0,Appartement,36.0,2.0
1888333,21/08/2019,Vente,"478700,00",32.0,RUE,8620,THIERS,51100.0,REIMS,51,454,IL,471,3,2.0,Appartement,127.0,5.0
1888339,28/08/2019,Vente,"81000,00",31.0,RUE,4160,DE LA GOULETTE,51100.0,REIMS,51,454,BL,469,2,2.0,Appartement,71.0,3.0
1888340,29/08/2019,Vente,"70500,00",22.0,RUE,4560,HINCMAR,51100.0,REIMS,51,454,IK,61,1,2.0,Appartement,25.0,1.0
1888364,02/09/2019,Vente,"88600,00",21.0,RUE,0820,DE BERRU,51100.0,REIMS,51,454,CV,807,1,2.0,Appartement,44.0,2.0
1888369,02/09/2019,Vente,"53570,00",36.0,RUE,5090,JULES GUICHARD,51100.0,REIMS,51,454,AV,185,1,2.0,Appartement,18.0,1.0
1888372,30/08/2019,Vente,"90000,00",31.0,BD,7960,ST MARCEAUX,51100.0,REIMS,51,454,CK,98,1,2.0,Appartement,67.0,3.0
1888378,22/08/2019,Vente,"56000,00",67.0,RUE,3500,FAVART D HERBIGNY,51100.0,REIMS,51,454,CV,1134,1,2.0,Appartement,27.0,1.0
1888382,29/08/2019,Vente,"130000,00",14.0,RUE,7890,ST JEAN CESAREE,51100.0,REIMS,51,454,CZ,630,1,2.0,Appartement,48.0,2.0
1888397,14/08/2019,Vente,"48000,00",56.0,RUE,5920,M CLEMENCE FOURIAUX,51100.0,REIMS,51,454,AV,290,1,2.0,Appartement,22.0,1.0
1888426,23/08/2019,Vente,"100000,00",17.0,RUE,4320,GUSTAVE LAURENT,51100.0,REIMS,51,454,CL,93,1,2.0,Appartement,116.0,3.0
1888427,31/08/2019,Vente,"111500,00",11.0,AV,0070,ALEXANDRE DE SERBIE,51100.0,REIMS,51,454,DT,227,2,2.0,Appartement,78.0,5.0
1888433,02/09/2019,Vente,"291000,00",2.0,PL,7690,ROYALE,51100.0,REIMS,51,454,CX,28,2,2.0,Appartement,91.0,3.0
1888434,29/08/2019,Vente en l'état futur d'achèvement,"161791,00",,RUE,4220,GRANDVAL,51100.0,REIMS,51,454,CL,989,1,2.0,Appartement,41.0,2.0
1888437,02/09/2019,Vente,"87000,00",2.0,RUE,5750,DE MACON,51100.0,REIMS,51,454,CX,163,2,2.0,Appartement,33.0,1.0
1888438,06/09/2019,Vente,"125500,00",12.0,CHS,0980,BOCQUAINE,51100.0,REIMS,51,454,HZ,170,1,2.0,Appartement,61.0,2.0
1888442,23/08/2019,Vente,"110000,00",3.0,RUE,5940,MARLOT,51100.0,REIMS,51,454,IK,548,3,2.0,Appartement,44.0,3.0
1888444,30/08/2019,Vente,"161300,00",23.0,RUE,2170,DU COLONEL FABIEN,51100.0,REIMS,51,454,HZ,89,1,2.0,Appartement,53.0,2.0
1888447,02/09/2019,Vente,"191000,00",139.0,RUE,2430,DE COURCELLES,51100.0,REIMS,51,454,AR,334,1,2.0,Appartement,75.0,3.0
1888450,19/08/2019,Vente,"60800,00",9.0,RUE,3090,DURUY,51100.0,REIMS,51,454,AX,315,1,2.0,Appartement,18.0,1.0
1888456,30/08/2019,Vente en l'état futur d'achèvement,"257900,00",,RUE,5891,MARCEL THIL,51100.0,REIMS,51,454,AV,1091,1,2.0,Appartement,70.0,3.0
1888457,30/08/2019,Vente,"77500,00",8.0,ALL,2003,CLAUDE MONET,51100.0,REIMS,51,454,DK,198,1,2.0,Appartement,48.0,2.0
1888465,29/08/2019,Vente en l'état futur d'achèvement,"256500,00",,RUE,5891,MARCEL THIL,51100.0,REIMS,51,454,AV,1091,1,2.0,Appartement,70.0,3.0
1888466,02/09/2019,Vente,"58000,00",12.0,RUE,0254,ANDRE FAIVRE,51100.0,REIMS,51,454,KP,16,1,2.0,Appartement,43.0,1.0
1888470,29/08/2019,Vente,"75100,00",38.0,RUE,6890,PERSEVAL,51100.0,REIMS,51,454,CW,458,1,2.0,Appartement,28.0,1.0
1888472,03/09/2019,Vente,"125000,00",23.0,RUE,1550,CERES,51100.0,REIMS,51,454,BE,98,2,2.0,Appartement,56.0,2.0
1888474,03/09/2019,Vente,"118000,00",26.0,RUE,7190,DE PONTGIVART,51100.0,REIMS,51,454,AY,412,1,2.0,Appartement,70.0,3.0
1888475,03/09/2019,Vente,"118000,00",28.0,RUE,7190,DE PONTGIVART,51100.0,REIMS,51,454,AY,412,1,2.0,Appartement,50.0,2.0
1888483,13/09/2019,Vente,"163300,00",41.0,BD,2930,DOCTEUR HENRI HENROT,51100.0,REIMS,51,454,DM,663,2,2.0,Appartement,78.0,4.0
1888486,16/08/2019,Vente,"73000,00",52.0,RUE,2570,CROUTELLE,51100.0,REIMS,51,454,AV,105,2,2.0,Appartement,41.0,2.0
1888493,03/09/2019,Vente,"87380,00",30.0,RUE,3000,DOCTEUR THOMAS,51100.0,REIMS,51,454,AW,549,1,2.0,Appartement,37.0,2.0
1888496,02/09/2019,Vente,"200000,00",29.0,BD,7960,ST MARCEAUX,51100.0,REIMS,51,454,CK,312,1,2.0,Appartement,101.0,5.0
1888541,22/08/2019,Vente,"274500,00",4.0,PL,0380,ARISTIDE BRIAND,51100.0,REIMS,51,454,CX,85,2,2.0,Appartement,155.0,5.0
1888557,12/09/2019,Vente,"184000,00",4.0,RUE,5891,MARCEL THIL,51100.0,REIMS,51,454,AV,949,1,2.0,Appartement,77.0,3.0
1888561,11/09/2019,Vente,"61500,00",91.0,RUE,2070,CLOVIS,51100.0,REIMS,51,454,IK,413,4,2.0,Appartement,38.0,3.0
1888568,30/08/2019,Vente,"150000,00",149.0,AV,4900,JEAN JAURES,51100.0,REIMS,51,454,BI,205,1,2.0,Appartement,39.0,2.0
1888571,30/08/2019,Vente,"150000,00",149.0,AV,4900,JEAN JAURES,51100.0,REIMS,51,454,BI,205,1,2.0,Appartement,28.0,1.0
1888588,30/08/2019,Vente,"163000,00",1.0,AV,6730,DE PARIS,51100.0,REIMS,51,454,HX,109,3,2.0,Appartement,79.0,3.0
1888593,06/09/2019,Vente,"171400,00",6.0,RUE,0264,ANDRE CAURAS,51100.0,REIMS,51,454,AN,169,1,2.0,Appartement,59.0,2.0
1888594,28/08/2019,Vente,"125000,00",4.0,CHE,1780,DES CHARBONNIERS,51100.0,REIMS,51,454,DT,798,1,2.0,Appartement,61.0,3.0
1888599,02/09/2019,Vente,"130500,00",7.0,RUE,3517,DE LA FERME DES ANGLAIS,51100.0,REIMS,51,454,CT,606,1,2.0,Appartement,54.0,2.0
1888600,27/08/2019,Vente,"187000,00",28.0,RUE,6520,NICOLAS HENRIOT,51100.0,REIMS,51,454,CW,496,2,2.0,Appartement,72.0,3.0
1888602,13/09/2019,Vente,"80000,00",135.0,RUE,2440,DE COURLANCY,51100.0,REIMS,51,454,HY,161,2,2.0,Appartement,42.0,2.0
1888608,13/09/2019,Vente,"117400,00",37.0,RUE,3610,FLIN DES OLIVIERS,51100.0,REIMS,51,454,HX,399,1,2.0,Appartement,60.0,3.0
1888622,07/09/2019,Vente,"69200,00",27.0,RUE,1710,DE CHAMPIGNY,51100.0,REIMS,51,454,AR,302,2,2.0,Appartement,30.0,1.0
1888627,05/09/2019,Vente,"176400,00",11.0,RUE,7150,DE LA POMPELLE,51100.0,REIMS,51,454,CL,35,1,2.0,Appartement,88.0,4.0
1888629,05/09/2019,Vente,"59400,00",2.0,RUE,8150,STE BALSAMIE,51100.0,REIMS,51,454,CZ,196,3,2.0,Appartement,37.0,3.0
1888631,13/09/2019,Vente,"72000,00",37.0,AV,0070,ALEXANDRE DE SERBIE,51100.0,REIMS,51,454,DT,265,2,2.0,Appartement,46.0,2.0
1888632,05/09/2019,Vente,"67500,00",1.0,RUE,8670,DE TINQUEUX,51100.0,REIMS,51,454,IO,80,2,2.0,Appartement,41.0,2.0
1888644,04/09/2019,Vente,"48500,00",25.0,RUE,9090,VICTOR ROGELET,51100.0,REIMS,51,454,AW,166,1,2.0,Appartement,24.0,1.0
1888655,10/09/2019,Vente,"133960,00",5.0,BD,9070,VICTOR HUGO,51100.0,REIMS,51,454,CZ,607,2,2.0,Appartement,64.0,3.0
1888656,27/08/2019,Vente,"106489,24",154.0,RUE,3280,EMILE ZOLA,51100.0,REIMS,51,454,AX,113,3,2.0,Appartement,46.0,2.0
1888667,03/09/2019,Vente,"118500,00",42.0,RUE,0330,ANTOINE GOUSSIEZ,51100.0,REIMS,51,454,AX,732,2,2.0,Appartement,65.0,3.0
1888668,09/09/2019,Vente,"48000,00",94.0,RUE,6230,DU MONT D ARENE,51100.0,REIMS,51,454,AV,404,1,2.0,Appartement,19.0,1.0
1888670,09/09/2019,Vente,"155000,00",48.0,RUE,5400,LEON FAUCHER,51100.0,REIMS,51,454,BC,29,1,2.0,Appartement,73.0,3.0
1888679,10/09/2019,Vente,"85800,00",61.0,RUE,6830,P VAILLANT COUTURIER,51100.0,REIMS,51,454,AV,861,2,2.0,Appartement,43.0,2.0
1888680,30/08/2019,Vente,"138000,00",19.0,AV,3320,D EPERNAY,51100.0,REIMS,51,454,DP,460,2,2.0,Appartement,90.0,4.0
1888686,02/09/2019,Vente,"68500,00",25.0,RUE,4070,GERUZEZ,51100.0,REIMS,51,454,AR,301,2,2.0,Appartement,28.0,1.0
1888688,06/09/2019,Vente,"90000,00",9.0,BD,2830,DIEU LUMIERE,51100.0,REIMS,51,454,DM,638,2,2.0,Appartement,70.0,3.0
1888692,27/08/2019,Vente,"70000,00",19.0,AV,3320,D EPERNAY,51100.0,REIMS,51,454,DP,460,2,2.0,Appartement,54.0,2.0
1888696,23/08/2019,Vente,"155000,00",6.0,RUE,0100,ALEXANDRE HENROT,51100.0,REIMS,51,454,AV,562,2,2.0,Appartement,67.0,2.0
1888698,29/08/2019,Vente,"173000,00",7.0,IMP,1440,DES CARMELITES,51100.0,REIMS,51,454,IK,1347,1,2.0,Appartement,63.0,2.0
1888701,26/08/2019,Vente,"97000,00",56.0,RUE,2560,CROIX ST MARC,51100.0,REIMS,51,454,CV,404,1,2.0,Appartement,24.0,1.0
1888703,26/08/2019,Vente,"97000,00",56.0,RUE,2560,CROIX ST MARC,51100.0,REIMS,51,454,CV,404,1,2.0,Appartement,22.0,1.0
1888704,29/08/2019,Vente,"60000,00",14.0,RUE,1550,CERES,51100.0,REIMS,51,454,CX,43,2,2.0,Appartement,43.0,2.0
1888705,29/08/2019,Vente,"296000,00",21.0,RUE,1360,CAMILLE LENOIR,51100.0,REIMS,51,454,BH,303,3,2.0,Appartement,109.0,6.0
1888708,06/09/2019,Vente,"121500,00",24.0,RUE,3530,FERRAND,51100.0,REIMS,51,454,BI,687,1,2.0,Appartement,69.0,3.0
1888710,05/09/2019,Vente,"192500,00",21.0,AV,4900,JEAN JAURES,51100.0,REIMS,51,454,BH,259,1,2.0,Appartement,23.0,2.0
1888712,05/09/2019,Vente,"192500,00",21.0,AV,4900,JEAN JAURES,51100.0,REIMS,51,454,BH,259,1,2.0,Appartement,50.0,3.0
1888713,05/09/2019,Vente,"192500,00",21.0,AV,4900,JEAN JAURES,51100.0,REIMS,51,454,BH,259,1,2.0,Appartement,16.0,1.0
1888714,05/09/2019,Vente,"192500,00",21.0,AV,4900,JEAN JAURES,51100.0,REIMS,51,454,BH,259,1,2.0,Appartement,26.0,2.0
1888715,04/09/2019,Vente,"50000,00",1.0,BD,5680,LUNDY,51100.0,REIMS,51,454,BE,47,3,2.0,Appartement,39.0,1.0
1888717,08/07/2019,Vente,"89000,00",1.0,RUE,2790,DEVILLE,51100.0,REIMS,51,454,AV,903,1,2.0,Appartement,19.0,1.0
1888718,08/07/2019,Vente,"89000,00",1.0,RUE,2790,DEVILLE,51100.0,REIMS,51,454,AV,903,1,2.0,Appartement,25.0,1.0
1888724,11/09/2019,Vente,"54100,00",3.0,RUE,6835,PAUL VERLAINE,51100.0,REIMS,51,454,AD,521,2,2.0,Appartement,30.0,1.0
1888728,05/09/2019,Vente,"170000,00",1.0,RUE,6178,MIGUEL DE CERVANTES,51100.0,REIMS,51,454,EX,502,1,2.0,Appartement,76.0,4.0
1888736,11/09/2019,Vente,"53000,00",3.0,RUE,4620,HOUZEAU MUIRON,51100.0,REIMS,51,454,CW,554,1,2.0,Appartement,46.0,2.0
1888744,06/09/2019,Vente,"74000,00",26.0,RUE,1830,CHARLIER,51100.0,REIMS,51,454,BI,710,1,2.0,Appartement,45.0,2.0
1888746,13/09/2019,Vente,"57000,00",115.0,RUE,6830,P VAILLANT COUTURIER,51100.0,REIMS,51,454,AN,291,2,2.0,Appartement,37.0,2.0
1888747,29/08/2019,Vente,"133150,00",5.0,RUE,8580,DES TEMPLIERS,51100.0,REIMS,51,454,BH,347,1,2.0,Appartement,57.0,2.0
1888748,04/09/2019,Vente,"127330,00",27.0,BD,6690,DE LA PAIX,51100.0,REIMS,51,454,CK,128,2,2.0,Appartement,53.0,2.0
1888753,06/09/2019,Vente,"54000,00",42.0,RUE,1360,CAMILLE LENOIR,51100.0,REIMS,51,454,BH,159,1,2.0,Appartement,20.0,1.0
1888754,06/09/2019,Vente,"70000,00",25.0,RUE,3000,DOCTEUR THOMAS,51100.0,REIMS,51,454,AW,542,2,2.0,Appartement,43.0,2.0
1888757,10/09/2019,Vente,"128500,00",181.0,AV,5300,DE LAON,51100.0,REIMS,51,454,AV,34,2,2.0,Appartement,40.0,2.0
1888760,06/09/2019,Vente,"89000,00",31.0,RUE,6520,NICOLAS HENRIOT,51100.0,REIMS,51,454,CW,458,1,2.0,Appartement,28.0,1.0
1888762,09/09/2019,Vente,"104500,00",12.0,RUE,3520,FERRAND DE MONTHELON,51100.0,REIMS,51,454,AD,10,2,2.0,Appartement,72.0,4.0
1888771,09/09/2019,Vente,"82000,00",9.0,RUE,8000,ST NICAISE,51100.0,REIMS,51,454,CZ,23,2,2.0,Appartement,45.0,2.0
1888772,09/09/2019,Vente,"119000,00",15.0,PL,8711,TOULOUSE LAUTREC,51100.0,REIMS,51,454,KR,29,2,2.0,Appartement,79.0,4.0
1888773,11/09/2019,Vente,"132300,00",8.0,ALL,3045,DU BELLAY,51100.0,REIMS,51,454,DK,184,2,2.0,Appartement,78.0,4.0
1888777,06/09/2019,Vente,"360000,00",2.0,RUE,7060,PIPER,51100.0,REIMS,51,454,CW,706,1,2.0,Appartement,153.0,1.0
1888785,29/08/2019,Vente en l'état futur d'achèvement,"243900,00",,RUE,5891,MARCEL THIL,51100.0,REIMS,51,454,AV,1091,1,2.0,Appartement,68.0,3.0
1888789,16/09/2019,Vente,"152500,00",113.0,RUE,9040,DE VESLE,51100.0,REIMS,51,454,IK,1347,1,2.0,Appartement,46.0,2.0
1888791,09/09/2019,Vente,"118731,00",18.0,RUE,3000,DOCTEUR THOMAS,51100.0,REIMS,51,454,AW,459,2,2.0,Appartement,50.0,2.0
1888793,30/08/2019,Vente,"373000,00",1.0,PL,8170,STE CLAIRE,51100.0,REIMS,51,454,AS,387,0,2.0,Appartement,13.0,1.0
1888794,30/08/2019,Vente,"373000,00",1.0,PL,8170,STE CLAIRE,51100.0,REIMS,51,454,AS,387,0,2.0,Appartement,13.0,1.0
1888795,30/08/2019,Vente,"373000,00",1.0,PL,8170,STE CLAIRE,51100.0,REIMS,51,454,AS,387,0,2.0,Appartement,14.0,1.0
1888796,30/08/2019,Vente,"373000,00",1.0,PL,8170,STE CLAIRE,51100.0,REIMS,51,454,AS,387,0,2.0,Appartement,30.0,2.0
1888797,30/08/2019,Vente,"373000,00",1.0,PL,8170,STE CLAIRE,51100.0,REIMS,51,454,AS,387,0,2.0,Appartement,32.0,1.0
1888798,30/08/2019,Vente,"373000,00",1.0,PL,8170,STE CLAIRE,51100.0,REIMS,51,454,AS,387,0,2.0,Appartement,25.0,1.0
1888804,29/08/2019,Vente,"660000,00",28.0,RUE,8500,DE TALLEYRAND,51100.0,REIMS,51,454,IL,231,3,2.0,Appartement,212.0,5.0
1888819,11/09/2019,Vente,"190000,00",7.0,RUE,6660,D ORMESSON,51100.0,REIMS,51,454,BH,101,1,2.0,Appartement,145.0,6.0
1888820,16/09/2019,Vente,"285000,00",9.0,RUE,8220,SALIN,51100.0,REIMS,51,454,IL,51,1,2.0,Appartement,81.0,3.0
1888821,30/08/2019,Vente,"116823,00",10.0,RUE,1400,CAQUE,51100.0,REIMS,51,454,IM,364,5,2.0,Appartement,44.0,2.0
1888834,10/09/2019,Vente,"103100,00",238.0,AV,5300,DE LAON,51100.0,REIMS,51,454,AX,857,2,2.0,Appartement,44.0,1.0
1888878,11/09/2019,Vente,"119000,00",82.0,BD,7960,ST MARCEAUX,51100.0,REIMS,51,454,CK,326,1,2.0,Appartement,55.0,3.0
1888879,11/09/2019,Vente,"73000,00",3.0,RUE,3070,DUQUENELLE,51100.0,REIMS,51,454,AW,288,1,2.0,Appartement,39.0,2.0
1888881,11/09/2019,Vente,"165000,00",3.0,RUE,4906,JEAN LE LOUP,51100.0,REIMS,51,454,IK,1348,1,2.0,Appartement,73.0,3.0
1888885,30/08/2019,Vente,"110000,00",8.0,RUE,8250,DE SAVOYE,51100.0,REIMS,51,454,BH,56,3,2.0,Appartement,41.0,2.0
1888887,12/09/2019,Vente,"82750,00",24.0,RUE,8480,DE TAISSY,51100.0,REIMS,51,454,DK,235,2,2.0,Appartement,59.0,3.0
1888903,11/09/2019,Vente,"159000,00",13.0,RUE,0845,BERTRAND DE MUN,51100.0,REIMS,51,454,CM,145,2,2.0,Appartement,73.0,3.0
1888909,07/09/2019,Vente,"87000,00",24.0,RUE,8480,DE TAISSY,51100.0,REIMS,51,454,DK,235,2,2.0,Appartement,69.0,4.0
1888910,20/09/2019,Vente,"99800,00",7.0,RUE,3660,DU FOND PATE,51100.0,REIMS,51,454,AE,62,2,2.0,Appartement,79.0,3.0
1888918,11/09/2019,Vente,"76000,00",26.0,RUE,8480,DE TAISSY,51100.0,REIMS,51,454,DK,235,2,2.0,Appartement,45.0,2.0
1888922,04/09/2019,Vente,"135000,00",135.0,RUE,2440,DE COURLANCY,51100.0,REIMS,51,454,HY,161,2,2.0,Appartement,55.0,3.0
1888923,02/09/2019,Vente,"200000,00",75.0,BD,6790,PAUL DOUMER,51100.0,REIMS,51,454,IK,335,2,2.0,Appartement,102.0,4.0
1888927,05/09/2019,Vente,"151569,94",182.0,AV,3320,D EPERNAY,51100.0,REIMS,51,454,KV,70,1,2.0,Appartement,76.0,3.0
1888928,05/09/2019,Vente,"151569,94",182.0,AV,3320,D EPERNAY,51100.0,REIMS,51,454,KV,70,1,2.0,Appartement,90.0,4.0
1888931,16/09/2019,Vente,"135000,00",10.0,RUE,4120,GOIOT,51100.0,REIMS,51,454,CZ,695,1,2.0,Appartement,96.0,1.0
1888937,11/09/2019,Vente,"168000,00",7.0,RUE,0845,BERTRAND DE MUN,51100.0,REIMS,51,454,CM,116,2,2.0,Appartement,106.0,5.0
1888941,20/09/2019,Vente,"132000,00",42.0,RUE,3850,GAMBETTA,51100.0,REIMS,51,454,IK,171,2,2.0,Appartement,69.0,3.0
1888943,13/09/2019,Vente,"60500,00",26.0,RUE,8480,DE TAISSY,51100.0,REIMS,51,454,DK,235,2,2.0,Appartement,45.0,2.0
1888944,13/09/2019,Vente,"140350,00",124.0,RUE,3850,GAMBETTA,51100.0,REIMS,51,454,DM,632,2,2.0,Appartement,46.0,2.0
1888954,07/09/2019,Vente,"59500,00",145.0,RUE,2560,CROIX ST MARC,51100.0,REIMS,51,454,CV,230,1,2.0,Appartement,23.0,1.0
1888955,29/08/2019,Vente,"353650,00",60.0,PL,3040,DROUET D ERLON,51100.0,REIMS,51,454,IL,337,5,2.0,Appartement,138.0,6.0
1888961,13/09/2019,Vente,"88600,00",116.0,RUE,9040,DE VESLE,51100.0,REIMS,51,454,IM,154,1,2.0,Appartement,30.0,1.0
1888963,04/09/2019,Vente,"65000,00",29.0,RUE,7010,PIERRE BROSSOLETTE,51100.0,REIMS,51,454,AR,207,1,2.0,Appartement,59.0,2.0
1888964,09/09/2019,Vente,"86000,00",63.0,RUE,1360,CAMILLE LENOIR,51100.0,REIMS,51,454,BH,93,1,2.0,Appartement,39.0,1.0
1889000,17/09/2019,Vente,"64981,00",9.0,RUE,2975,DR LUCIEN BETTINGER,51100.0,REIMS,51,454,AE,283,2,2.0,Appartement,59.0,3.0
1889005,05/09/2019,Vente,"60000,00",135.0,RUE,2440,DE COURLANCY,51100.0,REIMS,51,454,HY,161,1,2.0,Appartement,25.0,1.0
1889010,03/09/2019,Vente en l'état futur d'achèvement,"630000,00",45.0,RUE,8640,DE THILLOIS,51100.0,REIMS,51,454,IM,179,1,2.0,Appartement,135.0,4.0
1889011,10/09/2019,Vente,"88000,00",10.0,RUE,0254,ANDRE FAIVRE,51100.0,REIMS,51,454,KP,16,1,2.0,Appartement,55.0,2.0
1889013,25/09/2019,Vente,"72000,00",2.0,RUE,1270,BRULART,51100.0,REIMS,51,454,CZ,267,1,2.0,Appartement,36.0,2.0
1889015,20/09/2019,Vente,"120000,00",61.0,RUE,5840,MALDAN,51100.0,REIMS,51,454,AR,143,2,2.0,Appartement,61.0,4.0
1889017,23/09/2019,Vente,"103200,00",81.0,RUE,5650,DE LOUVOIS,51100.0,REIMS,51,454,DV,82,1,2.0,Appartement,70.0,4.0
1889019,02/09/2019,Vente,"67700,00",6.0,RUE,2985,DU DR RENE JACQUINET,51100.0,REIMS,51,454,CZ,58,1,2.0,Appartement,23.0,1.0
1889021,02/09/2019,Vente,"64500,00",20.0,RUE,1640,DU CHALET,51100.0,REIMS,51,454,BK,285,1,2.0,Appartement,24.0,1.0
1889022,18/09/2019,Vente,"110000,00",5.0,RUE,0108,ALFRED DE VIGNY,51100.0,REIMS,51,454,AD,831,2,2.0,Appartement,65.0,3.0
1889023,04/09/2019,Vente,"218000,00",9.0,RUE,8020,ST PIERRE LES DAMES,51100.0,REIMS,51,454,CX,457,4,2.0,Appartement,94.0,5.0
1889024,10/09/2019,Vente,"71250,00",113.0,RUE,9040,DE VESLE,51100.0,REIMS,51,454,IK,1347,1,2.0,Appartement,26.0,1.0
1889038,28/08/2019,Vente,"117000,00",111.0,RUE,3166,EDMOND ROSTAND,51100.0,REIMS,51,454,HK,1239,1,2.0,Appartement,51.0,2.0
1889042,10/09/2019,Vente,"80000,00",43.0,BD,2930,DOCTEUR HENRI HENROT,51100.0,REIMS,51,454,DM,383,2,2.0,Appartement,47.0,2.0
1889043,23/09/2019,Vente,"202500,00",33.0,RUE,7040,PIERRET,51100.0,REIMS,51,454,AW,105,1,2.0,Appartement,33.0,1.0
1889044,23/09/2019,Vente,"202500,00",33.0,RUE,7040,PIERRET,51100.0,REIMS,51,454,AW,105,1,2.0,Appartement,33.0,1.0
1889045,05/09/2019,Vente,"136000,00",3.0,RUE,2110,COLASSE,51100.0,REIMS,51,454,DM,634,2,2.0,Appartement,67.0,3.0
1889049,11/09/2019,Vente,"60000,00",53.0,RUE,6470,DE NEUFCHATEL,51100.0,REIMS,51,454,AX,912,2,2.0,Appartement,43.0,2.0
1889061,24/09/2019,Vente en l'état futur d'achèvement,"325000,00",28.0,CHS,0980,BOCQUAINE,51100.0,REIMS,51,454,HZ,172,1,2.0,Appartement,94.0,4.0
1889073,06/09/2019,Vente,"88000,00",63.0,RUE,0330,ANTOINE GOUSSIEZ,51100.0,REIMS,51,454,AM,318,3,2.0,Appartement,65.0,3.0
1889074,16/09/2019,Vente,"61600,00",11.0,RUE,4560,HINCMAR,51100.0,REIMS,51,454,IK,1120,2,2.0,Appartement,25.0,1.0
1889076,12/09/2019,Vente,"143000,00",15.0,RUE,2710,DEFRANCOIS,51100.0,REIMS,51,454,CK,317,2,2.0,Appartement,67.0,3.0
1889082,27/09/2019,Vente en l'état futur d'achèvement,"142387,00",33.0,RUE,6920,PETIT DELBOURG,51100.0,REIMS,51,454,CL,579,1,2.0,Appartement,36.0,1.0
1889084,18/09/2019,Vente,"118249,00",18.0,RUE,6720,DE PARGNY,51100.0,REIMS,51,454,HX,391,2,2.0,Appartement,82.0,4.0
1889087,18/09/2019,Vente,"56999,00",15.0,RUE,8430,DE STRASBOURG,51100.0,REIMS,51,454,CV,576,1,2.0,Appartement,30.0,1.0
1889099,18/09/2019,Vente,"95000,00",2.0,RUE,7720,DU RUISSELET,51100.0,REIMS,51,454,DM,632,2,2.0,Appartement,46.0,2.0
1889104,25/09/2019,Vente,"66000,00",5.0,RUE,3010,DOM PERIGNON,51100.0,REIMS,51,454,CV,1001,3,2.0,Appartement,54.0,3.0
1889108,03/09/2019,Vente,"48000,00",135.0,RUE,2440,DE COURLANCY,51100.0,REIMS,51,454,HY,161,1,2.0,Appartement,19.0,1.0
1889109,12/09/2019,Vente,"142750,00",84.0,RUE,7610,DES ROMAINS,51100.0,REIMS,51,454,AR,286,2,2.0,Appartement,87.0,3.0
1889111,19/09/2019,Vente,"90000,00",1.0,RUE,8290,16E ET 22E DRAGONS,51100.0,REIMS,51,454,CK,17,1,2.0,Appartement,31.0,1.0
1889114,19/09/2019,Vente,"83000,00",27.0,RUE,5440,LEOPOLD CHARPENTIER,51100.0,REIMS,51,454,AE,262,1,2.0,Appartement,48.0,2.0
1889117,17/09/2019,Vente,"58000,00",28.0,RUE,2290,COQUEBERT,51100.0,REIMS,51,454,BH,82,1,2.0,Appartement,20.0,1.0
1889120,09/09/2019,Vente,"111500,00",11.0,RUE,2440,DE COURLANCY,51100.0,REIMS,51,454,HX,550,1,2.0,Appartement,47.0,2.0
1889121,18/09/2019,Vente,"229000,00",21.0,RUE,5780,DE LA MAGDELEINE,51100.0,REIMS,51,454,IN,20,2,2.0,Appartement,90.0,3.0
1889125,27/09/2019,Vente,"93000,00",51.0,RUE,5650,DE LOUVOIS,51100.0,REIMS,51,454,DV,726,1,2.0,Appartement,41.0,2.0
1889127,27/09/2019,Vente,"70000,00",1.0,RUE,9260,WERLE,51100.0,REIMS,51,454,BH,530,1,2.0,Appartement,21.0,1.0
1889129,17/09/2019,Vente,"88000,00",27.0,RUE,1100,BOUDET,51100.0,REIMS,51,454,AX,705,4,2.0,Appartement,52.0,3.0
1889135,11/09/2019,Vente,"136000,00",175.0,RUE,0600,DU BARBATRE,51100.0,REIMS,51,454,CZ,409,1,2.0,Appartement,65.0,3.0
1889139,12/09/2019,Vente,"537000,00",40.0,RUE,9220,VOLTAIRE,51100.0,REIMS,51,454,CX,88,3,2.0,Appartement,205.0,7.0
1889140,27/09/2019,Vente,"72000,00",28.0,RUE,7520,DE RILLY LA MONTAGNE,51100.0,REIMS,51,454,HS,222,1,2.0,Appartement,83.0,4.0
1889141,27/09/2019,Vente,"72000,00",28.0,RUE,7520,DE RILLY LA MONTAGNE,51100.0,REIMS,51,454,HS,222,1,2.0,Appartement,83.0,4.0
1889157,20/09/2019,Vente,"155000,00",5.0,RUE,0010,ABBE DE L EPEE,51100.0,REIMS,51,454,IK,288,1,2.0,Appartement,40.0,1.0
1889158,20/09/2019,Vente,"155000,00",5.0,RUE,0010,ABBE DE L EPEE,51100.0,REIMS,51,454,IK,288,1,2.0,Appartement,51.0,2.0
1889160,09/09/2019,Vente,"101000,00",15.0,RUE,1730,CHANTERAINE,51100.0,REIMS,51,454,DM,634,2,2.0,Appartement,67.0,3.0
1889162,30/09/2019,Vente,"72560,00",20.0,BD,6750,PASTEUR,51100.0,REIMS,51,454,CY,627,1,2.0,Appartement,22.0,1.0
1889164,05/09/2019,Vente,"163000,00",6.0,AV,4900,JEAN JAURES,51100.0,REIMS,51,454,CW,51,2,2.0,Appartement,66.0,4.0
1889165,04/09/2019,Vente,"107600,00",65.0,RUE,2430,DE COURCELLES,51100.0,REIMS,51,454,AT,221,2,2.0,Appartement,48.0,2.0
1889175,05/09/2019,Vente,"105000,00",41.0,RUE,8430,DE STRASBOURG,51100.0,REIMS,51,454,CV,562,2,2.0,Appartement,55.0,3.0
1889181,19/09/2019,Vente,"62500,00",23.0,RUE,2430,DE COURCELLES,51100.0,REIMS,51,454,AT,334,2,2.0,Appartement,23.0,1.0
1889188,16/09/2019,Vente,"92000,00",8.0,RUE,8320,DE SILLERY,51100.0,REIMS,51,454,CI,146,1,2.0,Appartement,53.0,2.0
1889197,13/09/2019,Vente,"134000,00",32.0,RUE,3280,EMILE ZOLA,51100.0,REIMS,51,454,AW,451,1,2.0,Appartement,43.0,1.0
1889202,23/09/2019,Vente,"68000,00",249.0,RUE,2440,DE COURLANCY,51100.0,REIMS,51,454,DN,217,2,2.0,Appartement,42.0,2.0
1889206,30/09/2019,Vente,"215000,00",18.0,AV,4900,JEAN JAURES,51100.0,REIMS,51,454,CW,638,2,2.0,Appartement,82.0,4.0
1889216,27/09/2019,Vente,"108000,00",79.0,RUE,8950,DE VENISE,51100.0,REIMS,51,454,CY,434,1,2.0,Appartement,54.0,2.0
1889246,13/09/2019,Vente,"90000,00",12.0,RUE,0254,ANDRE FAIVRE,51100.0,REIMS,51,454,KP,16,1,2.0,Appartement,55.0,2.0
1889259,11/09/2019,Vente en l'état futur d'achèvement,"209000,00",,RUE,5891,MARCEL THIL,51100.0,REIMS,51,454,AV,1091,1,2.0,Appartement,54.0,2.0
1889265,04/09/2019,Vente,"67000,00",133.0,RUE,2440,DE COURLANCY,51100.0,REIMS,51,454,HY,161,1,2.0,Appartement,27.0,1.0
1889268,23/09/2019,Vente,"105000,00",296.0,AV,5300,DE LAON,51100.0,REIMS,51,454,AX,755,1,2.0,Appartement,90.0,4.0
1889275,06/09/2019,Vente,"50000,00",39.0,BD,6690,DE LA PAIX,51100.0,REIMS,51,454,CK,241,1,2.0,Appartement,23.0,1.0
1889281,05/09/2019,Vente,"74200,00",14.0,RUE,8480,DE TAISSY,51100.0,REIMS,51,454,DK,233,2,2.0,Appartement,59.0,3.0
1889333,26/09/2019,Vente,"116000,00",96.0,RUE,6330,DES MOULINS,51100.0,REIMS,51,454,CY,737,2,2.0,Appartement,53.0,2.0
1889335,26/09/2019,Vente,"50000,00",36.0,RUE,2570,CROUTELLE,51100.0,REIMS,51,454,AV,111,1,2.0,Appartement,20.0,1.0
1889337,24/09/2019,Vente,"160000,00",79.0,BD,6790,PAUL DOUMER,51100.0,REIMS,51,454,IK,335,2,2.0,Appartement,102.0,4.0
1889338,24/09/2019,Vente,"138500,00",15.0,RUE,5920,M CLEMENCE FOURIAUX,51100.0,REIMS,51,454,AT,84,2,2.0,Appartement,85.0,3.0
1889348,17/09/2019,Vente,"63000,00",45.0,RUE,4620,HOUZEAU MUIRON,51100.0,REIMS,51,454,CW,508,2,2.0,Appartement,30.0,1.0
1889359,25/09/2019,Vente,"92000,00",5.0,PL,0120,ALFRED BROUETTE,51100.0,REIMS,51,454,BI,372,2,2.0,Appartement,65.0,3.0
1889361,20/09/2019,Vente,"154850,00",59.0,RUE,3360,ERNEST RENAN,51100.0,REIMS,51,454,AR,407,2,2.0,Appartement,85.0,3.0
1889362,24/09/2019,Vente,"150000,00",27.0,BD,6690,DE LA PAIX,51100.0,REIMS,51,454,CK,128,2,2.0,Appartement,73.0,3.0
1889363,20/09/2019,Vente,"344000,00",70.0,PL,3040,DROUET D ERLON,51100.0,REIMS,51,454,IL,344,1,2.0,Appartement,100.0,3.0
1889370,30/09/2019,Vente,"225200,00",17.0,RUE,5230,LABORI,51100.0,REIMS,51,454,CK,183,2,2.0,Appartement,82.0,4.0
1889375,24/09/2019,Vente en l'état futur d'achèvement,"144500,00",,RUE,4220,GRANDVAL,51100.0,REIMS,51,454,CL,989,1,2.0,Appartement,42.0,2.0
1889384,01/10/2019,Vente,"121500,00",118.0,RUE,1390,DES CAPUCINS,51100.0,REIMS,51,454,CY,376,2,2.0,Appartement,49.0,2.0
1889392,23/09/2019,Vente,"304000,00",67.0,RUE,5490,LIBERGIER,51100.0,REIMS,51,454,IK,752,2,2.0,Appartement,107.0,5.0
1889395,13/09/2019,Vente,"149000,00",1.0,RUE,1920,DE CHEVIGNE,51100.0,REIMS,51,454,CL,154,2,2.0,Appartement,108.0,5.0
1889399,20/09/2019,Vente,"64000,00",42.0,RUE,0630,DU BASTION,51100.0,REIMS,51,454,CW,279,1,2.0,Appartement,23.0,1.0
1889413,20/09/2019,Vente,"119000,00",12.0,RUE,0910,DE BEZANNES,51100.0,REIMS,51,454,HW,386,2,2.0,Appartement,69.0,3.0
1889414,03/10/2019,Vente,"204800,00",30.0,RUE,1870,DE CHATIVESLE,51100.0,REIMS,51,454,IM,387,5,2.0,Appartement,61.0,4.0
1889416,24/09/2019,Vente,"60200,00",37.0,RUE,4160,DE LA GOULETTE,51100.0,REIMS,51,454,BL,624,1,2.0,Appartement,63.0,2.0
1889417,27/09/2019,Vente,"138500,00",29.0,BD,7960,ST MARCEAUX,51100.0,REIMS,51,454,CK,312,1,2.0,Appartement,77.0,3.0
1889424,26/08/2019,Vente,"94000,00",61.0,AV,5300,DE LAON,51100.0,REIMS,51,454,AV,334,1,2.0,Appartement,41.0,1.0
1889428,26/09/2019,Vente,"144000,00",68.0,AV,5300,DE LAON,51100.0,REIMS,51,454,AW,434,1,2.0,Appartement,77.0,3.0
1889429,04/10/2019,Vente,"157953,80",179.0,AV,4900,JEAN JAURES,51100.0,REIMS,51,454,BK,461,2,2.0,Appartement,75.0,4.0
1889434,25/09/2019,Vente,"223000,00",10.0,RUE,2260,CONDORCET,51100.0,REIMS,51,454,IL,185,2,2.0,Appartement,58.0,2.0
1889447,23/09/2019,Vente,"127000,00",17.0,RUE,1730,CHANTERAINE,51100.0,REIMS,51,454,DM,634,2,2.0,Appartement,67.0,3.0
1889451,25/09/2019,Vente,"105000,00",1.0,RUE,3340,DE L EQUERRE,51100.0,REIMS,51,454,CY,569,2,2.0,Appartement,47.0,2.0
1889454,26/09/2019,Vente en l'état futur d'achèvement,"216691,00",,RUE,4220,GRANDVAL,51100.0,REIMS,51,454,CL,989,2,2.0,Appartement,60.0,3.0
1889457,25/09/2019,Vente,"209500,00",2.0,RUE,0375,ARLETTE REMIA,51100.0,REIMS,51,454,HZ,183,1,2.0,Appartement,105.0,4.0
1889462,04/10/2019,Vente,"79000,00",134.0,RUE,7010,PIERRE BROSSOLETTE,51100.0,REIMS,51,454,AO,739,1,2.0,Appartement,52.0,2.0
1889463,13/09/2019,Vente,"430910,00",18.0,RUE,5460,LESAGE,51100.0,REIMS,51,454,AW,241,0,2.0,Appartement,96.0,5.0
1889464,13/09/2019,Vente,"430910,00",18.0,RUE,5460,LESAGE,51100.0,REIMS,51,454,AW,241,0,2.0,Appartement,46.0,3.0
1889465,13/09/2019,Vente,"430910,00",18.0,RUE,5460,LESAGE,51100.0,REIMS,51,454,AW,241,0,2.0,Appartement,35.0,2.0
1889466,13/09/2019,Vente,"430910,00",18.0,RUE,5460,LESAGE,51100.0,REIMS,51,454,AW,241,0,2.0,Appartement,50.0,3.0
1889468,26/09/2019,Vente,"181000,00",8.0,RUE,1590,DE CERNAY,51100.0,REIMS,51,454,CW,72,4,2.0,Appartement,69.0,3.0
1889489,25/09/2019,Vente,"96500,00",53.0,RUE,6470,DE NEUFCHATEL,51100.0,REIMS,51,454,AX,912,2,2.0,Appartement,49.0,2.0
1889496,04/10/2019,Vente,"89000,00",197.0,AV,4900,JEAN JAURES,51100.0,REIMS,51,454,BK,451,1,2.0,Appartement,47.0,2.0
1889497,27/09/2019,Vente,"61000,00",39.0,AV,4455,HENRI FARMAN,51100.0,REIMS,51,454,EK,6,1,2.0,Appartement,18.0,1.0
1889498,27/09/2019,Vente,"88000,00",17.0,RUE,5780,DE LA MAGDELEINE,51100.0,REIMS,51,454,IN,26,2,2.0,Appartement,35.0,2.0
1889507,27/09/2019,Vente,"170000,00",76.0,BD,1800,CHARLES ARNOULD,51100.0,REIMS,51,454,AO,493,2,2.0,Appartement,86.0,4.0
1889509,20/09/2019,Vente,"116100,00",10.0,RUE,4035,GERARD PHILIPE,51100.0,REIMS,51,454,CI,70,2,2.0,Appartement,62.0,3.0
1889511,20/09/2019,Vente,"116100,00",10.0,RUE,4035,GERARD PHILIPE,51100.0,REIMS,51,454,CI,70,2,2.0,Appartement,62.0,3.0
1889513,23/09/2019,Vente,"95000,00",13.0,RUE,0470,DES AUGUSTINS,51100.0,REIMS,51,454,CY,52,2,2.0,Appartement,36.0,2.0
1889515,23/09/2019,Vente,"72000,00",6.0,RUE,7750,SAINT BENOIT,51100.0,REIMS,51,454,AY,220,2,2.0,Appartement,32.0,2.0
1889522,23/09/2019,Vente,"829670,00",16.0,RUE,9260,WERLE,51100.0,REIMS,51,454,BH,360,2,2.0,Appartement,239.0,9.0
1889523,26/09/2019,Vente,"102000,00",19.0,AV,3320,D EPERNAY,51100.0,REIMS,51,454,DP,460,2,2.0,Appartement,55.0,2.0
1889533,25/09/2019,Vente,"120208,00",49.0,BD,3950,DU GENERAL LECLERC,51100.0,REIMS,51,454,IM,395,1,2.0,Appartement,47.0,2.0
1889536,25/09/2019,Vente,"74500,00",175.0,RUE,0600,DU BARBATRE,51100.0,REIMS,51,454,CZ,409,1,2.0,Appartement,58.0,2.0
1889539,24/09/2019,Vente,"171750,00",17.0,RUE,1730,CHANTERAINE,51100.0,REIMS,51,454,DM,634,2,2.0,Appartement,67.0,3.0
1889543,23/09/2019,Vente,"208000,00",41.0,RUE,4890,JEAN JACQUES ROUSSEAU,51100.0,REIMS,51,454,BE,46,1,2.0,Appartement,84.0,2.0
1889547,17/09/2019,Vente,"245000,00",17.0,PL,1770,DU CHAPITRE,51100.0,REIMS,51,454,CX,29,1,2.0,Appartement,75.0,4.0
1889552,26/09/2019,Vente,"98000,00",1.0,AV,7295,DU PRESIDENT KENNEDY,51100.0,REIMS,51,454,KN,16,2,2.0,Appartement,97.0,4.0
1889555,20/09/2019,Vente en l'état futur d'achèvement,"239900,00",,RUE,5891,MARCEL THIL,51100.0,REIMS,51,454,AV,1091,1,2.0,Appartement,68.0,3.0
1889567,20/09/2019,Vente,"142000,00",1.0,RUE,0010,ABBE DE L EPEE,51100.0,REIMS,51,454,IK,288,2,2.0,Appartement,67.0,3.0
1889569,27/09/2019,Vente,"71500,00",24.0,RUE,6720,DE PARGNY,51100.0,REIMS,51,454,HW,390,1,2.0,Appartement,25.0,1.0
1889575,08/10/2019,Vente,"104500,00",8.0,RUE,3270,EMILE SENART,51100.0,REIMS,51,454,AY,255,2,2.0,Appartement,64.0,4.0
1889577,10/09/2019,Vente,"120000,00",5.0,RUE,6540,NOEL,51100.0,REIMS,51,454,IL,356,2,2.0,Appartement,42.0,2.0
1889579,02/10/2019,Vente,"46000,00",6.0,RUE,2280,DE CONTRAI,51100.0,REIMS,51,454,CY,4,1,2.0,Appartement,27.0,1.0
1889589,30/09/2019,Vente en l'état futur d'achèvement,"244000,00",28.0,CHS,0980,BOCQUAINE,51100.0,REIMS,51,454,HZ,172,1,2.0,Appartement,70.0,3.0
1889598,20/09/2019,Vente,"113400,00",15.0,RUE,6000,MARTEAU,51100.0,REIMS,51,454,CV,34,2,2.0,Appartement,106.0,5.0
1889600,13/09/2019,Vente,"88000,00",28.0,RUE,0010,ABBE DE L EPEE,51100.0,REIMS,51,454,IK,316,1,2.0,Appartement,27.0,2.0
1889616,03/10/2019,Vente,"46000,00",4.0,RUE,4220,GRANDVAL,51100.0,REIMS,51,454,CL,985,1,2.0,Appartement,17.0,1.0
1889618,25/09/2019,Vente,"122000,00",45.0,RUE,5650,DE LOUVOIS,51100.0,REIMS,51,454,DV,741,1,2.0,Appartement,77.0,3.0
1889619,27/09/2019,Vente,"80000,00",73.0,RUE,1360,CAMILLE LENOIR,51100.0,REIMS,51,454,BH,97,1,2.0,Appartement,45.0,2.0
1889622,11/10/2019,Vente,"183000,00",17.0,RUE,1110,BOULARD,51100.0,REIMS,51,454,IK,426,1,2.0,Appartement,71.0,3.0
1889625,07/10/2019,Vente,"85800,00",132.0,RUE,7010,PIERRE BROSSOLETTE,51100.0,REIMS,51,454,AO,739,1,2.0,Appartement,52.0,2.0
1889629,09/10/2019,Vente,"100250,00",78.0,RUE,5340,LECOINTRE,51100.0,REIMS,51,454,AV,73,1,2.0,Appartement,46.0,2.0
1889630,27/09/2019,Vente,"86700,00",3.0,RUE,5785,MAGELLAN,51100.0,REIMS,51,454,EV,589,1,2.0,Appartement,42.0,2.0
1889631,27/09/2019,Vente,"86700,00",3.0,RUE,5785,MAGELLAN,51100.0,REIMS,51,454,EV,589,1,2.0,Appartement,60.0,3.0
1889637,09/10/2019,Vente,"155000,00",81.0,RUE,8950,DE VENISE,51100.0,REIMS,51,454,CY,434,1,2.0,Appartement,82.0,4.0
1889707,26/09/2019,Vente,"151500,00",23.0,RUE,6125,DE LA MEDITERRANEE,51100.0,REIMS,51,454,CN,579,2,2.0,Appartement,120.0,6.0
1889709,30/09/2019,Vente,"106000,00",1.0,RUE,5785,MAGELLAN,51100.0,REIMS,51,454,EV,589,2,2.0,Appartement,60.0,3.0
1889710,03/10/2019,Vente,"120000,00",257.0,AV,5300,DE LAON,51100.0,REIMS,51,454,AN,172,3,2.0,Appartement,92.0,3.0
1889712,27/09/2019,Vente,"77000,00",5.0,RUE,7060,PIPER,51100.0,REIMS,51,454,CW,15,2,2.0,Appartement,38.0,1.0
1889714,04/10/2019,Vente,"56100,00",55.0,AV,6823,PAUL MARCHANDEAU,51100.0,REIMS,51,454,DO,37,2,2.0,Appartement,25.0,1.0
1889716,11/10/2019,Vente,"51500,00",17.0,RUE,3280,EMILE ZOLA,51100.0,REIMS,51,454,AW,426,1,2.0,Appartement,20.0,1.0
1889738,04/10/2019,Vente,"175500,00",29.0,BD,7960,ST MARCEAUX,51100.0,REIMS,51,454,CK,312,1,2.0,Appartement,87.0,4.0
1889740,02/10/2019,Vente,"120000,00",49.0,RUE,3770,FRANCOIS DOR,51100.0,REIMS,51,454,HW,263,1,2.0,Appartement,35.0,2.0
1889741,02/10/2019,Vente,"120000,00",49.0,RUE,3770,FRANCOIS DOR,51100.0,REIMS,51,454,HW,263,1,2.0,Appartement,31.0,2.0
1889745,11/10/2019,Vente,"135000,00",20.0,BD,6690,DE LA PAIX,51100.0,REIMS,51,454,CX,106,2,2.0,Appartement,48.0,2.0
1889756,17/09/2019,Vente,"270000,00",39.0,RUE,6740,PASSE DEMOISELLES,51100.0,REIMS,51,454,HY,147,1,2.0,Appartement,30.0,1.0
1889760,11/10/2019,Vente en l'état futur d'achèvement,"268001,00",35.0,RUE,6920,PETIT DELBOURG,51100.0,REIMS,51,454,CL,579,1,2.0,Appartement,79.0,3.0
1889777,07/10/2019,Vente,"73000,00",15.0,RUE,7405,RAYMOND POINCARE,51100.0,REIMS,51,454,AE,117,1,2.0,Appartement,70.0,4.0
1889782,11/10/2019,Vente,"160690,00",55.0,RUE,2590,D ESTIENNE D ORVES,51100.0,REIMS,51,454,DV,407,2,2.0,Appartement,84.0,5.0
1889793,30/09/2019,Vente,"58700,00",129.0,RUE,0600,DU BARBATRE,51100.0,REIMS,51,454,CY,706,1,2.0,Appartement,25.0,1.0
1889794,09/10/2019,Vente,"74000,00",7.0,RUE,1980,DE CLAIRMARAIS,51100.0,REIMS,51,454,AT,165,2,2.0,Appartement,30.0,1.0
1889798,09/10/2019,Vente,"590000,00",21.0,RUE,2840,DIEU LUMIERE,51100.0,REIMS,51,454,CZ,556,0,2.0,Appartement,98.0,4.0
1889800,09/10/2019,Vente,"590000,00",21.0,RUE,2840,DIEU LUMIERE,51100.0,REIMS,51,454,CZ,556,0,2.0,Appartement,48.0,2.0
1889801,09/10/2019,Vente,"590000,00",21.0,RUE,2840,DIEU LUMIERE,51100.0,REIMS,51,454,CZ,556,0,2.0,Appartement,66.0,3.0
1889808,20/09/2019,Vente,"85000,00",52.0,RUE,1360,CAMILLE LENOIR,51100.0,REIMS,51,454,BH,567,1,2.0,Appartement,38.0,2.0
1889810,02/10/2019,Vente,"80000,00",7.0,RUE,2975,DR LUCIEN BETTINGER,51100.0,REIMS,51,454,AE,283,2,2.0,Appartement,70.0,4.0
1889832,10/10/2019,Vente,"120000,00",55.0,RUE,2590,D ESTIENNE D ORVES,51100.0,REIMS,51,454,DV,407,2,2.0,Appartement,66.0,4.0
1889835,16/10/2019,Vente,"110600,00",26.0,RUE,6160,DE METZ,51100.0,REIMS,51,454,CV,517,1,2.0,Appartement,57.0,2.0
1889841,18/09/2019,Vente,"143500,00",63.0,RUE,2070,CLOVIS,51100.0,REIMS,51,454,IK,399,2,2.0,Appartement,60.0,4.0
1889842,01/10/2019,Vente,"67500,00",48.0,RUE,7710,RUINART DE BRIMONT,51100.0,REIMS,51,454,CW,156,1,2.0,Appartement,29.0,1.0
1889845,30/09/2019,Vente,"158000,00",115.0,RUE,5460,LESAGE,51100.0,REIMS,51,454,AY,494,1,2.0,Appartement,62.0,3.0
1889846,07/10/2019,Vente,"47500,00",61.0,RUE,6830,P VAILLANT COUTURIER,51100.0,REIMS,51,454,AV,861,2,2.0,Appartement,18.0,1.0
1889847,23/09/2019,Vente,"68000,00",59.0,RUE,6230,DU MONT D ARENE,51100.0,REIMS,51,454,AT,16,1,2.0,Appartement,27.0,1.0
1889849,19/09/2019,Vente,"135000,00",11.0,RUE,8580,DES TEMPLIERS,51100.0,REIMS,51,454,BH,528,2,2.0,Appartement,44.0,2.0
1889857,27/09/2019,Vente,"47000,00",39.0,RUE,3500,FAVART D HERBIGNY,51100.0,REIMS,51,454,CV,894,1,2.0,Appartement,17.0,1.0
1889863,02/10/2019,Vente,"211000,00",20.0,BD,6690,DE LA PAIX,51100.0,REIMS,51,454,CX,106,2,2.0,Appartement,87.0,4.0
1889867,25/09/2019,Vente,"215000,00",47.0,RUE,8560,DES TELLIERS,51100.0,REIMS,51,454,IL,293,1,2.0,Appartement,62.0,3.0
1889869,11/10/2019,Vente,"99000,00",20.0,RUE,0610,BARON,51100.0,REIMS,51,454,CV,218,3,2.0,Appartement,71.0,2.0
1889887,27/09/2019,Vente en l'état futur d'achèvement,"136500,00",78.0,AV,1809,CHARLES FANDRE,51100.0,REIMS,51,454,CT,607,1,2.0,Appartement,51.0,2.0
1889889,30/09/2019,Vente,"210000,00",120.0,BD,1800,CHARLES ARNOULD,51100.0,REIMS,51,454,AO,115,0,2.0,Appartement,98.0,4.0
1889892,27/09/2019,Vente en l'état futur d'achèvement,"135500,00",78.0,AV,1809,CHARLES FANDRE,51100.0,REIMS,51,454,CT,607,1,2.0,Appartement,51.0,2.0
1889903,25/09/2019,Vente en l'état futur d'achèvement,"259500,00",,RUE,5891,MARCEL THIL,51100.0,REIMS,51,454,AV,1091,1,2.0,Appartement,70.0,3.0
1889910,27/09/2019,Vente,"55000,00",11.0,RUE,5400,LEON FAUCHER,51100.0,REIMS,51,454,BC,130,1,2.0,Appartement,42.0,2.0
1889911,07/10/2019,Vente,"98000,00",5.0,RUE,1730,CHANTERAINE,51100.0,REIMS,51,454,DM,634,1,2.0,Appartement,45.0,2.0
1889923,15/10/2019,Vente,"57000,00",21.0,AV,4455,HENRI FARMAN,51100.0,REIMS,51,454,DH,90,1,2.0,Appartement,17.0,1.0
1889925,04/10/2019,Vente,"92000,00",3.0,RUE,2440,DE COURLANCY,51100.0,REIMS,51,454,HX,75,1,2.0,Appartement,42.0,2.0
1889957,05/10/2019,Vente,"120000,00",61.0,RUE,4770,DU JARD,51100.0,REIMS,51,454,IK,288,2,2.0,Appartement,47.0,2.0
1889961,18/10/2019,Vente,"39000,00",85.0,RUE,1590,DE CERNAY,51100.0,REIMS,51,454,CV,1122,1,2.0,Appartement,17.0,1.0
1889963,01/10/2019,Vente,"205000,00",31.0,RUE,6490,DE NICE,51100.0,REIMS,51,454,CR,61,1,2.0,Appartement,88.0,4.0
1889974,10/10/2019,Vente,"74300,00",14.0,RUE,8480,DE TAISSY,51100.0,REIMS,51,454,DK,233,2,2.0,Appartement,69.0,4.0
1889977,23/09/2019,Vente,"62500,00",65.0,RUE,2080,CLOVIS CHEZEL,51100.0,REIMS,51,454,DL,145,1,2.0,Appartement,26.0,2.0
1889978,01/10/2019,Vente,"79500,00",84.0,RUE,3000,DOCTEUR THOMAS,51100.0,REIMS,51,454,AW,267,3,2.0,Appartement,41.0,2.0
1889981,21/10/2019,Vente,"42000,00",21.0,AV,4455,HENRI FARMAN,51100.0,REIMS,51,454,DH,90,1,2.0,Appartement,17.0,1.0
1889988,27/09/2019,Vente,"91975,00",257.0,AV,5300,DE LAON,51100.0,REIMS,51,454,AN,172,3,2.0,Appartement,46.0,2.0
1889990,04/10/2019,Vente,"225000,00",21.0,RUE,6740,PASSE DEMOISELLES,51100.0,REIMS,51,454,HY,184,1,2.0,Appartement,78.0,3.0
1889991,10/10/2019,Vente,"48000,00",9.0,RUE,0700,DE BELFORT,51100.0,REIMS,51,454,CW,377,1,2.0,Appartement,27.0,1.0
1889998,03/10/2019,Vente,"42520,00",37.0,RUE,6920,PETIT DELBOURG,51100.0,REIMS,51,454,CL,608,1,2.0,Appartement,25.0,1.0
1890001,02/10/2019,Vente,"156750,00",35.0,RUE,8640,DE THILLOIS,51100.0,REIMS,51,454,IM,184,1,2.0,Appartement,48.0,2.0
1890004,07/10/2019,Vente,"132300,00",10.0,RUE,0790,BENOIST MALOT,51100.0,REIMS,51,454,DV,167,1,2.0,Appartement,67.0,3.0
1890009,14/10/2019,Vente,"170500,00",1.0,AV,4010,GEORGES CLEMENCEAU,51100.0,REIMS,51,454,CK,312,1,2.0,Appartement,86.0,4.0
1890015,04/10/2019,Vente,"308000,00",134.0,RUE,1390,DES CAPUCINS,51100.0,REIMS,51,454,CY,390,0,2.0,Appartement,40.0,2.0
1890016,04/10/2019,Vente,"308000,00",134.0,RUE,1390,DES CAPUCINS,51100.0,REIMS,51,454,CY,390,0,2.0,Appartement,37.0,2.0
1890017,04/10/2019,Vente,"308000,00",134.0,RUE,1390,DES CAPUCINS,51100.0,REIMS,51,454,CY,390,0,2.0,Appartement,34.0,3.0
1890022,25/09/2019,Vente,"69000,00",25.0,RUE,3180,EDOUARD MIGNOT,51100.0,REIMS,51,454,AT,374,1,2.0,Appartement,24.0,1.0
1890023,27/09/2019,Vente,"110900,00",130.0,RUE,6830,P VAILLANT COUTURIER,51100.0,REIMS,51,454,AN,192,1,2.0,Appartement,49.0,2.0
1890024,23/09/2019,Vente,"295000,00",15.0,AV,4900,JEAN JAURES,51100.0,REIMS,51,454,BH,261,2,2.0,Appartement,163.0,5.0
1890037,04/10/2019,Vente,"78000,00",2.0,ALL,2003,CLAUDE MONET,51100.0,REIMS,51,454,DK,198,1,2.0,Appartement,46.0,2.0
1890041,03/10/2019,Vente,"158500,00",16.0,RUE,0950,BLAVIER,51100.0,REIMS,51,454,AX,693,1,2.0,Appartement,87.0,4.0
1890043,27/09/2019,Vente,"189900,00",2.0,RUE,2070,CLOVIS,51100.0,REIMS,51,454,IK,1247,2,2.0,Appartement,86.0,4.0
1890044,22/10/2019,Vente,"61500,00",187.0,AV,4900,JEAN JAURES,51100.0,REIMS,51,454,BK,339,1,2.0,Appartement,30.0,1.0
1890046,14/10/2019,Vente,"219550,00",6.0,RUE,0100,ALEXANDRE HENROT,51100.0,REIMS,51,454,AV,562,2,2.0,Appartement,97.0,4.0
1890051,09/10/2019,Vente,"100300,00",39.0,RUE,6740,PASSE DEMOISELLES,51100.0,REIMS,51,454,HY,147,1,2.0,Appartement,27.0,2.0
1890057,14/10/2019,Vente,"179350,00",11.0,RUE,1190,DE BRAZZAVILLE,51100.0,REIMS,51,454,CM,105,2,2.0,Appartement,111.0,6.0
1890060,08/10/2019,Vente,"102500,00",2.0,RUE,8603,THEODORE GERICAULT,51100.0,REIMS,51,454,AE,296,2,2.0,Appartement,70.0,3.0
1890073,09/10/2019,Vente,"169100,00",21.0,RUE,0550,BACQUENOIS,51100.0,REIMS,51,454,IM,261,1,2.0,Appartement,53.0,3.0
1890084,11/10/2019,Vente,"212500,00",20.0,RUE,2500,DES CRENEAUX,51100.0,REIMS,51,454,CZ,168,4,2.0,Appartement,92.0,5.0
1890085,16/10/2019,Vente,"182500,00",4.0,RUE,0210,AMBROISE PETIT,51100.0,REIMS,51,454,DM,634,2,2.0,Appartement,93.0,5.0
1890092,17/10/2019,Vente,"250000,00",89.0,RUE,6230,DU MONT D ARENE,51100.0,REIMS,51,454,AT,9,1,2.0,Appartement,60.0,3.0
1890094,17/10/2019,Vente,"250000,00",87.0,RUE,6230,DU MONT D ARENE,51100.0,REIMS,51,454,AT,9,1,2.0,Appartement,42.0,2.0
1890096,27/09/2019,Vente,"99000,00",15.0,RUE,7015,PIERRE DE COUBERTIN,51100.0,REIMS,51,454,AE,110,2,2.0,Appartement,90.0,5.0
1890103,30/09/2019,Vente,"105000,00",35.0,RUE,3000,DOCTEUR THOMAS,51100.0,REIMS,51,454,AW,552,1,2.0,Appartement,47.0,2.0
1890111,27/09/2019,Vente,"105000,00",17.0,RUE,4320,GUSTAVE LAURENT,51100.0,REIMS,51,454,CL,93,2,2.0,Appartement,63.0,2.0
1890112,15/10/2019,Vente,"180000,00",35.0,RUE,7160,PONSARDIN,51100.0,REIMS,51,454,CK,119,2,2.0,Appartement,74.0,4.0
1890116,30/09/2019,Vente,"140000,00",6.0,RUE,1720,DU CHANOINE LALLEMENT,51100.0,REIMS,51,454,DT,174,1,2.0,Appartement,75.0,3.0
1890119,22/08/2019,Adjudication,"117000,00",45.0,RUE,5270,LANDOUZY,51100.0,REIMS,51,454,AW,375,2,2.0,Appartement,52.0,3.0
1890129,08/10/2019,Vente,"78000,00",54.0,RUE,8430,DE STRASBOURG,51100.0,REIMS,51,454,CV,601,2,2.0,Appartement,44.0,2.0
1890137,12/10/2019,Vente,"72000,00",10.0,RUE,2970,DOCTEUR LEMOINE,51100.0,REIMS,51,454,BC,258,1,2.0,Appartement,24.0,1.0
1890141,16/10/2019,Vente,"335000,00",60.0,RUE,6940,PETIT HUTIN,51100.0,REIMS,51,454,CL,492,0,2.0,Appartement,49.0,3.0
1890142,16/10/2019,Vente,"335000,00",60.0,RUE,6940,PETIT HUTIN,51100.0,REIMS,51,454,CL,492,0,2.0,Appartement,49.0,3.0
1890143,16/10/2019,Vente,"335000,00",60.0,RUE,6940,PETIT HUTIN,51100.0,REIMS,51,454,CL,492,0,2.0,Appartement,51.0,2.0
1890144,16/10/2019,Vente,"335000,00",60.0,RUE,6940,PETIT HUTIN,51100.0,REIMS,51,454,CL,492,0,2.0,Appartement,43.0,3.0
1890147,07/10/2019,Vente,"110500,00",4.0,ALL,2003,CLAUDE MONET,51100.0,REIMS,51,454,DK,198,1,2.0,Appartement,62.0,3.0
1890149,11/10/2019,Vente,"119000,00",12.0,RUE,7710,RUINART DE BRIMONT,51100.0,REIMS,51,454,CW,99,1,2.0,Appartement,44.0,3.0
1890150,27/09/2019,Vente,"116800,00",11.0,RUE,8000,ST NICAISE,51100.0,REIMS,51,454,CZ,22,2,2.0,Appartement,50.0,3.0
1890152,04/10/2019,Vente,"161000,00",23.0,RUE,4620,HOUZEAU MUIRON,51100.0,REIMS,51,454,CW,516,1,2.0,Appartement,55.0,2.0
1890183,09/10/2019,Vente,"63000,00",8.0,RUE,4870,JEAN DE FOIGNY,51100.0,REIMS,51,454,DO,591,2,2.0,Appartement,41.0,2.0
1890184,09/10/2019,Vente en l'état futur d'achèvement,"202461,00",,RUE,4220,GRANDVAL,51100.0,REIMS,51,454,CL,989,2,2.0,Appartement,65.0,3.0
1890188,08/10/2019,Vente,"350000,00",74.0,RUE,6230,DU MONT D ARENE,51100.0,REIMS,51,454,AV,391,1,2.0,Appartement,34.0,2.0
1890189,08/10/2019,Vente,"350000,00",74.0,RUE,6230,DU MONT D ARENE,51100.0,REIMS,51,454,AV,391,1,2.0,Appartement,22.0,1.0
1890190,08/10/2019,Vente,"350000,00",74.0,RUE,6230,DU MONT D ARENE,51100.0,REIMS,51,454,AV,391,1,2.0,Appartement,32.0,2.0
1890191,08/10/2019,Vente,"350000,00",74.0,RUE,6230,DU MONT D ARENE,51100.0,REIMS,51,454,AV,391,1,2.0,Appartement,33.0,1.0
1890192,08/10/2019,Vente,"350000,00",74.0,RUE,6230,DU MONT D ARENE,51100.0,REIMS,51,454,AV,391,1,2.0,Appartement,29.0,1.0
1890193,08/10/2019,Vente,"350000,00",74.0,RUE,6230,DU MONT D ARENE,51100.0,REIMS,51,454,AV,391,1,2.0,Appartement,35.0,1.0
1890194,08/10/2019,Vente,"350000,00",74.0,RUE,6230,DU MONT D ARENE,51100.0,REIMS,51,454,AV,391,1,2.0,Appartement,46.0,3.0
1890195,08/10/2019,Vente,"350000,00",74.0,RUE,6230,DU MONT D ARENE,51100.0,REIMS,51,454,AV,391,1,2.0,Appartement,22.0,1.0
1890196,08/10/2019,Vente,"350000,00",74.0,RUE,6230,DU MONT D ARENE,51100.0,REIMS,51,454,AV,391,1,2.0,Appartement,45.0,3.0
1890222,08/10/2019,Vente,"95000,00",37.0,RUE,3430,EUGENE DESTEUQUE,51100.0,REIMS,51,454,CX,70,1,2.0,Appartement,33.0,1.0
1890224,30/09/2019,Vente,"950400,00",37.0,RUE,9220,VOLTAIRE,51100.0,REIMS,51,454,CX,76,0,2.0,Appartement,17.0,1.0
1890225,30/09/2019,Vente,"950400,00",37.0,RUE,9220,VOLTAIRE,51100.0,REIMS,51,454,CX,76,0,2.0,Appartement,15.0,1.0
1890226,30/09/2019,Vente,"950400,00",37.0,RUE,9220,VOLTAIRE,51100.0,REIMS,51,454,CX,76,0,2.0,Appartement,126.0,5.0
1890227,30/09/2019,Vente,"950400,00",37.0,RUE,9220,VOLTAIRE,51100.0,REIMS,51,454,CX,76,0,2.0,Appartement,16.0,1.0
1890228,30/09/2019,Vente,"950400,00",37.0,RUE,9220,VOLTAIRE,51100.0,REIMS,51,454,CX,76,0,2.0,Appartement,24.0,1.0
1890229,30/09/2019,Vente,"950400,00",37.0,RUE,9220,VOLTAIRE,51100.0,REIMS,51,454,CX,76,0,2.0,Appartement,25.0,1.0
1890230,30/09/2019,Vente,"950400,00",37.0,RUE,9220,VOLTAIRE,51100.0,REIMS,51,454,CX,76,0,2.0,Appartement,15.0,1.0
1890231,30/09/2019,Vente,"950400,00",37.0,RUE,9220,VOLTAIRE,51100.0,REIMS,51,454,CX,76,0,2.0,Appartement,85.0,4.0
1890232,30/09/2019,Vente,"950400,00",37.0,RUE,9220,VOLTAIRE,51100.0,REIMS,51,454,CX,76,0,2.0,Appartement,91.0,5.0
1890237,15/10/2019,Vente en l'état futur d'achèvement,"319000,00",28.0,CHS,0980,BOCQUAINE,51100.0,REIMS,51,454,HZ,172,1,2.0,Appartement,93.0,3.0
1890239,30/09/2019,Vente,"80000,00",238.0,AV,5300,DE LAON,51100.0,REIMS,51,454,AX,857,2,2.0,Appartement,43.0,2.0
1890241,27/09/2019,Vente,"88500,00",27.0,BD,6690,DE LA PAIX,51100.0,REIMS,51,454,CK,128,2,2.0,Appartement,33.0,1.0
1890252,09/10/2019,Vente,"114700,00",3.0,RUE,1280,BRULEE,51100.0,REIMS,51,454,IK,87,1,2.0,Appartement,42.0,2.0
1890253,09/10/2019,Vente,"134500,00",2.0,RUE,1590,DE CERNAY,51100.0,REIMS,51,454,CW,638,1,2.0,Appartement,62.0,2.0
1890266,11/10/2019,Vente,"335000,00",37.0,RUE,8900,DE L UNIVERSITE,51100.0,REIMS,51,454,CX,581,1,2.0,Appartement,111.0,4.0
1890270,15/10/2019,Vente,"125000,00",20.0,BD,6690,DE LA PAIX,51100.0,REIMS,51,454,CX,106,2,2.0,Appartement,48.0,2.0
1890271,10/10/2019,Vente en l'état futur d'achèvement,"311000,00",21.0,RUE,7860,SAINT HILAIRE,51100.0,REIMS,51,454,BE,220,1,2.0,Appartement,62.0,3.0
1890273,10/10/2019,Vente,"82000,00",42.0,RUE,2430,DE COURCELLES,51100.0,REIMS,51,454,AR,315,1,2.0,Appartement,41.0,2.0
1890295,17/10/2019,Vente,"81000,00",11.0,PL,3040,DROUET D ERLON,51100.0,REIMS,51,454,IM,93,1,2.0,Appartement,32.0,1.0
1890296,04/10/2019,Vente,"140000,00",35.0,RUE,7160,PONSARDIN,51100.0,REIMS,51,454,CK,119,2,2.0,Appartement,79.0,4.0
1890297,09/10/2019,Vente,"107000,00",10.0,RUE,2192,COMMANDANT ARNAUD,51100.0,REIMS,51,454,AL,402,2,2.0,Appartement,71.0,3.0
1890303,09/10/2019,Vente en l'état futur d'achèvement,"209000,00",104.0,AV,5300,DE LAON,51100.0,REIMS,51,454,AW,515,1,2.0,Appartement,62.0,3.0
1890305,09/10/2019,Vente,"73000,00",53.0,RUE,6470,DE NEUFCHATEL,51100.0,REIMS,51,454,AX,912,2,2.0,Appartement,38.0,2.0
1890308,09/10/2019,Vente,"80500,00",3.0,RUE,8260,SCULPTEURS JACQUES,51100.0,REIMS,51,454,HW,278,1,2.0,Appartement,55.0,3.0
1890309,01/10/2019,Vente,"161000,00",52.0,RUE,1390,DES CAPUCINS,51100.0,REIMS,51,454,IK,426,1,2.0,Appartement,48.0,2.0
1890320,14/10/2019,Vente,"129820,00",4.0,ALL,0788,B FRANKLIN NEUV,51100.0,REIMS,51,454,KK,684,2,2.0,Appartement,64.0,3.0
1890322,14/10/2019,Vente,"100000,00",31.0,BD,7960,ST MARCEAUX,51100.0,REIMS,51,454,CK,98,1,2.0,Appartement,67.0,3.0
1890325,15/10/2019,Vente,"275100,00",8.0,RUE,5880,DU MARC,51100.0,REIMS,51,454,BE,525,1,2.0,Appartement,72.0,3.0
1890332,11/10/2019,Vente,"950000,00",21.0,RUE,3390,DE L ETAPE,51100.0,REIMS,51,454,IL,623,0,2.0,Appartement,74.0,3.0
1890333,11/10/2019,Vente,"950000,00",21.0,RUE,3390,DE L ETAPE,51100.0,REIMS,51,454,IL,623,0,2.0,Appartement,41.0,1.0
1890334,11/10/2019,Vente,"950000,00",21.0,RUE,3390,DE L ETAPE,51100.0,REIMS,51,454,IL,623,0,2.0,Appartement,64.0,3.0
1890335,11/10/2019,Vente,"950000,00",21.0,RUE,3390,DE L ETAPE,51100.0,REIMS,51,454,IL,623,0,2.0,Appartement,58.0,3.0
1890338,11/10/2019,Vente,"950000,00",21.0,RUE,3390,DE L ETAPE,51100.0,REIMS,51,454,IL,623,0,2.0,Appartement,60.0,3.0
1890339,11/10/2019,Vente,"950000,00",21.0,RUE,3390,DE L ETAPE,51100.0,REIMS,51,454,IL,623,0,2.0,Appartement,57.0,3.0
1890340,11/10/2019,Vente,"950000,00",21.0,RUE,3390,DE L ETAPE,51100.0,REIMS,51,454,IL,623,0,2.0,Appartement,74.0,3.0
1890341,11/10/2019,Vente,"950000,00",21.0,RUE,3390,DE L ETAPE,51100.0,REIMS,51,454,IL,623,0,2.0,Appartement,58.0,3.0
1890342,11/10/2019,Vente,"950000,00",21.0,RUE,3390,DE L ETAPE,51100.0,REIMS,51,454,IL,623,0,2.0,Appartement,64.0,2.0
1890344,11/10/2019,Vente,"950000,00",21.0,RUE,3390,DE L ETAPE,51100.0,REIMS,51,454,IL,623,0,2.0,Appartement,62.0,3.0
1890345,11/10/2019,Vente,"950000,00",21.0,RUE,3390,DE L ETAPE,51100.0,REIMS,51,454,IL,623,0,2.0,Appartement,62.0,3.0
1890346,11/10/2019,Vente,"950000,00",21.0,RUE,3390,DE L ETAPE,51100.0,REIMS,51,454,IL,623,0,2.0,Appartement,63.0,3.0
1890347,11/10/2019,Vente,"950000,00",21.0,RUE,3390,DE L ETAPE,51100.0,REIMS,51,454,IL,623,0,2.0,Appartement,66.0,3.0
1890348,09/10/2019,Vente,"149200,00",6.0,AV,4900,JEAN JAURES,51100.0,REIMS,51,454,CW,51,2,2.0,Appartement,62.0,2.0
1890354,18/10/2019,Vente,"110600,00",5.0,RUE,3000,DOCTEUR THOMAS,51100.0,REIMS,51,454,AW,392,1,2.0,Appartement,43.0,2.0
1890355,07/10/2019,Vente,"58000,00",17.0,RUE,6830,P VAILLANT COUTURIER,51100.0,REIMS,51,454,AV,221,2,2.0,Appartement,22.0,1.0
1890356,07/10/2019,Vente,"86000,00",17.0,RUE,6830,P VAILLANT COUTURIER,51100.0,REIMS,51,454,AV,221,3,2.0,Appartement,59.0,3.0
1890357,25/10/2019,Vente,"215000,00",37.0,CRS,4850,J B LANGLET,51100.0,REIMS,51,454,IL,274,3,2.0,Appartement,61.0,2.0
1890370,03/10/2019,Vente,"970000,00",16.0,RUE,5540,LINGUET,51100.0,REIMS,51,454,BE,233,0,2.0,Appartement,150.0,4.0
1890372,03/10/2019,Vente,"970000,00",16.0,RUE,5540,LINGUET,51100.0,REIMS,51,454,BE,233,0,2.0,Appartement,300.0,9.0
1890373,26/10/2019,Vente,"65727,00",46.0,RUE,4740,JACQUART,51100.0,REIMS,51,454,BI,555,1,2.0,Appartement,26.0,1.0
1890377,14/10/2019,Vente,"532600,00",17.0,RUE,6210,DES MOISSONS,51100.0,REIMS,51,454,CW,688,1,2.0,Appartement,109.0,4.0
1890378,04/10/2019,Vente,"111800,00",36.0,RUE,6890,PERSEVAL,51100.0,REIMS,51,454,CW,458,1,2.0,Appartement,42.0,2.0
1890379,02/10/2019,Vente,"269000,00",50.0,BD,4760,JAMIN,51100.0,REIMS,51,454,BI,288,3,2.0,Appartement,104.0,5.0
1890384,01/10/2019,Vente,"70000,00",42.0,RUE,4320,GUSTAVE LAURENT,51100.0,REIMS,51,454,CL,881,1,2.0,Appartement,29.0,1.0
1890392,09/10/2019,Vente,"193000,00",29.0,RUE,6760,PAUL ADAM,51100.0,REIMS,51,454,IK,198,2,2.0,Appartement,95.0,3.0
1890393,15/10/2019,Vente,"302000,00",6.0,RUE,7160,PONSARDIN,51100.0,REIMS,51,454,CX,69,1,2.0,Appartement,96.0,3.0
1890396,07/10/2019,Vente,"81000,00",9.0,RUE,8000,ST NICAISE,51100.0,REIMS,51,454,CZ,23,2,2.0,Appartement,50.0,2.0
1890398,04/10/2019,Vente en l'état futur d'achèvement,"198500,00",,RUE,5891,MARCEL THIL,51100.0,REIMS,51,454,AV,1091,1,2.0,Appartement,54.0,2.0
1890416,16/10/2019,Vente,"67000,00",16.0,RUE,5050,JULES BRUNEAU,51100.0,REIMS,51,454,DT,658,2,2.0,Appartement,45.0,2.0
1890419,16/10/2019,Vente,"138000,00",60.0,RUE,2840,DIEU LUMIERE,51100.0,REIMS,51,454,DM,108,1,2.0,Appartement,56.0,3.0
1890421,10/10/2019,Vente,"213000,00",6.0,RUE,0340,DE L ARBALETE,51100.0,REIMS,51,454,IL,67,1,2.0,Appartement,58.0,3.0
1890422,03/10/2019,Vente,"99000,00",62.0,RUE,4770,DU JARD,51100.0,REIMS,51,454,IK,1324,1,2.0,Appartement,33.0,2.0
1890424,09/10/2019,Vente en l'état futur d'achèvement,"253500,00",,RUE,5891,MARCEL THIL,51100.0,REIMS,51,454,AV,1091,1,2.0,Appartement,70.0,3.0
1890427,24/10/2019,Vente,"143500,00",19.0,RUE,3650,FOLLE PEINE,51100.0,REIMS,51,454,CY,737,2,2.0,Appartement,54.0,2.0
1890429,22/10/2019,Vente,"116500,00",9.0,RUE,2760,DESBUREAUX,51100.0,REIMS,51,454,AL,419,2,2.0,Appartement,83.0,4.0
1890434,15/10/2019,Vente,"108000,00",27.0,RUE,1710,DE CHAMPIGNY,51100.0,REIMS,51,454,AR,302,2,2.0,Appartement,69.0,4.0
1890436,03/10/2019,Vente,"156500,00",158.0,AV,4900,JEAN JAURES,51100.0,REIMS,51,454,CV,981,1,2.0,Appartement,83.0,4.0
1890439,17/10/2019,Vente,"160000,00",41.0,RUE,1360,CAMILLE LENOIR,51100.0,REIMS,51,454,BH,332,3,2.0,Appartement,59.0,3.0
1890441,17/10/2019,Vente,"13500,00",255.0,RUE,2440,DE COURLANCY,51100.0,REIMS,51,454,DN,547,2,2.0,Appartement,15.0,1.0
1890443,09/10/2019,Vente,"58000,00",4.0,RUE,0254,ANDRE FAIVRE,51100.0,REIMS,51,454,KP,30,1,2.0,Appartement,41.0,1.0
1890446,15/10/2019,Vente,"107500,00",70.0,BD,7550,ROBESPIERRE,51100.0,REIMS,51,454,AY,255,2,2.0,Appartement,59.0,4.0
1890451,17/10/2019,Vente,"133000,00",10.0,RUE,0790,BENOIST MALOT,51100.0,REIMS,51,454,DV,167,1,2.0,Appartement,67.0,3.0
1890454,08/10/2019,Vente,"63800,00",39.0,AV,4455,HENRI FARMAN,51100.0,REIMS,51,454,EK,6,1,2.0,Appartement,23.0,2.0
1890457,14/10/2019,Vente,"91250,00",333.0,AV,5300,DE LAON,51100.0,REIMS,51,454,AN,548,2,2.0,Appartement,81.0,3.0
1890460,14/10/2019,Vente,"110000,00",12.0,RUE,0254,ANDRE FAIVRE,51100.0,REIMS,51,454,KP,16,1,2.0,Appartement,72.0,3.0
1890462,14/10/2019,Vente en l'état futur d'achèvement,"201331,00",6.0,RUE,8090,SAINT THIERRY,51100.0,REIMS,51,454,AV,1097,1,2.0,Appartement,45.0,2.0
1890467,04/10/2019,Vente en l'état futur d'achèvement,"177500,00",,RUE,5891,MARCEL THIL,51100.0,REIMS,51,454,AV,1091,1,2.0,Appartement,41.0,2.0
1890468,16/10/2019,Vente,"133180,00",109.0,RUE,0600,DU BARBATRE,51100.0,REIMS,51,454,CY,165,2,2.0,Appartement,90.0,3.0
1890471,19/10/2019,Vente,"59000,00",67.0,RUE,3500,FAVART D HERBIGNY,51100.0,REIMS,51,454,CV,1134,1,2.0,Appartement,25.0,1.0
1890482,18/10/2019,Vente,"144000,00",45.0,AV,8030,ST POL,51100.0,REIMS,51,454,DM,629,2,2.0,Appartement,53.0,2.0
1890489,24/10/2019,Vente,"87420,00",1.0,AV,7295,DU PRESIDENT KENNEDY,51100.0,REIMS,51,454,KN,16,2,2.0,Appartement,66.0,3.0
1890494,23/10/2019,Vente,"130700,00",51.0,RUE,4190,DU GRAND CERF,51100.0,REIMS,51,454,CZ,301,2,2.0,Appartement,52.0,3.0
1890495,04/10/2019,Vente,"237000,00",15.0,RUE,3650,FOLLE PEINE,51100.0,REIMS,51,454,CY,425,1,2.0,Appartement,72.0,3.0
1890508,24/10/2019,Vente,"323000,00",11.0,BD,1510,CARTERET,51100.0,REIMS,51,454,CV,843,4,2.0,Appartement,76.0,3.0
1890511,21/10/2019,Vente,"119700,00",17.0,PL,8711,TOULOUSE LAUTREC,51100.0,REIMS,51,454,KR,30,2,2.0,Appartement,79.0,4.0
1890514,23/10/2019,Vente,"114000,00",166.0,RUE,7160,PONSARDIN,51100.0,REIMS,51,454,CZ,605,2,2.0,Appartement,42.0,2.0
1890521,22/10/2019,Vente,"73000,00",95.0,AV,5300,DE LAON,51100.0,REIMS,51,454,AV,251,1,2.0,Appartement,41.0,2.0
1890540,29/10/2019,Vente,"74000,00",60.0,RUE,6210,DES MOISSONS,51100.0,REIMS,51,454,CK,128,1,2.0,Appartement,35.0,1.0
1890542,28/10/2019,Vente,"113500,00",18.0,RUE,5920,M CLEMENCE FOURIAUX,51100.0,REIMS,51,454,AV,367,2,2.0,Appartement,54.0,3.0
1890545,24/10/2019,Vente en l'état futur d'achèvement,"231000,00",28.0,CHS,0980,BOCQUAINE,51100.0,REIMS,51,454,HZ,172,1,2.0,Appartement,65.0,3.0
1890546,23/10/2019,Vente,"104000,00",57.0,AV,6730,DE PARIS,51100.0,REIMS,51,454,HX,12,2,2.0,Appartement,18.0,1.0
1890547,23/10/2019,Vente,"104000,00",57.0,AV,6730,DE PARIS,51100.0,REIMS,51,454,HX,12,2,2.0,Appartement,18.0,1.0
1890551,15/10/2019,Vente en l'état futur d'achèvement,"160480,00",215.0,RUE,2440,DE COURLANCY,51100.0,REIMS,51,454,DN,253,1,2.0,Appartement,43.0,2.0
1890554,11/10/2019,Vente en l'état futur d'achèvement,"186315,00",215.0,RUE,2440,DE COURLANCY,51100.0,REIMS,51,454,DN,253,1,2.0,Appartement,44.0,2.0
1890559,21/10/2019,Vente en l'état futur d'achèvement,"248500,00",,RUE,5891,MARCEL THIL,51100.0,REIMS,51,454,AV,1091,1,2.0,Appartement,70.0,3.0
1890565,17/10/2019,Vente,"203000,00",24.0,RUE,2450,COURMEAUX,51100.0,REIMS,51,454,BE,71,3,2.0,Appartement,74.0,3.0
1890572,18/10/2019,Vente,"78000,00",166.0,RUE,7160,PONSARDIN,51100.0,REIMS,51,454,CZ,605,1,2.0,Appartement,31.0,1.0
1890588,30/10/2019,Vente,"238991,00",89.0,RUE,6230,DU MONT D ARENE,51100.0,REIMS,51,454,AT,9,1,2.0,Appartement,60.0,3.0
1890590,04/11/2019,Vente,"40000,00",21.0,RUE,1590,DE CERNAY,51100.0,REIMS,51,454,CW,124,1,2.0,Appartement,32.0,2.0
1890591,04/11/2019,Vente,"103000,00",37.0,RUE,4160,DE LA GOULETTE,51100.0,REIMS,51,454,BL,624,2,2.0,Appartement,74.0,3.0
1890594,15/10/2019,Vente,"54800,00",6.0,RUE,6330,DES MOULINS,51100.0,REIMS,51,454,CY,348,1,2.0,Appartement,24.0,1.0
1890602,02/10/2019,Vente,"179000,00",8.0,RUE,8950,DE VENISE,51100.0,REIMS,51,454,IK,1335,1,2.0,Appartement,86.0,4.0
1890606,30/10/2019,Vente,"115000,00",47.0,PL,3040,DROUET D ERLON,51100.0,REIMS,51,454,IM,562,1,2.0,Appartement,53.0,1.0
1890607,11/10/2019,Vente,"109250,00",53.0,RUE,6830,P VAILLANT COUTURIER,51100.0,REIMS,51,454,AV,134,1,2.0,Appartement,54.0,2.0
1890609,14/10/2019,Vente,"217000,00",30.0,RUE,7280,PRESIDENT F ROOSEVELT,51100.0,REIMS,51,454,AT,75,0,2.0,Appartement,16.0,1.0
1890610,14/10/2019,Vente,"217000,00",30.0,RUE,7280,PRESIDENT F ROOSEVELT,51100.0,REIMS,51,454,AT,75,0,2.0,Appartement,13.0,1.0
1890611,14/10/2019,Vente,"217000,00",30.0,RUE,7280,PRESIDENT F ROOSEVELT,51100.0,REIMS,51,454,AT,75,0,2.0,Appartement,17.0,1.0
1890612,14/10/2019,Vente,"217000,00",30.0,RUE,7280,PRESIDENT F ROOSEVELT,51100.0,REIMS,51,454,AT,75,0,2.0,Appartement,22.0,1.0
1890613,11/10/2019,Vente,"56000,00",48.0,RUE,5920,M CLEMENCE FOURIAUX,51100.0,REIMS,51,454,AV,294,1,2.0,Appartement,21.0,1.0
1890614,16/10/2019,Vente,"199000,00",7.0,RUE,3180,EDOUARD MIGNOT,51100.0,REIMS,51,454,AT,415,1,2.0,Appartement,65.0,3.0
1890618,10/10/2019,Vente,"120000,00",9.0,RUE,3070,DUQUENELLE,51100.0,REIMS,51,454,AW,290,3,2.0,Appartement,76.0,4.0
1890623,14/10/2019,Vente,"10000,00",118.0,RUE,9040,DE VESLE,51100.0,REIMS,51,454,IM,155,1,2.0,Appartement,90.0,3.0
1890625,17/10/2019,Vente,"108000,00",13.0,RUE,7090,PLUMET FOLLIART,51100.0,REIMS,51,454,AV,858,1,2.0,Appartement,73.0,3.0
1890630,17/10/2019,Vente en l'état futur d'achèvement,"203012,27",6.0,RUE,8090,SAINT THIERRY,51100.0,REIMS,51,454,AV,1097,1,2.0,Appartement,55.0,2.0
1890632,18/10/2019,Vente,"82000,00",24.0,RUE,8480,DE TAISSY,51100.0,REIMS,51,454,DK,235,2,2.0,Appartement,69.0,4.0
1890643,16/10/2019,Vente,"134000,00",155.0,AV,4900,JEAN JAURES,51100.0,REIMS,51,454,BI,138,1,2.0,Appartement,18.0,1.0
1890644,16/10/2019,Vente,"134000,00",155.0,AV,4900,JEAN JAURES,51100.0,REIMS,51,454,BI,138,1,2.0,Appartement,18.0,1.0
1890648,18/10/2019,Vente,"91600,00",3.0,ALL,2003,CLAUDE MONET,51100.0,REIMS,51,454,DK,198,1,2.0,Appartement,48.0,2.0
1890650,22/10/2019,Vente,"100000,00",8.0,RUE,2192,COMMANDANT ARNAUD,51100.0,REIMS,51,454,AL,402,2,2.0,Appartement,71.0,3.0
1890652,05/11/2019,Vente,"169500,00",13.0,RUE,8890,DE L UNION FONCIERE,51100.0,REIMS,51,454,HX,220,2,2.0,Appartement,89.0,5.0
1890653,29/10/2019,Vente,"165000,00",30.0,RUE,6720,DE PARGNY,51100.0,REIMS,51,454,HW,373,3,2.0,Appartement,98.0,4.0
1890658,14/10/2019,Vente,"130000,00",37.0,CRS,4850,J B LANGLET,51100.0,REIMS,51,454,IL,274,2,2.0,Appartement,61.0,2.0
1890659,14/10/2019,Vente,"152600,00",136.0,RUE,1590,DE CERNAY,51100.0,REIMS,51,454,CV,620,2,2.0,Appartement,70.0,2.0
1890660,09/10/2019,Vente,"83000,00",171.0,RUE,1590,DE CERNAY,51100.0,REIMS,51,454,CT,73,3,2.0,Appartement,40.0,2.0
1890661,23/10/2019,Vente,"83000,00",249.0,RUE,2440,DE COURLANCY,51100.0,REIMS,51,454,DN,217,2,2.0,Appartement,55.0,3.0
1890690,30/10/2019,Vente,"192250,00",9.0,RUE,6670,DES ORPHELINS,51100.0,REIMS,51,454,CY,238,1,2.0,Appartement,71.0,4.0
1890695,14/10/2019,Vente,"101590,00",77.0,RUE,6420,NARCISSE BRUNETTE,51100.0,REIMS,51,454,DT,227,2,2.0,Appartement,67.0,4.0
1890698,05/11/2019,Vente,"87000,00",52.0,RUE,8430,DE STRASBOURG,51100.0,REIMS,51,454,CV,599,1,2.0,Appartement,43.0,2.0
1890702,05/11/2019,Vente,"249000,00",89.0,RUE,6230,DU MONT D ARENE,51100.0,REIMS,51,454,AT,9,1,2.0,Appartement,60.0,3.0
1890704,05/11/2019,Vente,"210600,00",301.0,AV,5300,DE LAON,51100.0,REIMS,51,454,AN,711,1,2.0,Appartement,122.0,5.0
1890714,04/11/2019,Vente,"90000,00",1.0,RUE,8290,16E ET 22E DRAGONS,51100.0,REIMS,51,454,CK,17,1,2.0,Appartement,58.0,2.0
1890724,24/10/2019,Vente,"126000,00",33.0,BD,7960,ST MARCEAUX,51100.0,REIMS,51,454,CK,98,2,2.0,Appartement,76.0,4.0
1890726,22/10/2019,Vente,"174600,00",2.0,RUE,8580,DES TEMPLIERS,51100.0,REIMS,51,454,BH,572,1,2.0,Appartement,56.0,2.0
1890728,23/10/2019,Vente,"58515,00",29.0,RUE,6760,PAUL ADAM,51100.0,REIMS,51,454,IK,198,1,2.0,Appartement,29.0,2.0
1890734,07/11/2019,Vente,"70000,00",3.0,CHS,7970,SAINT MARTIN,51100.0,REIMS,51,454,DN,587,1,2.0,Appartement,43.0,2.0
1890736,23/10/2019,Vente,"85400,00",8.0,ALL,3165,EDOUARD DEKETELAERE,51100.0,REIMS,51,454,AN,668,1,2.0,Appartement,56.0,3.0
1890738,23/10/2019,Vente,"50000,00",55.0,RUE,7160,PONSARDIN,51100.0,REIMS,51,454,CY,97,1,2.0,Appartement,14.0,1.0
1890755,25/10/2019,Vente,"63000,00",235.0,AV,5300,DE LAON,51100.0,REIMS,51,454,AN,722,1,2.0,Appartement,34.0,1.0
1890758,24/10/2019,Vente,"215000,00",177.0,RUE,0600,DU BARBATRE,51100.0,REIMS,51,454,CZ,410,1,2.0,Appartement,105.0,4.0
1890770,24/10/2019,Vente,"78268,00",1.0,RUE,5785,MAGELLAN,51100.0,REIMS,51,454,EV,589,2,2.0,Appartement,60.0,3.0
1890771,28/10/2019,Vente,"223000,00",67.0,RUE,4770,DU JARD,51100.0,REIMS,51,454,IK,288,2,2.0,Appartement,88.0,4.0
1890777,08/11/2019,Vente,"127000,00",51.0,RUE,5650,DE LOUVOIS,51100.0,REIMS,51,454,DV,726,1,2.0,Appartement,59.0,3.0
1890779,18/10/2019,Vente,"82500,00",15.0,RUE,6720,DE PARGNY,51100.0,REIMS,51,454,HX,399,1,2.0,Appartement,48.0,2.0
1890782,24/10/2019,Vente,"170000,00",3.0,RUE,3610,FLIN DES OLIVIERS,51100.0,REIMS,51,454,HX,412,0,2.0,Appartement,11.0,1.0
1890783,24/10/2019,Vente,"170000,00",3.0,RUE,3610,FLIN DES OLIVIERS,51100.0,REIMS,51,454,HX,412,0,2.0,Appartement,24.0,1.0
1890784,24/10/2019,Vente,"170000,00",3.0,RUE,3610,FLIN DES OLIVIERS,51100.0,REIMS,51,454,HX,412,0,2.0,Appartement,14.0,1.0
1890785,24/10/2019,Vente,"170000,00",3.0,RUE,3610,FLIN DES OLIVIERS,51100.0,REIMS,51,454,HX,412,0,2.0,Appartement,18.0,1.0
1890800,29/10/2019,Vente,"133000,00",11.0,IMP,2410,DE COURCELLES,51100.0,REIMS,51,454,AR,910,1,2.0,Appartement,47.0,2.0
1890804,30/10/2019,Vente,"103000,00",1.0,RUE,4060,GERSON,51100.0,REIMS,51,454,AV,612,2,2.0,Appartement,69.0,2.0
1890809,30/10/2019,Vente,"783000,00",47.0,RUE,2670,DAVID,51100.0,REIMS,51,454,CW,242,0,2.0,Appartement,110.0,5.0
1890811,30/10/2019,Vente,"783000,00",47.0,RUE,2670,DAVID,51100.0,REIMS,51,454,CW,242,0,2.0,Appartement,110.0,4.0
1890816,07/11/2019,Vente,"115000,00",213.0,AV,4900,JEAN JAURES,51100.0,REIMS,51,454,BK,274,2,2.0,Appartement,55.0,3.0
1890826,21/10/2019,Vente,"87000,00",6.0,RUE,2280,DE CONTRAI,51100.0,REIMS,51,454,CY,4,1,2.0,Appartement,35.0,1.0
1890827,18/10/2019,Vente,"126000,00",1.0,RUE,1920,DE CHEVIGNE,51100.0,REIMS,51,454,CL,154,2,2.0,Appartement,69.0,3.0
1890831,04/11/2019,Vente,"88000,00",12.0,CHS,0980,BOCQUAINE,51100.0,REIMS,51,454,HZ,170,1,2.0,Appartement,37.0,2.0
1890832,25/10/2019,Vente,"149749,00",28.0,ESP,3590,FLECHAMBAULT,51100.0,REIMS,51,454,DM,631,2,2.0,Appartement,83.0,4.0
1890834,21/10/2019,Vente en l'état futur d'achèvement,"178897,00",,RUE,4220,GRANDVAL,51100.0,REIMS,51,454,CL,1000,1,2.0,Appartement,51.0,2.0
1890835,28/10/2019,Vente,"89750,00",5.0,RUE,6330,DES MOULINS,51100.0,REIMS,51,454,DM,633,2,2.0,Appartement,32.0,1.0
1890836,25/10/2019,Vente,"125000,00",83.0,AV,6730,DE PARIS,51100.0,REIMS,51,454,HX,3,2,2.0,Appartement,65.0,3.0
1890842,30/10/2019,Vente en l'état futur d'achèvement,"252000,00",,RUE,5891,MARCEL THIL,51100.0,REIMS,51,454,AV,1091,1,2.0,Appartement,70.0,3.0
1890844,04/11/2019,Vente,"119200,00",10.0,RUE,0846,RUE BERTRAND DE VOGUE,51100.0,REIMS,51,454,DK,238,1,2.0,Appartement,62.0,3.0
1890848,30/10/2019,Vente,"77000,00",36.0,RUE,3210,DES ELUS,51100.0,REIMS,51,454,IL,258,1,2.0,Appartement,24.0,1.0
1890850,30/10/2019,Vente,"120000,00",10.0,RUE,0790,BENOIST MALOT,51100.0,REIMS,51,454,DV,167,2,2.0,Appartement,67.0,3.0
1890859,30/10/2019,Vente en l'état futur d'achèvement,"203000,00",,RUE,5891,MARCEL THIL,51100.0,REIMS,51,454,AV,1091,1,2.0,Appartement,56.0,2.0
1890867,21/10/2019,Vente,"66000,00",155.0,AV,4900,JEAN JAURES,51100.0,REIMS,51,454,BI,138,1,2.0,Appartement,18.0,1.0
1890871,24/10/2019,Vente,"133000,00",179.0,AV,4900,JEAN JAURES,51100.0,REIMS,51,454,BK,461,2,2.0,Appartement,39.0,2.0
1890873,06/11/2019,Vente,"53500,00",14.0,RUE,9090,VICTOR ROGELET,51100.0,REIMS,51,454,AW,198,2,2.0,Appartement,25.0,1.0
1890898,04/11/2019,Vente,"50000,00",36.0,RUE,1870,DE CHATIVESLE,51100.0,REIMS,51,454,IM,390,1,2.0,Appartement,18.0,2.0
1890899,12/11/2019,Vente,"60000,00",38.0,RUE,0550,BACQUENOIS,51100.0,REIMS,51,454,IM,290,1,2.0,Appartement,24.0,1.0
1890900,13/11/2019,Vente,"73000,00",66.0,RUE,4740,JACQUART,51100.0,REIMS,51,454,BI,573,1,2.0,Appartement,30.0,1.0
1890902,05/11/2019,Vente,"32000,00",91.0,RUE,3500,FAVART D HERBIGNY,51100.0,REIMS,51,454,CV,756,2,2.0,Appartement,34.0,2.0
1890904,28/10/2019,Vente,"90000,00",201.0,AV,4900,JEAN JAURES,51100.0,REIMS,51,454,BK,331,2,2.0,Appartement,70.0,3.0
1890912,12/11/2019,Vente,"85000,00",1.0,RUE,8290,16E ET 22E DRAGONS,51100.0,REIMS,51,454,CK,17,1,2.0,Appartement,58.0,2.0
1890918,06/11/2019,Vente,"155000,00",113.0,RUE,5460,LESAGE,51100.0,REIMS,51,454,AY,241,1,2.0,Appartement,59.0,3.0
1890920,23/10/2019,Vente,"139845,00",3.0,BD,9070,VICTOR HUGO,51100.0,REIMS,51,454,CZ,607,2,2.0,Appartement,65.0,3.0
1890930,23/10/2019,Vente,"110000,00",8.0,RUE,4290,GUERNIER,51100.0,REIMS,51,454,BI,627,2,2.0,Appartement,72.0,4.0
1890950,04/11/2019,Vente,"122000,00",3.0,RUE,5565,DE LONDRES,51100.0,REIMS,51,454,CM,104,2,2.0,Appartement,105.0,5.0
1890952,04/11/2019,Vente,"260000,00",27.0,RUE,3210,DES ELUS,51100.0,REIMS,51,454,IL,128,1,2.0,Appartement,46.0,2.0
1890957,29/10/2019,Vente,"40000,00",48.0,RUE,4560,HINCMAR,51100.0,REIMS,51,454,IK,743,1,2.0,Appartement,30.0,1.0
1890967,30/10/2019,Vente,"100500,00",2.0,RUE,9240,WARNIER,51100.0,REIMS,51,454,BH,269,1,2.0,Appartement,30.0,1.0
1890969,24/10/2019,Vente,"63000,00",25.0,RUE,3180,EDOUARD MIGNOT,51100.0,REIMS,51,454,AT,374,1,2.0,Appartement,23.0,1.0
1890970,29/10/2019,Vente,"125092,00",6.0,RUE,0100,ALEXANDRE HENROT,51100.0,REIMS,51,454,AV,562,2,2.0,Appartement,52.0,2.0
1890971,05/11/2019,Vente,"50000,00",6.0,RUE,2200,DU COMMANDANT LAMY,51100.0,REIMS,51,454,AH,442,1,2.0,Appartement,22.0,1.0
1890978,29/10/2019,Vente,"192000,00",33.0,ESP,3590,FLECHAMBAULT,51100.0,REIMS,51,454,DM,631,2,2.0,Appartement,111.0,6.0
1890987,28/10/2019,Vente,"87500,00",8.0,ALL,2003,CLAUDE MONET,51100.0,REIMS,51,454,DK,198,1,2.0,Appartement,48.0,2.0
1890993,29/10/2019,Vente,"53000,00",48.0,RUE,5920,M CLEMENCE FOURIAUX,51100.0,REIMS,51,454,AV,294,1,2.0,Appartement,20.0,1.0
1891000,31/10/2019,Vente,"103500,00",1.0,AV,4010,GEORGES CLEMENCEAU,51100.0,REIMS,51,454,CK,312,1,2.0,Appartement,47.0,2.0
1891004,29/10/2019,Vente,"89000,00",13.0,RUE,2710,DEFRANCOIS,51100.0,REIMS,51,454,CK,84,2,2.0,Appartement,31.0,1.0
1891007,24/10/2019,Vente,"67000,00",25.0,RUE,3180,EDOUARD MIGNOT,51100.0,REIMS,51,454,AT,374,1,2.0,Appartement,24.0,1.0
1891011,31/10/2019,Vente,"251000,00",19.0,BD,4760,JAMIN,51100.0,REIMS,51,454,BI,359,2,2.0,Appartement,43.0,2.0
1891013,31/10/2019,Vente,"251000,00",19.0,BD,4760,JAMIN,51100.0,REIMS,51,454,BI,359,2,2.0,Appartement,38.0,2.0
1891015,31/10/2019,Vente,"251000,00",19.0,BD,4760,JAMIN,51100.0,REIMS,51,454,BI,359,1,2.0,Appartement,25.0,1.0
1891016,31/10/2019,Vente,"125350,00",52.0,RUE,6230,DU MONT D ARENE,51100.0,REIMS,51,454,AV,382,3,2.0,Appartement,56.0,3.0
1891018,18/11/2019,Vente,"49000,00",17.0,RUE,4220,GRANDVAL,51100.0,REIMS,51,454,CL,236,2,2.0,Appartement,30.0,1.0
1891019,19/11/2019,Vente,"82350,00",30.0,RUE,1870,DE CHATIVESLE,51100.0,REIMS,51,454,IM,387,2,2.0,Appartement,26.0,1.0
1891021,14/11/2019,Vente,"134600,00",31.0,BD,7960,ST MARCEAUX,51100.0,REIMS,51,454,CK,98,1,2.0,Appartement,67.0,3.0
1891023,28/10/2019,Vente,"165500,00",3.0,RUE,4906,JEAN LE LOUP,51100.0,REIMS,51,454,IK,1348,1,2.0,Appartement,54.0,2.0
1891030,22/10/2019,Vente,"90000,00",5.0,RUE,3860,DE LA GARENNE,51100.0,REIMS,51,454,HW,385,1,2.0,Appartement,33.0,2.0
1891037,13/11/2019,Vente,"189000,00",79.0,BD,6790,PAUL DOUMER,51100.0,REIMS,51,454,IK,335,2,2.0,Appartement,101.0,3.0
1891041,31/10/2019,Vente,"210000,00",20.0,AV,4900,JEAN JAURES,51100.0,REIMS,51,454,CW,77,2,2.0,Appartement,77.0,3.0
1891052,21/10/2019,Vente,"297500,00",9.0,RUE,5400,LEON FAUCHER,51100.0,REIMS,51,454,BC,134,0,2.0,Appartement,72.0,4.0
1891053,21/10/2019,Vente,"297500,00",9.0,RUE,5400,LEON FAUCHER,51100.0,REIMS,51,454,BC,134,0,2.0,Appartement,24.0,1.0
1891054,21/10/2019,Vente,"297500,00",9.0,RUE,5400,LEON FAUCHER,51100.0,REIMS,51,454,BC,134,0,2.0,Appartement,59.0,3.0
1891088,18/11/2019,Vente,"104000,00",301.0,AV,5300,DE LAON,51100.0,REIMS,51,454,AN,711,1,2.0,Appartement,57.0,2.0
1891091,01/11/2019,Vente,"92200,00",333.0,AV,5300,DE LAON,51100.0,REIMS,51,454,AN,548,1,2.0,Appartement,80.0,3.0
1891104,07/11/2019,Vente,"127500,00",172.0,RUE,8090,SAINT THIERRY,51100.0,REIMS,51,454,AD,462,1,2.0,Appartement,59.0,3.0
1891109,04/11/2019,Vente,"102150,00",42.0,RUE,2290,COQUEBERT,51100.0,REIMS,51,454,BH,124,1,2.0,Appartement,42.0,2.0
1891125,25/10/2019,Vente,"325000,00",8.0,RUE,1270,BRULART,51100.0,REIMS,51,454,CZ,244,0,2.0,Appartement,50.0,3.0
1891126,25/10/2019,Vente,"325000,00",8.0,RUE,1270,BRULART,51100.0,REIMS,51,454,CZ,244,0,2.0,Appartement,50.0,3.0
1891128,25/10/2019,Vente,"325000,00",8.0,RUE,1270,BRULART,51100.0,REIMS,51,454,CZ,244,0,2.0,Appartement,50.0,3.0
1891134,31/10/2019,Vente,"171500,00",41.0,RUE,1670,DU CHAMP DE MARS,51100.0,REIMS,51,454,BI,20,1,2.0,Appartement,115.0,3.0
1891138,20/11/2019,Vente,"104000,00",1.0,ALL,6535,DES NIVERNAIS,51100.0,REIMS,51,454,KT,194,2,2.0,Appartement,63.0,3.0
1891141,04/11/2019,Vente,"80000,00",4.0,RUE,8480,DE TAISSY,51100.0,REIMS,51,454,DK,184,1,2.0,Appartement,65.0,3.0
1891142,05/11/2019,Vente,"52000,00",155.0,AV,4900,JEAN JAURES,51100.0,REIMS,51,454,BI,138,1,2.0,Appartement,18.0,1.0
1891144,25/10/2019,Vente,"150000,00",11.0,RUE,6210,DES MOISSONS,51100.0,REIMS,51,454,CW,637,2,2.0,Appartement,50.0,3.0
1891147,24/10/2019,Vente,"124350,00",1.0,RUE,8290,16E ET 22E DRAGONS,51100.0,REIMS,51,454,CK,17,1,2.0,Appartement,58.0,2.0
1891151,20/11/2019,Vente,"184000,00",87.0,RUE,8950,DE VENISE,51100.0,REIMS,51,454,CY,434,1,2.0,Appartement,99.0,5.0
1891157,09/11/2019,Vente,"137000,00",35.0,RUE,8270,DE SEBASTOPOL,51100.0,REIMS,51,454,BI,788,1,2.0,Appartement,54.0,2.0
1891159,06/11/2019,Vente,"290000,00",125.0,RUE,1590,DE CERNAY,51100.0,REIMS,51,454,CV,472,0,2.0,Appartement,36.0,2.0
1891160,06/11/2019,Vente,"290000,00",125.0,RUE,1590,DE CERNAY,51100.0,REIMS,51,454,CV,472,0,2.0,Appartement,30.0,2.0
1891162,06/11/2019,Vente,"290000,00",125.0,RUE,1590,DE CERNAY,51100.0,REIMS,51,454,CV,472,0,2.0,Appartement,62.0,3.0
1891163,14/11/2019,Vente,"50000,00",21.0,AV,4455,HENRI FARMAN,51100.0,REIMS,51,454,DH,90,1,2.0,Appartement,17.0,1.0
1891164,07/11/2019,Vente,"220000,00",80.0,PL,3040,DROUET D ERLON,51100.0,REIMS,51,454,IL,533,1,2.0,Appartement,106.0,5.0
1891169,08/11/2019,Vente,"66000,00",31.0,CHS,7970,SAINT MARTIN,51100.0,REIMS,51,454,DN,217,2,2.0,Appartement,42.0,2.0
1891171,04/11/2019,Vente,"118000,00",1.0,RUE,2170,DU COLONEL FABIEN,51100.0,REIMS,51,454,HZ,102,2,2.0,Appartement,65.0,3.0
1891172,08/11/2019,Vente,"430000,00",2.0,RUE,7060,PIPER,51100.0,REIMS,51,454,CW,706,1,2.0,Appartement,153.0,4.0
1891174,04/11/2019,Vente,"114000,00",16.0,RUE,8790,DE TRIANON,51100.0,REIMS,51,454,AT,147,1,2.0,Appartement,48.0,2.0
1891190,05/11/2019,Vente,"67700,00",87.0,BD,4550,HENRY VASNIER,51100.0,REIMS,51,454,CI,70,2,2.0,Appartement,28.0,1.0
1891193,28/10/2019,Vente,"345000,00",3.0,RUE,4620,HOUZEAU MUIRON,51100.0,REIMS,51,454,CW,554,1,2.0,Appartement,117.0,5.0
1891206,05/11/2019,Vente en l'état futur d'achèvement,"207000,00",,RUE,5891,MARCEL THIL,51100.0,REIMS,51,454,AV,1091,1,2.0,Appartement,56.0,2.0
1891209,04/11/2019,Vente en l'état futur d'achèvement,"159702,00",6.0,RUE,8090,SAINT THIERRY,51100.0,REIMS,51,454,AV,1097,1,2.0,Appartement,45.0,2.0
1891214,08/11/2019,Vente,"330000,00",57.0,AV,4900,JEAN JAURES,51100.0,REIMS,51,454,BH,208,2,2.0,Appartement,124.0,5.0
1891220,22/11/2019,Vente,"153000,00",118.0,RUE,6230,DU MONT D ARENE,51100.0,REIMS,51,454,AR,355,1,2.0,Appartement,68.0,3.0
1891225,30/10/2019,Vente,"95000,00",6.0,AV,4900,JEAN JAURES,51100.0,REIMS,51,454,CW,51,2,2.0,Appartement,28.0,2.0
1891226,12/11/2019,Vente,"95500,00",206.0,AV,5300,DE LAON,51100.0,REIMS,51,454,AX,434,2,2.0,Appartement,61.0,3.0
1891227,04/11/2019,Vente,"52000,00",21.0,AV,4455,HENRI FARMAN,51100.0,REIMS,51,454,DH,90,1,2.0,Appartement,17.0,1.0
1891231,26/11/2019,Vente,"56000,00",97.0,RUE,8430,DE STRASBOURG,51100.0,REIMS,51,454,CV,647,2,2.0,Appartement,33.0,2.0
1891235,04/11/2019,Vente,"111000,00",17.0,RUE,2760,DESBUREAUX,51100.0,REIMS,51,454,AL,419,2,2.0,Appartement,71.0,3.0
1891236,30/10/2019,Vente,"235000,00",40.0,RUE,3850,GAMBETTA,51100.0,REIMS,51,454,IK,170,4,2.0,Appartement,77.0,4.0
1891240,22/11/2019,Vente,"58500,00",29.0,BD,3950,DU GENERAL LECLERC,51100.0,REIMS,51,454,IM,404,1,2.0,Appartement,25.0,1.0
1891245,30/10/2019,Vente,"457000,00",35.0,BD,6690,DE LA PAIX,51100.0,REIMS,51,454,CK,319,1,2.0,Appartement,168.0,6.0
1891261,12/11/2019,Vente,"428000,00",8.0,BD,5680,LUNDY,51100.0,REIMS,51,454,BH,309,1,2.0,Appartement,144.0,4.0
1891266,14/11/2019,Vente,"76500,00",20.0,RUE,8480,DE TAISSY,51100.0,REIMS,51,454,DK,234,2,2.0,Appartement,59.0,3.0
1891268,05/11/2019,Vente,"238500,00",7.0,RUE,1590,DE CERNAY,51100.0,REIMS,51,454,CW,76,2,2.0,Appartement,102.0,4.0
1891271,25/11/2019,Vente en l'état futur d'achèvement,"261529,00",35.0,RUE,6920,PETIT DELBOURG,51100.0,REIMS,51,454,CL,579,1,2.0,Appartement,70.0,3.0
1891274,31/10/2019,Vente,"100000,00",199.0,AV,4900,JEAN JAURES,51100.0,REIMS,51,454,BK,331,1,2.0,Appartement,63.0,3.0
1891279,28/10/2019,Vente,"119000,00",82.0,BD,7960,ST MARCEAUX,51100.0,REIMS,51,454,CK,326,1,2.0,Appartement,55.0,3.0
1891294,18/11/2019,Vente,"75000,00",155.0,AV,4900,JEAN JAURES,51100.0,REIMS,51,454,BI,138,2,2.0,Appartement,16.0,1.0
1891301,14/11/2019,Vente,"110000,00",6.0,RUE,0845,BERTRAND DE MUN,51100.0,REIMS,51,454,CN,573,2,2.0,Appartement,76.0,3.0
1891303,13/11/2019,Vente,"88000,00",39.0,ESP,3590,FLECHAMBAULT,51100.0,REIMS,51,454,DM,631,2,2.0,Appartement,48.0,2.0
1891307,26/11/2019,Vente,"487750,00",4.0,RUE,7460,DE LA RENFERMERIE,51100.0,REIMS,51,454,IL,423,1,2.0,Appartement,133.0,4.0
1891308,26/11/2019,Vente,"242000,00",6.0,RUE,4620,HOUZEAU MUIRON,51100.0,REIMS,51,454,CK,125,2,2.0,Appartement,99.0,5.0
1891315,05/11/2019,Vente,"294500,00",1.0,RUE,8580,DES TEMPLIERS,51100.0,REIMS,51,454,BH,349,1,2.0,Appartement,140.0,5.0
1891320,06/11/2019,Vente,"182850,00",5.0,RUE,8720,TOURNEBONNEAU,51100.0,REIMS,51,454,DM,628,1,2.0,Appartement,73.0,4.0
1891324,22/11/2019,Vente,"60000,00",20.0,RUE,8480,DE TAISSY,51100.0,REIMS,51,454,DK,234,2,2.0,Appartement,59.0,3.0
1891325,04/11/2019,Vente,"200000,00",1.0,RUE,0010,ABBE DE L EPEE,51100.0,REIMS,51,454,IK,288,2,2.0,Appartement,82.0,3.0
1891332,30/10/2019,Vente,"100000,00",48.0,RUE,5920,M CLEMENCE FOURIAUX,51100.0,REIMS,51,454,AV,294,1,2.0,Appartement,20.0,1.0
1891333,30/10/2019,Vente,"100000,00",48.0,RUE,5920,M CLEMENCE FOURIAUX,51100.0,REIMS,51,454,AV,294,1,2.0,Appartement,18.0,1.0
1891334,02/11/2019,Vente,"174100,00",29.0,RUE,1590,DE CERNAY,51100.0,REIMS,51,454,CW,677,1,2.0,Appartement,70.0,3.0
1891337,14/11/2019,Vente,"118283,00",8.0,RUE,8330,SIMON,51100.0,REIMS,51,454,DM,637,1,2.0,Appartement,74.0,3.0
1891338,14/11/2019,Vente,"127000,00",38.0,RUE,7710,RUINART DE BRIMONT,51100.0,REIMS,51,454,CW,112,1,2.0,Appartement,77.0,3.0
1891342,08/11/2019,Vente,"111000,00",51.0,BD,4550,HENRY VASNIER,51100.0,REIMS,51,454,CI,77,1,2.0,Appartement,30.0,2.0
1891348,06/11/2019,Vente,"157680,00",11.0,ESP,5446,LE ROUET,51100.0,REIMS,51,454,CT,390,2,2.0,Appartement,95.0,5.0
1891351,28/11/2019,Vente,"162000,00",10.0,PAS,8440,SUBE,51100.0,REIMS,51,454,IL,215,1,2.0,Appartement,53.0,5.0
1891353,27/11/2019,Vente,"37600,00",7.0,RUE,2975,DR LUCIEN BETTINGER,51100.0,REIMS,51,454,AE,283,2,2.0,Appartement,38.0,1.0
1891357,21/11/2019,Vente,"140000,00",21.0,BD,0710,DES BELGES,51100.0,REIMS,51,454,AM,89,1,2.0,Appartement,92.0,4.0
1891364,22/11/2019,Vente,"100000,00",33.0,RUE,0550,BACQUENOIS,51100.0,REIMS,51,454,IM,256,1,2.0,Appartement,53.0,3.0
1891370,18/11/2019,Vente,"127000,00",11.0,BD,6690,DE LA PAIX,51100.0,REIMS,51,454,CW,12,1,2.0,Appartement,34.0,1.0
1891372,19/11/2019,Vente,"59500,00",15.0,RUE,4035,GERARD PHILIPE,51100.0,REIMS,51,454,CI,43,1,2.0,Appartement,17.0,1.0
1891373,21/11/2019,Vente,"111000,00",206.0,AV,5300,DE LAON,51100.0,REIMS,51,454,AX,434,1,2.0,Appartement,64.0,3.0
1891376,13/11/2019,Vente,"134000,00",2.0,RUE,4150,GOSSET,51100.0,REIMS,51,454,BD,99,1,2.0,Appartement,71.0,3.0
1891377,14/11/2019,Vente,"85000,00",42.0,RUE,0630,DU BASTION,51100.0,REIMS,51,454,CW,279,1,2.0,Appartement,27.0,2.0
1891378,19/11/2019,Vente,"483150,00",46.0,RUE,3210,DES ELUS,51100.0,REIMS,51,454,IL,245,2,2.0,Appartement,136.0,6.0
1891382,18/11/2019,Vente,"40000,00",61.0,RUE,3160,EDME MOREAU,51100.0,REIMS,51,454,AI,154,1,2.0,Appartement,25.0,1.0
1891412,22/11/2019,Vente,"126000,00",8.0,RUE,3460,EUSTACHE DESCHAMPS,51100.0,REIMS,51,454,BH,174,2,2.0,Appartement,60.0,3.0
1891413,22/11/2019,Vente,"204550,00",20.0,RUE,5290,LANTIOME,51100.0,REIMS,51,454,CL,110,1,2.0,Appartement,63.0,3.0
1891418,22/11/2019,Vente,"138000,00",32.0,RUE,2430,DE COURCELLES,51100.0,REIMS,51,454,AR,929,1,2.0,Appartement,52.0,2.0
1891427,26/11/2019,Vente,"136500,00",3.0,RUE,8290,16E ET 22E DRAGONS,51100.0,REIMS,51,454,CK,17,2,2.0,Appartement,104.0,5.0
1891429,19/11/2019,Vente,"97000,00",333.0,AV,5300,DE LAON,51100.0,REIMS,51,454,AN,548,1,2.0,Appartement,80.0,3.0
1891436,14/11/2019,Vente,"280000,00",11.0,RUE,2940,DOCTEUR JACQUIN,51100.0,REIMS,51,454,IL,67,1,2.0,Appartement,66.0,3.0
1891438,14/11/2019,Vente,"80000,00",20.0,RUE,2975,DR LUCIEN BETTINGER,51100.0,REIMS,51,454,AE,262,2,2.0,Appartement,48.0,2.0
1891446,13/11/2019,Vente,"114800,00",9.0,RUE,2740,DERODE,51100.0,REIMS,51,454,BI,202,2,2.0,Appartement,56.0,3.0
1891450,29/11/2019,Vente,"116000,00",18.0,RUE,2590,D ESTIENNE D ORVES,51100.0,REIMS,51,454,DV,731,1,2.0,Appartement,54.0,3.0
1891459,20/11/2019,Vente,"128850,00",250.0,AV,4900,JEAN JAURES,51100.0,REIMS,51,454,CT,390,1,2.0,Appartement,76.0,3.0
1891466,27/11/2019,Vente,"82500,00",4.0,RUE,1270,BRULART,51100.0,REIMS,51,454,CZ,266,1,2.0,Appartement,41.0,2.0
1891467,27/11/2019,Vente,"82500,00",4.0,RUE,1270,BRULART,51100.0,REIMS,51,454,CZ,266,1,2.0,Appartement,52.0,2.0
1891468,27/11/2019,Vente,"82500,00",4.0,RUE,1270,BRULART,51100.0,REIMS,51,454,CZ,266,1,2.0,Appartement,46.0,2.0
1891472,22/11/2019,Vente,"96860,00",55.0,RUE,7790,DE ST BRICE,51100.0,REIMS,51,454,AS,50,1,2.0,Appartement,46.0,2.0
1891483,27/11/2019,Vente en l'état futur d'achèvement,"183540,00",,RUE,4220,GRANDVAL,51100.0,REIMS,51,454,CL,989,1,2.0,Appartement,42.0,2.0
1891484,29/11/2019,Vente,"100000,00",57.0,RUE,6230,DU MONT D ARENE,51100.0,REIMS,51,454,AT,17,1,2.0,Appartement,87.0,4.0
1891486,13/11/2019,Vente,"82250,00",59.0,RUE,3000,DOCTEUR THOMAS,51100.0,REIMS,51,454,AW,215,2,2.0,Appartement,43.0,3.0
1891496,21/11/2019,Vente,"91000,00",37.0,RUE,3610,FLIN DES OLIVIERS,51100.0,REIMS,51,454,HX,399,1,2.0,Appartement,60.0,3.0
1891501,02/12/2019,Vente,"83000,00",191.0,RUE,1590,DE CERNAY,51100.0,REIMS,51,454,CT,60,1,2.0,Appartement,31.0,2.0
1891503,19/11/2019,Vente,"55000,00",48.0,RUE,5920,M CLEMENCE FOURIAUX,51100.0,REIMS,51,454,AV,294,1,2.0,Appartement,17.0,1.0
1891513,29/11/2019,Vente,"198300,00",5.0,RUE,7070,DU PISTOLET,51100.0,REIMS,51,454,DM,632,2,2.0,Appartement,83.0,5.0
1891522,29/11/2019,Vente,"130000,00",61.0,BD,1510,CARTERET,51100.0,REIMS,51,454,CW,633,2,2.0,Appartement,105.0,5.0
1891528,29/11/2019,Vente,"84000,00",16.0,RUE,4080,GILBERT,51100.0,REIMS,51,454,AR,212,2,2.0,Appartement,52.0,3.0
1891533,29/11/2019,Vente,"153000,00",23.0,BD,6750,PASTEUR,51100.0,REIMS,51,454,CK,310,2,2.0,Appartement,66.0,4.0
1891537,03/12/2019,Vente,"97000,00",20.0,RUE,2975,DR LUCIEN BETTINGER,51100.0,REIMS,51,454,AE,262,2,2.0,Appartement,48.0,2.0
1891541,21/11/2019,Vente,"60000,00",3.0,RUE,4650,HUGUES KRAFFT,51100.0,REIMS,51,454,AM,760,2,2.0,Appartement,30.0,1.0
1891545,26/11/2019,Vente,"136000,00",3.0,RUE,6740,PASSE DEMOISELLES,51100.0,REIMS,51,454,HX,441,2,2.0,Appartement,80.0,4.0
1891547,28/11/2019,Vente,"94000,00",172.0,RUE,8090,SAINT THIERRY,51100.0,REIMS,51,454,AD,462,1,2.0,Appartement,37.0,2.0
1891558,18/11/2019,Vente,"100000,00",123.0,AV,5300,DE LAON,51100.0,REIMS,51,454,AV,236,2,2.0,Appartement,65.0,3.0
1891567,15/11/2019,Vente,"88000,00",65.0,BD,2990,DOCTEUR ROUX,51100.0,REIMS,51,454,KO,20,1,2.0,Appartement,41.0,2.0
1891570,27/11/2019,Vente,"82000,00",155.0,AV,4900,JEAN JAURES,51100.0,REIMS,51,454,BI,138,1,2.0,Appartement,27.0,2.0
1891574,12/11/2019,Vente en l'état futur d'achèvement,"223507,00",,RUE,4220,GRANDVAL,51100.0,REIMS,51,454,CL,989,1,2.0,Appartement,67.0,3.0
1891578,22/11/2019,Vente,"60000,00",29.0,RUE,3770,FRANCOIS DOR,51100.0,REIMS,51,454,HW,390,1,2.0,Appartement,24.0,1.0
1891606,04/10/2019,Vente,"112000,00",11.0,RUE,0845,BERTRAND DE MUN,51100.0,REIMS,51,454,CM,145,1,2.0,Appartement,73.0,3.0
1891609,04/10/2019,Vente,"112000,00",11.0,RUE,0845,BERTRAND DE MUN,51100.0,REIMS,51,454,CM,145,1,2.0,Appartement,73.0,3.0
1891611,25/11/2019,Vente,"158000,00",15.0,RUE,6000,MARTEAU,51100.0,REIMS,51,454,CV,34,2,2.0,Appartement,81.0,4.0
1891629,20/11/2019,Vente,"265000,00",19.0,PL,1770,DU CHAPITRE,51100.0,REIMS,51,454,CX,32,3,2.0,Appartement,71.0,3.0
1891631,15/11/2019,Vente,"112000,00",68.0,PROM,6867,DU PEIGNAGE,51100.0,REIMS,51,454,CT,531,2,2.0,Appartement,49.0,2.0
1891632,19/11/2019,Vente,"259000,00",31.0,RUE,6490,DE NICE,51100.0,REIMS,51,454,CR,61,1,2.0,Appartement,111.0,5.0
1891642,08/11/2019,Vente,"148000,00",15.0,RUE,0845,BERTRAND DE MUN,51100.0,REIMS,51,454,CM,145,2,2.0,Appartement,73.0,3.0
1891651,22/11/2019,Vente en l'état futur d'achèvement,"75000,00",45.0,RUE,8640,DE THILLOIS,51100.0,REIMS,51,454,IM,179,1,2.0,Appartement,24.0,1.0
1891652,18/11/2019,Vente,"39000,00",29.0,RUE,2790,DEVILLE,51100.0,REIMS,51,454,AV,115,1,2.0,Appartement,15.0,1.0
1891662,13/11/2019,Vente,"75000,00",106.0,RUE,3850,GAMBETTA,51100.0,REIMS,51,454,CY,341,1,2.0,Appartement,26.0,1.0
1891663,13/11/2019,Vente,"46800,00",106.0,RUE,3850,GAMBETTA,51100.0,REIMS,51,454,CY,341,1,2.0,Appartement,23.0,1.0
1891667,26/11/2019,Vente,"192000,00",1.0,RUE,1435,CARDINAL SUHARD,51100.0,REIMS,51,454,DM,637,1,2.0,Appartement,135.0,6.0
1891669,15/11/2019,Vente,"125000,00",40.0,RUE,2470,COUTIER MARION,51100.0,REIMS,51,454,CH,132,1,2.0,Appartement,87.0,4.0
1891670,12/11/2019,Vente,"100000,00",139.0,RUE,7010,PIERRE BROSSOLETTE,51100.0,REIMS,51,454,AO,426,2,2.0,Appartement,69.0,4.0
1891677,28/11/2019,Vente,"241000,00",32.0,RUE,4080,GILBERT,51100.0,REIMS,51,454,AR,190,0,2.0,Appartement,40.0,2.0
1891678,28/11/2019,Vente,"241000,00",32.0,RUE,4080,GILBERT,51100.0,REIMS,51,454,AR,190,0,2.0,Appartement,37.0,2.0
1891680,28/11/2019,Vente,"241000,00",32.0,RUE,4080,GILBERT,51100.0,REIMS,51,454,AR,190,0,2.0,Appartement,37.0,2.0
1891681,29/11/2019,Vente,"105000,00",82.0,BD,7960,ST MARCEAUX,51100.0,REIMS,51,454,CK,326,1,2.0,Appartement,51.0,2.0
1891683,29/11/2019,Vente,"105000,00",13.0,RUE,8270,DE SEBASTOPOL,51100.0,REIMS,51,454,BI,126,3,2.0,Appartement,53.0,3.0
1891684,25/11/2019,Vente,"190300,00",2.0,RUE,6940,PETIT HUTIN,51100.0,REIMS,51,454,CL,51,1,2.0,Appartement,104.0,4.0
1891696,30/11/2019,Vente,"50000,00",6.0,RUE,2200,DU COMMANDANT LAMY,51100.0,REIMS,51,454,AH,442,1,2.0,Appartement,20.0,1.0
1891698,06/12/2019,Vente,"54000,00",48.0,RUE,5920,M CLEMENCE FOURIAUX,51100.0,REIMS,51,454,AV,294,1,2.0,Appartement,23.0,1.0
1891718,02/12/2019,Vente,"396000,00",23.0,RUE,1110,BOULARD,51100.0,REIMS,51,454,IK,391,2,2.0,Appartement,115.0,3.0
1891721,06/12/2019,Vente,"124000,00",4.0,RUE,1740,CHANZY,51100.0,REIMS,51,454,IK,2,2,2.0,Appartement,60.0,3.0
1891726,06/12/2019,Vente,"49000,00",48.0,RUE,5920,M CLEMENCE FOURIAUX,51100.0,REIMS,51,454,AV,294,1,2.0,Appartement,18.0,1.0
1891732,29/11/2019,Vente,"68000,00",1.0,ALL,7615,RONSARD,51100.0,REIMS,51,454,DK,184,1,2.0,Appartement,50.0,2.0
1891734,22/11/2019,Vente,"82500,00",1.0,RUE,4425,HELENE NAUTRE,51100.0,REIMS,51,454,BT,580,1,2.0,Appartement,54.0,2.0
1891735,22/11/2019,Vente,"82500,00",1.0,RUE,4425,HELENE NAUTRE,51100.0,REIMS,51,454,BT,580,1,2.0,Appartement,50.0,2.0
1891745,28/11/2019,Vente,"180000,00",11.0,RUE,8580,DES TEMPLIERS,51100.0,REIMS,51,454,BH,528,2,2.0,Appartement,81.0,4.0
1891749,08/11/2019,Vente,"91560,00",135.0,RUE,2440,DE COURLANCY,51100.0,REIMS,51,454,HY,161,1,2.0,Appartement,45.0,2.0
1891757,03/12/2019,Vente,"115000,00",5.0,PL,5900,MARGUERITE ROUSSELET,51100.0,REIMS,51,454,BI,662,2,2.0,Appartement,65.0,3.0
1891770,03/12/2019,Vente,"90000,00",4.0,PL,7016,PIERRE DE FERMAT,51100.0,REIMS,51,454,AE,117,2,2.0,Appartement,71.0,4.0
1891781,04/12/2019,Vente,"130000,00",64.0,RUE,1030,DE LA BONNE FEMME,51100.0,REIMS,51,454,DO,791,1,2.0,Appartement,54.0,2.0
1891786,09/12/2019,Vente,"145000,00",60.0,AV,4900,JEAN JAURES,51100.0,REIMS,51,454,CW,89,1,2.0,Appartement,55.0,3.0
1891787,18/11/2019,Vente,"82000,00",11.0,AV,0070,ALEXANDRE DE SERBIE,51100.0,REIMS,51,454,DT,227,2,2.0,Appartement,65.0,4.0
1891788,22/11/2019,Vente,"74000,00",8.0,RUE,2960,DU DOCTEUR LEFORT,51100.0,REIMS,51,454,DO,602,2,2.0,Appartement,64.0,4.0
1891797,27/11/2019,Vente,"137000,00",11.0,RUE,1530,CAZIN,51100.0,REIMS,51,454,HX,181,1,2.0,Appartement,20.0,1.0
1891798,27/11/2019,Vente,"137000,00",11.0,RUE,1530,CAZIN,51100.0,REIMS,51,454,HX,181,1,2.0,Appartement,20.0,1.0
1891799,27/11/2019,Vente,"137000,00",11.0,RUE,1530,CAZIN,51100.0,REIMS,51,454,HX,181,1,2.0,Appartement,25.0,1.0
1891803,05/12/2019,Vente,"133150,00",12.0,BD,5680,LUNDY,51100.0,REIMS,51,454,BH,572,1,2.0,Appartement,43.0,2.0
1891807,28/11/2019,Vente,"64000,00",193.0,RUE,1590,DE CERNAY,51100.0,REIMS,51,454,CT,59,3,2.0,Appartement,40.0,2.0
1891810,27/11/2019,Vente,"112000,00",195.0,RUE,6830,P VAILLANT COUTURIER,51100.0,REIMS,51,454,AN,719,2,2.0,Appartement,72.0,3.0
1891825,20/11/2019,Vente,"115000,00",6.0,ALL,3165,EDOUARD DEKETELAERE,51100.0,REIMS,51,454,AN,668,2,2.0,Appartement,56.0,3.0
1891826,26/11/2019,Vente,"53900,00",26.0,RUE,2450,COURMEAUX,51100.0,REIMS,51,454,BE,72,1,2.0,Appartement,14.0,1.0
1891829,28/11/2019,Vente,"77000,00",10.0,RUE,4070,GERUZEZ,51100.0,REIMS,51,454,AV,456,2,2.0,Appartement,34.0,2.0
1891831,18/11/2019,Vente,"255000,00",31.0,RUE,1830,CHARLIER,51100.0,REIMS,51,454,BI,226,0,2.0,Appartement,43.0,2.0
1891832,18/11/2019,Vente,"255000,00",31.0,RUE,1830,CHARLIER,51100.0,REIMS,51,454,BI,226,0,2.0,Appartement,40.0,1.0
1891833,18/11/2019,Vente,"255000,00",31.0,RUE,1830,CHARLIER,51100.0,REIMS,51,454,BI,226,0,2.0,Appartement,40.0,2.0
1891834,18/11/2019,Vente,"255000,00",31.0,RUE,1830,CHARLIER,51100.0,REIMS,51,454,BI,226,0,2.0,Appartement,27.0,1.0
1891835,18/11/2019,Vente,"255000,00",31.0,RUE,1830,CHARLIER,51100.0,REIMS,51,454,BI,226,0,2.0,Appartement,28.0,1.0
1891839,09/12/2019,Vente,"239872,00",87.0,RUE,6230,DU MONT D ARENE,51100.0,REIMS,51,454,AT,9,1,2.0,Appartement,63.0,3.0
1891841,16/11/2019,Vente,"55500,00",15.0,BD,1510,CARTERET,51100.0,REIMS,51,454,CV,841,2,2.0,Appartement,18.0,1.0
1891847,02/12/2019,Vente,"111900,00",42.0,RUE,1670,DU CHAMP DE MARS,51100.0,REIMS,51,454,BH,1,1,2.0,Appartement,54.0,3.0
1891852,02/12/2019,Vente,"92500,00",8.0,RUE,5930,MARIE STUART,51100.0,REIMS,51,454,CX,622,2,2.0,Appartement,25.0,1.0
1891855,14/11/2019,Vente,"82800,00",6.0,BD,9080,VICTOR LAMBERT,51100.0,REIMS,51,454,CZ,659,1,2.0,Appartement,48.0,1.0
1891856,22/11/2019,Vente,"85000,00",45.0,RUE,8640,DE THILLOIS,51100.0,REIMS,51,454,IM,179,1,2.0,Appartement,24.0,1.0
1891859,26/11/2019,Vente,"43000,00",21.0,AV,4455,HENRI FARMAN,51100.0,REIMS,51,454,DH,90,1,2.0,Appartement,17.0,1.0
1891862,21/11/2019,Vente,"88000,00",30.0,RUE,5250,LAGRIVE,51100.0,REIMS,51,454,CK,316,2,2.0,Appartement,29.0,1.0
1891863,21/11/2019,Vente,"60000,00",39.0,AV,4455,HENRI FARMAN,51100.0,REIMS,51,454,EK,6,1,2.0,Appartement,23.0,2.0
1891866,28/11/2019,Vente,"66000,00",97.0,RUE,8430,DE STRASBOURG,51100.0,REIMS,51,454,CV,647,2,2.0,Appartement,53.0,2.0
1891867,26/11/2019,Vente en l'état futur d'achèvement,"211000,00",,RUE,5891,MARCEL THIL,51100.0,REIMS,51,454,AV,1091,1,2.0,Appartement,52.0,2.0
1891869,29/11/2019,Vente,"159000,00",22.0,RUE,7720,DU RUISSELET,51100.0,REIMS,51,454,DM,663,2,2.0,Appartement,78.0,4.0
1891872,26/11/2019,Vente,"103000,00",13.0,RUE,0845,BERTRAND DE MUN,51100.0,REIMS,51,454,CM,145,2,2.0,Appartement,73.0,3.0
1891873,26/11/2019,Vente,"128000,00",35.0,BD,1510,CARTERET,51100.0,REIMS,51,454,CV,831,2,2.0,Appartement,68.0,3.0
1891874,20/11/2019,Vente,"164800,00",6.0,BD,9080,VICTOR LAMBERT,51100.0,REIMS,51,454,CZ,659,1,2.0,Appartement,51.0,1.0
1891875,20/11/2019,Vente,"164800,00",6.0,BD,9080,VICTOR LAMBERT,51100.0,REIMS,51,454,CZ,659,1,2.0,Appartement,47.0,1.0
1891876,21/11/2019,Vente,"108000,00",1.0,PL,0120,ALFRED BROUETTE,51100.0,REIMS,51,454,BI,373,2,2.0,Appartement,46.0,3.0
1891891,25/11/2019,Vente,"210000,00",26.0,RUE,2630,DANTON,51100.0,REIMS,51,454,AX,505,4,2.0,Appartement,46.0,2.0
1891893,25/11/2019,Vente,"210000,00",26.0,RUE,2630,DANTON,51100.0,REIMS,51,454,AX,505,4,2.0,Appartement,44.0,2.0
1891902,13/06/2019,Adjudication,"43000,00",21.0,RUE,0820,DE BERRU,51100.0,REIMS,51,454,CV,807,1,2.0,Appartement,46.0,2.0
1891903,28/11/2019,Vente,"352315,00",113.0,RUE,3850,GAMBETTA,51100.0,REIMS,51,454,CY,759,0,2.0,Appartement,55.0,2.0
1891904,28/11/2019,Vente,"352315,00",113.0,RUE,3850,GAMBETTA,51100.0,REIMS,51,454,CY,759,0,2.0,Appartement,55.0,2.0
1891907,10/12/2019,Vente,"180000,00",87.0,RUE,8950,DE VENISE,51100.0,REIMS,51,454,CY,434,1,2.0,Appartement,99.0,5.0
1891908,11/12/2019,Vente,"55000,00",50.0,RUE,1360,CAMILLE LENOIR,51100.0,REIMS,51,454,BH,568,1,2.0,Appartement,45.0,2.0
1891924,28/11/2019,Vente,"75000,00",1.0,RUE,5785,MAGELLAN,51100.0,REIMS,51,454,EV,589,2,2.0,Appartement,60.0,3.0
1891927,28/11/2019,Vente,"492200,00",6.0,RUE,7460,DE LA RENFERMERIE,51100.0,REIMS,51,454,IL,427,1,2.0,Appartement,129.0,5.0
1891932,25/11/2019,Vente,"80000,00",19.0,AV,3320,D EPERNAY,51100.0,REIMS,51,454,DP,460,2,2.0,Appartement,55.0,2.0
1891939,27/11/2019,Vente,"91600,00",2.0,ALL,2003,CLAUDE MONET,51100.0,REIMS,51,454,DK,198,1,2.0,Appartement,48.0,2.0
1891942,27/11/2019,Vente,"220000,00",16.0,RUE,0410,DE L ARQUEBUSE,51100.0,REIMS,51,454,IM,326,2,2.0,Appartement,65.0,3.0
1891947,08/11/2019,Vente,"143500,00",9.0,RUE,1730,CHANTERAINE,51100.0,REIMS,51,454,DM,634,2,2.0,Appartement,67.0,3.0
1891951,27/11/2019,Vente,"39000,00",55.0,RUE,7580,ROGER SALENGRO,51100.0,REIMS,51,454,AX,725,1,2.0,Appartement,23.0,2.0
1891958,29/11/2019,Vente,"67000,00",9.0,RUE,2975,DR LUCIEN BETTINGER,51100.0,REIMS,51,454,AE,283,2,2.0,Appartement,61.0,3.0
1891959,21/11/2019,Vente,"169000,00",1.0,RUE,1300,BRUYANT,51100.0,REIMS,51,454,AS,295,1,2.0,Appartement,64.0,3.0
1891968,26/11/2019,Vente en l'état futur d'achèvement,"210490,00",6.0,RUE,8090,SAINT THIERRY,51100.0,REIMS,51,454,AV,1097,1,2.0,Appartement,54.0,2.0
1891997,21/11/2019,Vente,"178100,00",2.0,BD,7550,ROBESPIERRE,51100.0,REIMS,51,454,AX,134,1,2.0,Appartement,114.0,3.0
1891998,21/11/2019,Vente,"178100,00",2.0,BD,7550,ROBESPIERRE,51100.0,REIMS,51,454,AX,134,1,2.0,Appartement,112.0,4.0
1892007,11/12/2019,Vente,"72500,00",49.0,RUE,5340,LECOINTRE,51100.0,REIMS,51,454,AV,684,1,2.0,Appartement,26.0,1.0
1892011,18/11/2019,Vente,"91000,00",8.0,RUE,7405,RAYMOND POINCARE,51100.0,REIMS,51,454,AE,117,2,2.0,Appartement,70.0,4.0
1892022,12/12/2019,Vente,"87400,00",5.0,RUE,7060,PIPER,51100.0,REIMS,51,454,CW,15,2,2.0,Appartement,49.0,2.0
1892024,02/12/2019,Vente,"245000,00",16.0,RUE,8950,DE VENISE,51100.0,REIMS,51,454,IK,1401,1,2.0,Appartement,102.0,4.0
1892026,02/12/2019,Vente,"135000,00",3.0,RUE,8290,16E ET 22E DRAGONS,51100.0,REIMS,51,454,CK,17,2,2.0,Appartement,85.0,4.0
1892039,28/11/2019,Vente en l'état futur d'achèvement,"192500,00",6.0,RUE,8090,SAINT THIERRY,51100.0,REIMS,51,454,AV,1097,1,2.0,Appartement,50.0,3.0
1892043,29/11/2019,Vente,"67500,00",114.0,RUE,6230,DU MONT D ARENE,51100.0,REIMS,51,454,AR,353,1,2.0,Appartement,26.0,2.0
1892054,28/11/2019,Vente,"260000,00",203.0,RUE,0600,DU BARBATRE,51100.0,REIMS,51,454,CZ,255,0,2.0,Appartement,45.0,2.0
1892055,28/11/2019,Vente,"260000,00",203.0,RUE,0600,DU BARBATRE,51100.0,REIMS,51,454,CZ,255,0,2.0,Appartement,45.0,2.0
1892061,05/12/2019,Vente,"359600,00",28.0,RUE,9220,VOLTAIRE,51100.0,REIMS,51,454,CX,168,2,2.0,Appartement,112.0,3.0
1892062,13/12/2019,Vente,"133490,00",222.0,BD,7140,POMMERY,51100.0,REIMS,51,454,CI,21,2,2.0,Appartement,70.0,3.0
1892066,11/12/2019,Vente,"138000,00",1.0,RUE,1610,CESAR POULAIN,51100.0,REIMS,51,454,CW,539,2,2.0,Appartement,53.0,2.0
1892071,13/12/2019,Vente,"94300,00",69.0,RUE,5650,DE LOUVOIS,51100.0,REIMS,51,454,DV,538,1,2.0,Appartement,57.0,3.0
1892073,11/12/2019,Vente,"121500,00",23.0,BD,6750,PASTEUR,51100.0,REIMS,51,454,CK,310,2,2.0,Appartement,66.0,4.0
1892079,13/12/2019,Vente,"217200,00",85.0,RUE,6230,DU MONT D ARENE,51100.0,REIMS,51,454,AT,9,1,2.0,Appartement,63.0,3.0
1892094,16/12/2019,Vente,"223680,00",87.0,RUE,6230,DU MONT D ARENE,51100.0,REIMS,51,454,AT,9,1,2.0,Appartement,63.0,3.0
1892105,29/11/2019,Vente,"64000,00",41.0,RUE,6470,DE NEUFCHATEL,51100.0,REIMS,51,454,AX,878,1,2.0,Appartement,41.0,3.0
1892107,02/12/2019,Vente,"91740,00",36.0,RUE,2080,CLOVIS CHEZEL,51100.0,REIMS,51,454,DN,549,1,2.0,Appartement,45.0,2.0
1892117,04/12/2019,Vente,"164000,00",42.0,RUE,0630,DU BASTION,51100.0,REIMS,51,454,CW,279,1,2.0,Appartement,32.0,2.0
1892118,04/12/2019,Vente,"164000,00",42.0,RUE,0630,DU BASTION,51100.0,REIMS,51,454,CW,279,1,2.0,Appartement,32.0,2.0
1892130,10/12/2019,Vente,"167000,00",11.0,RUE,3570,DE FISMES,51100.0,REIMS,51,454,AR,765,2,2.0,Appartement,66.0,3.0
1892131,10/12/2019,Vente,"167000,00",11.0,RUE,3570,DE FISMES,51100.0,REIMS,51,454,AR,765,1,2.0,Appartement,24.0,2.0
1892133,29/11/2019,Vente,"115000,00",197.0,RUE,6830,P VAILLANT COUTURIER,51100.0,REIMS,51,454,AN,719,2,2.0,Appartement,72.0,3.0
1892135,12/12/2019,Vente,"246000,00",21.0,CRS,4850,J B LANGLET,51100.0,REIMS,51,454,IL,259,1,2.0,Appartement,84.0,3.0
1892136,12/12/2019,Vente,"246000,00",21.0,CRS,4850,J B LANGLET,51100.0,REIMS,51,454,IL,259,1,2.0,Appartement,102.0,4.0
1892138,29/11/2019,Vente,"112000,00",195.0,RUE,6830,P VAILLANT COUTURIER,51100.0,REIMS,51,454,AN,719,2,2.0,Appartement,72.0,3.0
1892146,05/12/2019,Vente,"69100,00",333.0,AV,5300,DE LAON,51100.0,REIMS,51,454,AN,548,1,2.0,Appartement,53.0,2.0
1892157,02/12/2019,Vente,"188000,00",8.0,RUE,8330,SIMON,51100.0,REIMS,51,454,DM,637,1,2.0,Appartement,87.0,4.0
1892158,05/12/2019,Vente,"76000,00",249.0,RUE,2440,DE COURLANCY,51100.0,REIMS,51,454,DN,217,2,2.0,Appartement,42.0,2.0
1892159,06/12/2019,Vente,"154550,00",2.0,RUE,2200,DU COMMANDANT LAMY,51100.0,REIMS,51,454,AH,582,1,2.0,Appartement,88.0,4.0
1892169,12/12/2019,Vente,"66000,00",22.0,RUE,0950,BLAVIER,51100.0,REIMS,51,454,AX,827,1,2.0,Appartement,24.0,1.0
1892172,17/12/2019,Vente,"255700,00",20.0,BD,6750,PASTEUR,51100.0,REIMS,51,454,CY,627,1,2.0,Appartement,96.0,3.0
1892174,22/11/2019,Vente,"69000,00",3.0,RUE,7420,REIMBEAU,51100.0,REIMS,51,454,AX,60,2,2.0,Appartement,30.0,2.0
1892180,02/12/2019,Vente,"85000,00",15.0,RUE,8320,DE SILLERY,51100.0,REIMS,51,454,CK,233,1,2.0,Appartement,29.0,2.0
1892181,10/10/2019,Adjudication,"190000,00",58.0,RUE,5920,M CLEMENCE FOURIAUX,51100.0,REIMS,51,454,AV,953,0,2.0,Appartement,20.0,2.0
1892183,10/10/2019,Adjudication,"190000,00",58.0,RUE,5920,M CLEMENCE FOURIAUX,51100.0,REIMS,51,454,AV,953,0,2.0,Appartement,20.0,2.0
1892184,10/10/2019,Adjudication,"190000,00",58.0,RUE,5920,M CLEMENCE FOURIAUX,51100.0,REIMS,51,454,AV,953,0,2.0,Appartement,20.0,2.0
1892188,25/11/2019,Vente,"143000,00",28.0,BD,5010,JOFFRE,51100.0,REIMS,51,454,IL,548,1,2.0,Appartement,70.0,3.0
1892191,22/11/2019,Vente,"88000,00",60.0,PL,3040,DROUET D ERLON,51100.0,REIMS,51,454,IL,337,2,2.0,Appartement,24.0,1.0
1892193,02/12/2019,Vente,"110500,00",28.0,BD,5010,JOFFRE,51100.0,REIMS,51,454,IL,548,1,2.0,Appartement,53.0,2.0
1892195,12/12/2019,Vente,"149000,00",8.0,RUE,8950,DE VENISE,51100.0,REIMS,51,454,IK,1335,1,2.0,Appartement,64.0,3.0
1892202,22/11/2019,Vente,"100000,00",38.0,RUE,7710,RUINART DE BRIMONT,51100.0,REIMS,51,454,CW,112,1,2.0,Appartement,63.0,3.0
1892203,09/12/2019,Vente,"54000,00",38.0,RUE,7710,RUINART DE BRIMONT,51100.0,REIMS,51,454,CW,112,1,2.0,Appartement,33.0,1.0
1892227,25/11/2019,Vente,"98000,00",245.0,AV,4900,JEAN JAURES,51100.0,REIMS,51,454,BL,745,1,2.0,Appartement,56.0,3.0
1892231,18/12/2019,Vente,"181750,00",112.0,AV,4900,JEAN JAURES,51100.0,REIMS,51,454,CW,297,2,2.0,Appartement,83.0,4.0
1892242,06/12/2019,Vente,"80000,00",2.0,RUE,8150,STE BALSAMIE,51100.0,REIMS,51,454,CZ,196,3,2.0,Appartement,37.0,3.0
1892243,20/12/2019,Vente,"139750,00",7.0,RUE,4560,HINCMAR,51100.0,REIMS,51,454,IK,1370,2,2.0,Appartement,49.0,2.0
1892246,18/12/2019,Vente,"78900,00",84.0,RUE,3000,DOCTEUR THOMAS,51100.0,REIMS,51,454,AW,267,1,2.0,Appartement,41.0,2.0
1892248,02/12/2019,Vente,"70000,00",9.0,RUE,0340,DE L ARBALETE,51100.0,REIMS,51,454,IL,501,1,2.0,Appartement,25.0,1.0
1892261,17/12/2019,Vente,"85200,00",134.0,RUE,7010,PIERRE BROSSOLETTE,51100.0,REIMS,51,454,AO,739,1,2.0,Appartement,52.0,2.0
1892264,18/12/2019,Vente en l'état futur d'achèvement,"231589,00",52.0,RUE,5400,LEON FAUCHER,51100.0,REIMS,51,454,BC,269,1,2.0,Appartement,67.0,3.0
1892270,11/12/2019,Vente,"190000,00",24.0,RUE,3390,DE L ETAPE,51100.0,REIMS,51,454,IL,581,2,2.0,Appartement,65.0,3.0
1892283,09/12/2019,Vente,"140500,00",5.0,RUE,3000,DOCTEUR THOMAS,51100.0,REIMS,51,454,AW,392,1,2.0,Appartement,56.0,3.0
1892287,28/11/2019,Vente,"60000,00",5.0,RUE,6330,DES MOULINS,51100.0,REIMS,51,454,DM,633,2,2.0,Appartement,32.0,1.0
1892294,19/12/2019,Vente,"186000,00",87.0,RUE,8950,DE VENISE,51100.0,REIMS,51,454,CY,434,1,2.0,Appartement,99.0,5.0
1892296,11/12/2019,Vente,"92529,00",35.0,RUE,5940,MARLOT,51100.0,REIMS,51,454,IK,513,2,2.0,Appartement,22.0,1.0
1892303,09/12/2019,Vente,"99500,00",18.0,RUE,3570,DE FISMES,51100.0,REIMS,51,454,AR,67,2,2.0,Appartement,39.0,2.0
1892306,18/12/2019,Vente,"69000,00",106.0,RUE,3850,GAMBETTA,51100.0,REIMS,51,454,CY,341,1,2.0,Appartement,23.0,1.0
1892307,09/12/2019,Vente,"62700,00",26.0,RUE,2790,DEVILLE,51100.0,REIMS,51,454,AV,89,1,2.0,Appartement,24.0,1.0
1892312,05/12/2019,Vente,"180000,00",1.0,RUE,6210,DES MOISSONS,51100.0,REIMS,51,454,CW,138,2,2.0,Appartement,100.0,4.0
1892315,10/12/2019,Vente,"179500,00",43.0,RUE,8320,DE SILLERY,51100.0,REIMS,51,454,CL,662,2,2.0,Appartement,87.0,4.0
1892316,13/12/2019,Vente,"47200,00",279.0,AV,5300,DE LAON,51100.0,REIMS,51,454,AN,143,1,2.0,Appartement,20.0,1.0
1892317,29/11/2019,Vente,"64500,00",14.0,BD,2830,DIEU LUMIERE,51100.0,REIMS,51,454,DK,269,1,2.0,Appartement,31.0,1.0
1892318,29/11/2019,Vente,"64500,00",12.0,BD,2830,DIEU LUMIERE,51100.0,REIMS,51,454,DK,269,1,2.0,Appartement,33.0,1.0
1892325,29/11/2019,Vente,"64500,00",14.0,BD,2830,DIEU LUMIERE,51100.0,REIMS,51,454,DK,269,1,2.0,Appartement,31.0,1.0
1892326,29/11/2019,Vente,"64500,00",12.0,BD,2830,DIEU LUMIERE,51100.0,REIMS,51,454,DK,269,1,2.0,Appartement,33.0,1.0
1892339,13/12/2019,Vente,"135000,00",11.0,RUE,4307,GUILLAUME APOLLINAIRE,51100.0,REIMS,51,454,KP,30,1,2.0,Appartement,105.0,5.0
1892344,03/12/2019,Vente,"73000,00",26.0,RUE,8200,STE GENEVIEVE,51100.0,REIMS,51,454,HX,185,2,2.0,Appartement,39.0,2.0
1892345,16/12/2019,Vente,"130500,00",1.0,ESP,7433,REMI PELLOT,51100.0,REIMS,51,454,AN,169,1,2.0,Appartement,72.0,3.0
1892347,17/12/2019,Vente,"86000,00",238.0,AV,5300,DE LAON,51100.0,REIMS,51,454,AX,857,2,2.0,Appartement,45.0,2.0
1892357,16/12/2019,Vente,"196950,00",9.0,RUE,0010,ABBE DE L EPEE,51100.0,REIMS,51,454,IK,288,2,2.0,Appartement,118.0,5.0
1892361,16/12/2019,Vente,"60000,00",15.0,RUE,7015,PIERRE DE COUBERTIN,51100.0,REIMS,51,454,AE,110,2,2.0,Appartement,71.0,3.0
1892364,17/12/2019,Vente en l'état futur d'achèvement,"242500,00",,RUE,5891,MARCEL THIL,51100.0,REIMS,51,454,AV,1091,1,2.0,Appartement,68.0,3.0
1892369,13/12/2019,Vente,"42000,00",61.0,RUE,3160,EDME MOREAU,51100.0,REIMS,51,454,AI,154,1,2.0,Appartement,22.0,1.0
1892370,13/12/2019,Vente,"161000,00",5.0,RUE,0845,BERTRAND DE MUN,51100.0,REIMS,51,454,CM,116,2,2.0,Appartement,90.0,4.0
1892372,17/12/2019,Vente en l'état futur d'achèvement,"258900,00",,RUE,5891,MARCEL THIL,51100.0,REIMS,51,454,AV,1091,1,2.0,Appartement,68.0,3.0
1892374,18/12/2019,Vente,"135000,00",2.0,RUE,7720,DU RUISSELET,51100.0,REIMS,51,454,DM,632,2,2.0,Appartement,46.0,2.0
1892381,16/12/2019,Vente,"140000,00",52.0,RUE,3280,EMILE ZOLA,51100.0,REIMS,51,454,AW,527,1,2.0,Appartement,87.0,4.0
1892384,18/12/2019,Vente,"300000,00",4.0,RUE,6880,PERIN,51100.0,REIMS,51,454,AV,322,0,2.0,Appartement,50.0,2.0
1892385,18/12/2019,Vente,"300000,00",4.0,RUE,6880,PERIN,51100.0,REIMS,51,454,AV,322,0,2.0,Appartement,30.0,1.0
1892386,18/12/2019,Vente,"300000,00",4.0,RUE,6880,PERIN,51100.0,REIMS,51,454,AV,322,0,2.0,Appartement,55.0,2.0
1892387,18/12/2019,Vente,"300000,00",4.0,RUE,6880,PERIN,51100.0,REIMS,51,454,AV,322,0,2.0,Appartement,50.0,2.0
1892388,19/12/2019,Vente,"104000,00",13.0,RUE,4120,GOIOT,51100.0,REIMS,51,454,CZ,607,2,2.0,Appartement,69.0,3.0
1892390,16/12/2019,Vente,"57000,00",34.0,BD,9070,VICTOR HUGO,51100.0,REIMS,51,454,CZ,190,2,2.0,Appartement,33.0,1.0
1892401,16/12/2019,Vente en l'état futur d'achèvement,"251500,00",,RUE,5891,MARCEL THIL,51100.0,REIMS,51,454,AV,1091,1,2.0,Appartement,68.0,3.0
1892447,19/12/2019,Vente,"80000,00",29.0,CHS,7970,SAINT MARTIN,51100.0,REIMS,51,454,DN,217,2,2.0,Appartement,55.0,3.0
1892460,23/12/2019,Vente,"180500,00",1.0,AV,6730,DE PARIS,51100.0,REIMS,51,454,HX,109,2,2.0,Appartement,67.0,3.0
1892464,05/12/2019,Vente,"224150,00",1.0,RUE,7060,PIPER,51100.0,REIMS,51,454,CW,12,1,2.0,Appartement,69.0,3.0
1892467,12/12/2019,Vente,"480000,00",37.0,RUE,4560,HINCMAR,51100.0,REIMS,51,454,IK,1267,2,2.0,Appartement,101.0,4.0
1892470,09/12/2019,Vente en l'état futur d'achèvement,"199000,00",215.0,RUE,2440,DE COURLANCY,51100.0,REIMS,51,454,DN,253,1,2.0,Appartement,53.0,3.0
1892474,13/12/2019,Vente,"47000,00",22.0,RUE,2570,CROUTELLE,51100.0,REIMS,51,454,AV,124,1,2.0,Appartement,26.0,1.0
1892497,19/12/2019,Vente,"45000,00",19.0,RUE,3850,GAMBETTA,51100.0,REIMS,51,454,CY,12,1,2.0,Appartement,20.0,1.0
1892506,18/12/2019,Vente,"165500,00",1.0,AV,4010,GEORGES CLEMENCEAU,51100.0,REIMS,51,454,CK,312,1,2.0,Appartement,79.0,4.0
1892508,19/12/2019,Vente,"73000,00",60.0,PL,3040,DROUET D ERLON,51100.0,REIMS,51,454,IL,337,2,2.0,Appartement,28.0,1.0
1892519,18/12/2019,Vente,"72685,00",1.0,RUE,2250,DE LA CONCORDE,51100.0,REIMS,51,454,IO,16,1,2.0,Appartement,40.0,1.0
1892522,19/12/2019,Vente,"149000,00",77.0,RUE,8950,DE VENISE,51100.0,REIMS,51,454,CY,434,2,2.0,Appartement,81.0,4.0
1892524,19/12/2019,Vente en l'état futur d'achèvement,"259500,00",35.0,RUE,6920,PETIT DELBOURG,51100.0,REIMS,51,454,CL,579,1,2.0,Appartement,73.0,3.0
1892526,02/12/2019,Vente,"288000,00",21.0,RUE,6740,PASSE DEMOISELLES,51100.0,REIMS,51,454,HY,184,1,2.0,Appartement,79.0,3.0
1892533,17/12/2019,Vente,"68000,00",32.0,RUE,5920,M CLEMENCE FOURIAUX,51100.0,REIMS,51,454,AV,1052,1,2.0,Appartement,47.0,3.0
1892538,06/12/2019,Vente,"130000,00",3.0,RUE,8720,TOURNEBONNEAU,51100.0,REIMS,51,454,DM,628,1,2.0,Appartement,73.0,4.0
1892579,10/12/2019,Vente,"43000,00",21.0,AV,4455,HENRI FARMAN,51100.0,REIMS,51,454,DH,90,1,2.0,Appartement,17.0,1.0
1892582,13/12/2019,Vente,"515000,00",21.0,PL,1770,DU CHAPITRE,51100.0,REIMS,51,454,CX,31,3,2.0,Appartement,138.0,5.0
1892584,11/12/2019,Vente,"49500,00",36.0,RUE,4080,GILBERT,51100.0,REIMS,51,454,AR,812,1,2.0,Appartement,19.0,1.0
1892585,19/12/2019,Vente,"144880,00",8.0,RUE,1750,DES CHAPELAINS,51100.0,REIMS,51,454,IL,254,2,2.0,Appartement,59.0,2.0
1892588,13/12/2019,Vente,"386000,00",22.0,RUE,9040,DE VESLE,51100.0,REIMS,51,454,IL,146,1,2.0,Appartement,115.0,4.0
1892592,27/12/2019,Vente,"112000,00",23.0,RUE,6230,DU MONT D ARENE,51100.0,REIMS,51,454,AT,322,2,2.0,Appartement,51.0,2.0
1892703,19/12/2019,Vente,"164302,00",6.0,RUE,8090,SAINT THIERRY,51100.0,REIMS,51,454,AV,1097,2,2.0,Appartement,46.0,2.0
1892716,20/12/2019,Vente,"80000,00",4.0,ALL,2003,CLAUDE MONET,51100.0,REIMS,51,454,DK,198,1,2.0,Appartement,48.0,2.0
1892728,27/12/2019,Vente,"55000,00",48.0,RUE,4070,GERUZEZ,51100.0,REIMS,51,454,AR,155,1,2.0,Appartement,37.0,1.0
1892730,26/12/2019,Vente,"123580,00",5.0,RUE,3010,DOM PERIGNON,51100.0,REIMS,51,454,CV,1001,2,2.0,Appartement,66.0,3.0
1892767,17/12/2019,Vente,"79999,00",81.0,RUE,6470,DE NEUFCHATEL,51100.0,REIMS,51,454,AM,723,1,2.0,Appartement,55.0,2.0
1892768,18/12/2019,Vente,"90000,00",251.0,RUE,2440,DE COURLANCY,51100.0,REIMS,51,454,DN,548,2,2.0,Appartement,64.0,3.0
1892783,20/12/2019,Vente,"63900,00",340.0,AV,5300,DE LAON,51100.0,REIMS,51,454,AM,837,2,2.0,Appartement,34.0,2.0
1892784,17/12/2019,Vente,"116000,00",63.0,RUE,1920,DE CHEVIGNE,51100.0,REIMS,51,454,CL,33,2,2.0,Appartement,77.0,4.0
1892785,24/12/2019,Vente,"74120,00",43.0,RUE,8560,DES TELLIERS,51100.0,REIMS,51,454,IL,295,1,2.0,Appartement,24.0,1.0
1892788,16/12/2019,Vente,"68000,00",1.0,RUE,8720,TOURNEBONNEAU,51100.0,REIMS,51,454,DM,628,1,2.0,Appartement,29.0,1.0
1892794,18/12/2019,Vente,"112000,00",39.0,ESP,3590,FLECHAMBAULT,51100.0,REIMS,51,454,DM,631,2,2.0,Appartement,73.0,3.0
1892809,12/12/2019,Vente,"100000,00",4.0,RUE,1270,BRULART,51100.0,REIMS,51,454,CZ,266,1,2.0,Appartement,52.0,2.0
1892810,12/12/2019,Vente,"100000,00",4.0,RUE,1270,BRULART,51100.0,REIMS,51,454,CZ,266,1,2.0,Appartement,50.0,2.0
1892817,17/12/2019,Vente,"102000,00",12.0,RUE,7705,RUDYARD KIPLING,51100.0,REIMS,51,454,HK,1276,1,2.0,Appartement,76.0,2.0
1892827,19/12/2019,Vente,"55000,00",13.0,RUE,2560,CROIX ST MARC,51100.0,REIMS,51,454,CV,1017,1,2.0,Appartement,26.0,1.0
1892831,20/12/2019,Vente,"53000,00",192.0,AV,5300,DE LAON,51100.0,REIMS,51,454,AX,847,1,2.0,Appartement,19.0,1.0
1892832,20/12/2019,Vente,"120000,00",340.0,AV,5300,DE LAON,51100.0,REIMS,51,454,AM,837,2,2.0,Appartement,67.0,4.0
1892861,13/12/2019,Vente,"213000,00",125.0,RUE,9040,DE VESLE,51100.0,REIMS,51,454,IK,1346,1,2.0,Appartement,71.0,3.0
1892870,27/12/2019,Vente,"290000,00",1.0,AV,7295,DU PRESIDENT KENNEDY,51100.0,REIMS,51,454,KN,16,2,2.0,Appartement,153.0,5.0
1892873,19/12/2019,Vente,"54000,00",22.0,RUE,0950,BLAVIER,51100.0,REIMS,51,454,AX,827,1,2.0,Appartement,30.0,1.0
1892879,30/12/2019,Vente,"58500,00",133.0,RUE,2440,DE COURLANCY,51100.0,REIMS,51,454,HY,161,2,2.0,Appartement,27.0,1.0
1892880,14/12/2019,Vente,"68000,00",155.0,AV,4900,JEAN JAURES,51100.0,REIMS,51,454,BI,138,1,2.0,Appartement,24.0,2.0
1892893,17/12/2019,Vente,"192500,00",88.0,RUE,0690,DU BEL AIR,51100.0,REIMS,51,454,BC,46,3,2.0,Appartement,106.0,4.0
1892894,26/12/2019,Vente,"75000,00",37.0,AV,0070,ALEXANDRE DE SERBIE,51100.0,REIMS,51,454,DT,265,2,2.0,Appartement,62.0,3.0
1892898,19/12/2019,Vente,"62000,00",108.0,AV,4900,JEAN JAURES,51100.0,REIMS,51,454,CW,267,1,2.0,Appartement,25.0,1.0
1892903,20/12/2019,Vente,"54000,00",28.0,RUE,5270,LANDOUZY,51100.0,REIMS,51,454,AW,210,1,2.0,Appartement,25.0,1.0
1892907,16/12/2019,Vente,"125000,00",2.0,RUE,2192,COMMANDANT ARNAUD,51100.0,REIMS,51,454,AL,402,2,2.0,Appartement,79.0,4.0
1892917,18/12/2019,Vente,"50500,00",17.0,RUE,2630,DANTON,51100.0,REIMS,51,454,AX,594,2,2.0,Appartement,20.0,1.0
1892921,20/12/2019,Vente,"440525,00",22.0,RUE,2450,COURMEAUX,51100.0,REIMS,51,454,BE,74,3,2.0,Appartement,151.0,7.0
1892922,18/12/2019,Vente,"149000,00",25.0,RUE,8500,DE TALLEYRAND,51100.0,REIMS,51,454,IL,229,1,2.0,Appartement,41.0,2.0
1892924,16/12/2019,Vente,"102000,00",2.0,RUE,5260,LAMOUCHE,51100.0,REIMS,51,454,AV,681,1,2.0,Appartement,60.0,3.0
1892928,19/12/2019,Vente,"169000,00",8.0,RUE,8950,DE VENISE,51100.0,REIMS,51,454,IK,1335,1,2.0,Appartement,90.0,4.0
1892929,20/12/2019,Vente,"400000,00",55.0,RUE,3660,DU FOND PATE,51100.0,REIMS,51,454,AE,42,0,2.0,Appartement,55.0,2.0
1892931,20/12/2019,Vente,"400000,00",55.0,RUE,3660,DU FOND PATE,51100.0,REIMS,51,454,AE,42,0,2.0,Appartement,164.0,5.0
1892934,19/12/2019,Vente,"201700,00",18.0,RUE,2070,CLOVIS,51100.0,REIMS,51,454,IK,870,2,2.0,Appartement,85.0,3.0
1892936,18/12/2019,Vente,"92000,00",8.0,RUE,3270,EMILE SENART,51100.0,REIMS,51,454,AY,255,2,2.0,Appartement,61.0,4.0
1892939,16/12/2019,Vente,"131500,00",58.0,RUE,4740,JACQUART,51100.0,REIMS,51,454,BI,570,2,2.0,Appartement,52.0,3.0
1892941,30/12/2019,Vente en l'état futur d'achèvement,"225000,00",42.0,RUE,7790,DE ST BRICE,51100.0,REIMS,51,454,AT,247,1,2.0,Appartement,78.0,3.0
1892943,26/12/2019,Vente,"96200,00",21.0,AV,4455,HENRI FARMAN,51100.0,REIMS,51,454,DH,90,1,2.0,Appartement,17.0,1.0
1892944,26/12/2019,Vente,"96200,00",21.0,AV,4455,HENRI FARMAN,51100.0,REIMS,51,454,DH,90,1,2.0,Appartement,17.0,1.0
1892946,20/12/2019,Vente,"300000,00",10.0,RUE,2170,DU COLONEL FABIEN,51100.0,REIMS,51,454,IN,53,1,2.0,Appartement,56.0,2.0
1892947,20/12/2019,Vente,"300000,00",10.0,RUE,2170,DU COLONEL FABIEN,51100.0,REIMS,51,454,IN,53,2,2.0,Appartement,51.0,2.0
1892962,20/12/2019,Vente,"43000,00",22.0,RUE,4050,GERBERT,51100.0,REIMS,51,454,CY,99,1,2.0,Appartement,21.0,1.0
1892965,16/12/2019,Vente,"313500,00",8.0,RUE,8080,ST SYMPHORIEN,51100.0,REIMS,51,454,CX,222,4,2.0,Appartement,91.0,4.0
1892968,23/12/2019,Vente,"97000,00",24.0,RUE,8480,DE TAISSY,51100.0,REIMS,51,454,DK,235,2,2.0,Appartement,59.0,2.0
1892970,16/12/2019,Vente,"164000,00",34.0,RUE,1590,DE CERNAY,51100.0,REIMS,51,454,CW,129,2,2.0,Appartement,65.0,3.0
1892971,11/12/2019,Vente,"320000,00",3.0,RUE,6260,MONTLAURENT,51100.0,REIMS,51,454,CY,138,0,2.0,Appartement,45.0,3.0
1892972,11/12/2019,Vente,"320000,00",3.0,RUE,6260,MONTLAURENT,51100.0,REIMS,51,454,CY,138,0,2.0,Appartement,39.0,3.0
1892973,11/12/2019,Vente,"320000,00",3.0,RUE,6260,MONTLAURENT,51100.0,REIMS,51,454,CY,138,0,2.0,Appartement,45.0,3.0
1892974,11/12/2019,Vente,"320000,00",3.0,RUE,6260,MONTLAURENT,51100.0,REIMS,51,454,CY,138,0,2.0,Appartement,45.0,3.0
1893020,18/12/2019,Vente,"88000,00",59.0,RUE,1920,DE CHEVIGNE,51100.0,REIMS,51,454,CL,33,2,2.0,Appartement,46.0,2.0
1893024,19/12/2019,Vente,"52000,00",48.0,RUE,5920,M CLEMENCE FOURIAUX,51100.0,REIMS,51,454,AV,294,1,2.0,Appartement,17.0,1.0
1893025,20/12/2019,Vente en l'état futur d'achèvement,"228853,00",,RUE,4220,GRANDVAL,51100.0,REIMS,51,454,CL,1000,1,2.0,Appartement,61.0,3.0
1893032,18/12/2019,Vente en l'état futur d'achèvement,"244500,00",,RUE,5891,MARCEL THIL,51100.0,REIMS,51,454,AV,1091,1,2.0,Appartement,68.0,3.0
1893054,20/12/2019,Vente,"180000,00",52.0,RUE,1550,CERES,51100.0,REIMS,51,454,CX,78,1,2.0,Appartement,94.0,4.0
1893058,23/12/2019,Vente,"450000,00",7.0,RUE,4360,HANNEQUIN,51100.0,REIMS,51,454,AX,205,0,2.0,Appartement,45.0,2.0
1893059,23/12/2019,Vente,"450000,00",7.0,RUE,4360,HANNEQUIN,51100.0,REIMS,51,454,AX,205,0,2.0,Appartement,43.0,3.0
1893060,23/12/2019,Vente,"450000,00",7.0,RUE,4360,HANNEQUIN,51100.0,REIMS,51,454,AX,205,0,2.0,Appartement,36.0,2.0
1893061,23/12/2019,Vente,"450000,00",7.0,RUE,4360,HANNEQUIN,51100.0,REIMS,51,454,AX,205,0,2.0,Appartement,33.0,1.0
1893062,23/12/2019,Vente,"450000,00",7.0,RUE,4360,HANNEQUIN,51100.0,REIMS,51,454,AX,205,0,2.0,Appartement,38.0,2.0
1893063,23/12/2019,Vente,"450000,00",7.0,RUE,4360,HANNEQUIN,51100.0,REIMS,51,454,AX,205,0,2.0,Appartement,23.0,1.0
1893073,26/12/2019,Vente,"291000,00",1.0,RUE,6740,PASSE DEMOISELLES,51100.0,REIMS,51,454,HX,117,1,2.0,Appartement,103.0,4.0
1893088,20/12/2019,Vente,"87000,00",56.0,RUE,6230,DU MONT D ARENE,51100.0,REIMS,51,454,AV,384,1,2.0,Appartement,46.0,2.0
1893090,30/12/2019,Vente,"190000,00",49.0,RUE,1360,CAMILLE LENOIR,51100.0,REIMS,51,454,BH,60,1,2.0,Appartement,65.0,3.0
1893097,31/12/2019,Vente,"63000,00",38.0,RUE,0610,BARON,51100.0,REIMS,51,454,CV,224,1,2.0,Appartement,26.0,1.0
1893098,20/12/2019,Vente,"50300,00",5.0,RUE,6130,MENNESSON TONNELIER,51100.0,REIMS,51,454,AW,293,1,2.0,Appartement,25.0,1.0
1893099,20/12/2019,Vente,"52000,00",19.0,RUE,6830,P VAILLANT COUTURIER,51100.0,REIMS,51,454,AV,222,1,2.0,Appartement,20.0,1.0
1893101,16/12/2019,Vente,"85000,00",96.0,RUE,5460,LESAGE,51100.0,REIMS,51,454,AY,158,2,2.0,Appartement,58.0,3.0
1893106,31/12/2019,Vente,"146800,00",1.0,BD,9070,VICTOR HUGO,51100.0,REIMS,51,454,CZ,450,2,2.0,Appartement,56.0,3.0
1893111,20/12/2019,Vente,"112300,00",237.0,AV,4900,JEAN JAURES,51100.0,REIMS,51,454,BK,208,1,2.0,Appartement,69.0,1.0
1893113,23/12/2019,Vente,"84000,00",6.0,RUE,0100,ALEXANDRE HENROT,51100.0,REIMS,51,454,AV,562,2,2.0,Appartement,35.0,2.0
1893115,20/12/2019,Vente,"98000,00",8.0,RUE,5880,DU MARC,51100.0,REIMS,51,454,BE,525,1,2.0,Appartement,20.0,1.0
1893116,20/12/2019,Vente,"157500,00",78.0,AV,4010,GEORGES CLEMENCEAU,51100.0,REIMS,51,454,CL,690,2,2.0,Appartement,78.0,4.0
1893126,23/12/2019,Vente,"166500,00",17.0,RUE,0820,DE BERRU,51100.0,REIMS,51,454,CV,812,2,2.0,Appartement,91.0,5.0
1893139,24/12/2019,Vente,"184944,00",32.0,RUE,8620,THIERS,51100.0,REIMS,51,454,IL,471,1,2.0,Appartement,41.0,2.0
1893143,20/12/2019,Vente,"70000,00",28.0,RUE,7520,DE RILLY LA MONTAGNE,51100.0,REIMS,51,454,HS,222,1,2.0,Appartement,83.0,4.0
1893144,20/12/2019,Vente,"70000,00",28.0,RUE,7520,DE RILLY LA MONTAGNE,51100.0,REIMS,51,454,HS,222,1,2.0,Appartement,83.0,4.0
1893148,23/12/2019,Vente en l'état futur d'achèvement,"335019,00",35.0,RUE,6920,PETIT DELBOURG,51100.0,REIMS,51,454,CL,579,1,2.0,Appartement,89.0,3.0
1893151,20/12/2019,Vente,"147000,00",22.0,RUE,1710,DE CHAMPIGNY,51100.0,REIMS,51,454,AR,297,0,2.0,Appartement,56.0,2.0
1893152,20/12/2019,Vente,"147000,00",22.0,RUE,1710,DE CHAMPIGNY,51100.0,REIMS,51,454,AR,297,0,2.0,Appartement,56.0,2.0
1893154,31/12/2019,Vente,"239900,00",4.0,RUE,0123,CAPITAINE ALFRED DREYFUS,51100.0,REIMS,51,454,AV,1082,1,2.0,Appartement,70.0,3.0
1893160,31/12/2019,Vente,"340000,00",87.0,RUE,6230,DU MONT D ARENE,51100.0,REIMS,51,454,AT,9,1,2.0,Appartement,66.0,3.0
1893161,31/12/2019,Vente,"340000,00",87.0,RUE,6230,DU MONT D ARENE,51100.0,REIMS,51,454,AT,9,1,2.0,Appartement,66.0,3.0
1893167,31/12/2019,Vente en l'état futur d'achèvement,"248000,00",,RUE,5891,MARCEL THIL,51100.0,REIMS,51,454,AV,1091,1,2.0,Appartement,70.0,3.0
1893168,19/12/2019,Vente en l'état futur d'achèvement,"234000,00",28.0,CHS,0980,BOCQUAINE,51100.0,REIMS,51,454,HZ,172,1,2.0,Appartement,60.0,3.0
1893170,16/12/2019,Vente,"200000,00",8.0,RUE,0846,RUE BERTRAND DE VOGUE,51100.0,REIMS,51,454,DK,238,1,2.0,Appartement,116.0,5.0
1893174,20/12/2019,Vente,"67600,00",333.0,AV,5300,DE LAON,51100.0,REIMS,51,454,AN,548,1,2.0,Appartement,52.0,2.0
1893185,26/12/2019,Vente,"105500,00",2.0,RUE,0815,BERGSON,51100.0,REIMS,51,454,HV,978,2,2.0,Appartement,61.0,3.0
1893186,24/12/2019,Vente,"285000,00",88.0,RUE,2430,DE COURCELLES,51100.0,REIMS,51,454,AR,105,0,2.0,Appartement,16.0,1.0
1893187,24/12/2019,Vente,"285000,00",88.0,RUE,2430,DE COURCELLES,51100.0,REIMS,51,454,AR,105,0,2.0,Appartement,34.0,2.0
1893188,24/12/2019,Vente,"285000,00",88.0,RUE,2430,DE COURCELLES,51100.0,REIMS,51,454,AR,105,0,2.0,Appartement,45.0,2.0
1893189,24/12/2019,Vente,"285000,00",88.0,RUE,2430,DE COURCELLES,51100.0,REIMS,51,454,AR,105,0,2.0,Appartement,42.0,2.0
1893190,23/12/2019,Vente,"132000,00",42.0,RUE,5090,JULES GUICHARD,51100.0,REIMS,51,454,AV,681,2,2.0,Appartement,73.0,4.0
1893195,27/12/2019,Vente,"69000,00",4.0,RUE,2290,COQUEBERT,51100.0,REIMS,51,454,BH,418,1,2.0,Appartement,21.0,1.0
1893197,28/12/2019,Vente,"105000,00",5.0,,3915,GPE GENERAL EISENHOWER,51100.0,REIMS,51,454,HS,216,2,2.0,Appartement,75.0,3.0
1893198,26/12/2019,Vente,"125000,00",76.0,BD,1800,CHARLES ARNOULD,51100.0,REIMS,51,454,AO,493,2,2.0,Appartement,68.0,3.0
1893200,23/12/2019,Vente,"74400,00",27.0,CHS,7970,SAINT MARTIN,51100.0,REIMS,51,454,DN,217,2,2.0,Appartement,42.0,2.0
1893221,23/12/2019,Vente,"95000,00",19.0,RUE,5019,JOLIOT CURIE,51100.0,REIMS,51,454,KT,290,1,2.0,Appartement,94.0,4.0
1893248,19/12/2019,Vente,"120000,00",80.0,RUE,6330,DES MOULINS,51100.0,REIMS,51,454,CY,617,2,2.0,Appartement,59.0,3.0
1893268,23/12/2019,Vente en l'état futur d'achèvement,"288000,00",21.0,RUE,7860,SAINT HILAIRE,51100.0,REIMS,51,454,BE,220,1,2.0,Appartement,52.0,2.0
1893277,30/12/2019,Vente en l'état futur d'achèvement,"236000,00",28.0,CHS,0980,BOCQUAINE,51100.0,REIMS,51,454,HZ,172,1,2.0,Appartement,68.0,3.0
1893281,30/12/2019,Vente en l'état futur d'achèvement,"333000,00",28.0,CHS,0980,BOCQUAINE,51100.0,REIMS,51,454,HZ,172,1,2.0,Appartement,92.0,4.0
1893283,27/12/2019,Vente en l'état futur d'achèvement,"179000,00",28.0,CHS,0980,BOCQUAINE,51100.0,REIMS,51,454,HZ,172,1,2.0,Appartement,45.0,2.0
1893299,20/12/2019,Vente,"83000,00",45.0,AV,8030,ST POL,51100.0,REIMS,51,454,DM,629,2,2.0,Appartement,54.0,2.0
1893303,27/12/2019,Vente en l'état futur d'achèvement,"236000,00",21.0,RUE,7860,SAINT HILAIRE,51100.0,REIMS,51,454,BE,220,1,2.0,Appartement,47.0,2.0
1893305,30/12/2019,Vente,"177000,00",12.0,RUE,8950,DE VENISE,51100.0,REIMS,51,454,IK,1335,1,2.0,Appartement,100.0,5.0
1893308,30/12/2019,Vente,"70000,00",23.0,RUE,3280,EMILE ZOLA,51100.0,REIMS,51,454,AW,504,2,2.0,Appartement,31.0,2.0
1893313,30/12/2019,Vente,"108000,00",11.0,PL,8711,TOULOUSE LAUTREC,51100.0,REIMS,51,454,KR,27,2,2.0,Appartement,79.0,4.0
1893315,30/12/2019,Vente,"130000,00",23.0,RUE,3180,EDOUARD MIGNOT,51100.0,REIMS,51,454,AT,375,1,2.0,Appartement,52.0,2.0
1893327,20/12/2019,Vente,"281000,00",8.0,RUE,8560,DES TELLIERS,51100.0,REIMS,51,454,IL,606,2,2.0,Appartement,82.0,3.0
1893330,20/12/2019,Vente,"129900,00",4.0,RUE,2192,COMMANDANT ARNAUD,51100.0,REIMS,51,454,AL,402,2,2.0,Appartement,79.0,4.0
1893349,26/12/2019,Vente,"60000,00",38.0,RUE,1870,DE CHATIVESLE,51100.0,REIMS,51,454,IM,391,1,2.0,Appartement,17.0,1.0
1893351,20/12/2019,Vente,"120000,00",3.0,AV,4010,GEORGES CLEMENCEAU,51100.0,REIMS,51,454,CK,29,2,2.0,Appartement,71.0,4.0
1893355,27/12/2019,Vente en l'état futur d'achèvement,"220941,00",,RUE,4220,GRANDVAL,51100.0,REIMS,51,454,CL,1000,1,2.0,Appartement,62.0,3.0
1893378,30/12/2019,Vente,"102000,00",28.0,RUE,5490,LIBERGIER,51100.0,REIMS,51,454,IK,875,2,2.0,Appartement,34.0,2.0
1893382,27/12/2019,Vente,"100000,00",10.0,RUE,8790,DE TRIANON,51100.0,REIMS,51,454,AT,150,0,2.0,Appartement,47.0,2.0
1893383,27/12/2019,Vente,"100000,00",10.0,RUE,8790,DE TRIANON,51100.0,REIMS,51,454,AT,150,0,2.0,Appartement,49.0,2.0
1893384,27/12/2019,Vente,"100000,00",10.0,RUE,8790,DE TRIANON,51100.0,REIMS,51,454,AT,150,0,2.0,Appartement,47.0,2.0
1893389,28/12/2019,Vente,"221700,00",139.0,RUE,2430,DE COURCELLES,51100.0,REIMS,51,454,AR,334,1,2.0,Appartement,78.0,3.0
1893399,27/12/2019,Vente,"100000,00",249.0,RUE,2440,DE COURLANCY,51100.0,REIMS,51,454,DN,217,2,2.0,Appartement,68.0,4.0
1893400,23/12/2019,Vente,"120000,00",57.0,RUE,8290,16E ET 22E DRAGONS,51100.0,REIMS,51,454,CL,497,1,2.0,Appartement,54.0,3.0
1893407,23/12/2019,Vente,"100100,00",68.0,BD,7140,POMMERY,51100.0,REIMS,51,454,CL,702,1,2.0,Appartement,41.0,2.0
1893426,23/12/2019,Vente,"275000,00",13.0,RUE,0700,DE BELFORT,51100.0,REIMS,51,454,CW,375,0,2.0,Appartement,40.0,2.0
1893427,23/12/2019,Vente,"275000,00",13.0,RUE,0700,DE BELFORT,51100.0,REIMS,51,454,CW,375,0,2.0,Appartement,40.0,2.0
1893428,23/12/2019,Vente,"275000,00",13.0,RUE,0700,DE BELFORT,51100.0,REIMS,51,454,CW,375,0,2.0,Appartement,43.0,2.0
1893441,31/12/2019,Vente,"207700,00",6.0,RUE,0100,ALEXANDRE HENROT,51100.0,REIMS,51,454,AV,562,2,2.0,Appartement,94.0,4.0
1893442,23/12/2019,Vente,"105000,00",143.0,RUE,3850,GAMBETTA,51100.0,REIMS,51,454,CZ,362,2,2.0,Appartement,128.0,5.0
1893449,23/12/2019,Vente,"73000,00",15.0,RUE,5940,MARLOT,51100.0,REIMS,51,454,IK,534,1,2.0,Appartement,35.0,1.0
1893450,31/12/2019,Vente,"116000,00",66.0,RUE,1740,CHANZY,51100.0,REIMS,51,454,IK,102,1,2.0,Appartement,37.0,2.0
1893456,30/12/2019,Vente en l'état futur d'achèvement,"245000,00",35.0,RUE,6920,PETIT DELBOURG,51100.0,REIMS,51,454,CL,579,1,2.0,Appartement,68.0,3.0
1893459,30/12/2019,Vente,"226155,00",87.0,RUE,6230,DU MONT D ARENE,51100.0,REIMS,51,454,AT,9,1,2.0,Appartement,62.0,3.0
1893472,27/12/2019,Vente,"194000,00",15.0,RUE,5920,M CLEMENCE FOURIAUX,51100.0,REIMS,51,454,AT,84,2,2.0,Appartement,103.0,4.0
1893475,31/12/2019,Vente,"69600,00",20.0,BD,6750,PASTEUR,51100.0,REIMS,51,454,CY,627,1,2.0,Appartement,22.0,1.0
1893481,31/12/2019,Vente,"135000,00",12.0,RUE,5230,LABORI,51100.0,REIMS,51,454,CK,182,3,2.0,Appartement,80.0,3.0
1893483,30/12/2019,Vente,"388000,00",20.0,RUE,8620,THIERS,51100.0,REIMS,51,454,IL,431,2,2.0,Appartement,112.0,5.0
1893489,31/12/2019,Vente,"141000,00",7.0,IMP,1440,DES CARMELITES,51100.0,REIMS,51,454,IK,1347,2,2.0,Appartement,64.0,2.0
1893492,23/12/2019,Vente,"66000,00",68.0,RUE,6230,DU MONT D ARENE,51100.0,REIMS,51,454,AV,389,1,2.0,Appartement,30.0,2.0
1893495,23/12/2019,Vente,"66300,00",333.0,AV,5300,DE LAON,51100.0,REIMS,51,454,AN,548,1,2.0,Appartement,52.0,2.0
1893497,12/12/2019,Vente,"76058,03",10.0,RUE,8830,DES TROIS RAISINETS,51100.0,REIMS,51,454,CX,201,1,2.0,Appartement,18.0,1.0
1893498,12/12/2019,Vente,"76058,03",10.0,RUE,8830,DES TROIS RAISINETS,51100.0,REIMS,51,454,CX,201,2,2.0,Appartement,22.0,2.0
1893553,21/01/2019,Vente,"63000,00",187.0,AV,5300,DE LAON,51100.0,REIMS,51,454,AV,33,1,2.0,Appartement,35.0,2.0
1736278,04/01/2018,Vente,"150000,00",140.0,BD,2650,DAUPHINOT,51100.0,REIMS,51,454,CV,1049,2,2.0,Appartement,76.0,4.0
1736279,08/01/2018,Vente,"260000,00",32.0,RUE,1550,CERES,51100.0,REIMS,51,454,CX,64,2,2.0,Appartement,111.0,5.0
1736287,04/01/2018,Vente,"101000,00",2.0,RUE,2060,DU CLOU DANS LE FER,51100.0,REIMS,51,454,IL,125,1,2.0,Appartement,40.0,1.0
1736292,05/01/2018,Vente,"184000,00",18.0,RUE,4810,DES JARDINS,51100.0,REIMS,51,454,AS,190,1,2.0,Appartement,88.0,4.0
1736297,10/01/2018,Vente,"135000,00",7.0,RUE,6660,D ORMESSON,51100.0,REIMS,51,454,BH,101,1,2.0,Appartement,51.0,1.0
1736299,15/01/2018,Vente,"114000,00",13.0,BD,6790,PAUL DOUMER,51100.0,REIMS,51,454,HZ,22,1,2.0,Appartement,50.0,2.0
1736314,08/01/2018,Vente,"199000,00",42.0,RUE,7026,PIERRE DE MARIVAUX,51100.0,REIMS,51,454,EX,502,1,2.0,Appartement,90.0,4.0
1736324,10/01/2018,Vente,"121000,00",32.0,RUE,6720,DE PARGNY,51100.0,REIMS,51,454,HW,373,2,2.0,Appartement,59.0,3.0
1736325,09/01/2018,Vente,"78600,00",14.0,BD,2830,DIEU LUMIERE,51100.0,REIMS,51,454,DK,269,2,2.0,Appartement,50.0,2.0
1736330,10/01/2018,Vente,"340000,00",101.0,RUE,5460,LESAGE,51100.0,REIMS,51,454,AY,235,0,2.0,Appartement,30.0,2.0
1736331,10/01/2018,Vente,"340000,00",101.0,RUE,5460,LESAGE,51100.0,REIMS,51,454,AY,235,0,2.0,Appartement,46.0,2.0
1736332,10/01/2018,Vente,"340000,00",101.0,RUE,5460,LESAGE,51100.0,REIMS,51,454,AY,235,0,2.0,Appartement,22.0,1.0
1736333,10/01/2018,Vente,"340000,00",101.0,RUE,5460,LESAGE,51100.0,REIMS,51,454,AY,235,0,2.0,Appartement,57.0,3.0
1736334,10/01/2018,Vente,"340000,00",101.0,RUE,5460,LESAGE,51100.0,REIMS,51,454,AY,235,0,2.0,Appartement,31.0,2.0
1736335,10/01/2018,Vente,"340000,00",101.0,RUE,5460,LESAGE,51100.0,REIMS,51,454,AY,235,0,2.0,Appartement,46.0,2.0
1736336,10/01/2018,Vente,"340000,00",101.0,RUE,5460,LESAGE,51100.0,REIMS,51,454,AY,235,0,2.0,Appartement,43.0,2.0
1736337,11/01/2018,Vente,"53000,00",4.0,RUE,7310,PRIEUR DE LA MARNE,51100.0,REIMS,51,454,BI,258,2,2.0,Appartement,21.0,1.0
1736343,10/01/2018,Vente en l'état futur d'achèvement,"269900,00",65.0,RUE,6230,DU MONT D ARENE,51100.0,REIMS,51,454,AT,9,1,2.0,Appartement,77.0,4.0
1736345,12/01/2018,Vente,"122000,00",25.0,RUE,2480,DES COUTURES,51100.0,REIMS,51,454,CI,10,2,2.0,Appartement,53.0,2.0
1736351,10/01/2018,Vente,"67000,00",15.0,RUE,7405,RAYMOND POINCARE,51100.0,REIMS,51,454,AE,117,2,2.0,Appartement,70.0,4.0
1736356,05/01/2018,Echange,"500,00",39.0,RUE,1590,DE CERNAY,51100.0,REIMS,51,454,CW,167,1,2.0,Appartement,80.0,5.0
1736357,05/01/2018,Echange,"500,00",39.0,RUE,1590,DE CERNAY,51100.0,REIMS,51,454,CW,167,1,2.0,Appartement,50.0,3.0
1736376,10/01/2018,Vente,"205000,00",14.0,RUE,4620,HOUZEAU MUIRON,51100.0,REIMS,51,454,CK,197,2,2.0,Appartement,80.0,3.0
1736377,08/01/2018,Vente,"130000,00",5.0,RUE,4906,JEAN LE LOUP,51100.0,REIMS,51,454,IK,1348,1,2.0,Appartement,68.0,3.0
1736379,12/01/2018,Vente,"211600,00",51.0,BD,4550,HENRY VASNIER,51100.0,REIMS,51,454,CI,77,1,2.0,Appartement,63.0,3.0
1736382,08/01/2018,Vente,"120600,00",26.0,RUE,7190,DE PONTGIVART,51100.0,REIMS,51,454,AY,412,2,2.0,Appartement,67.0,3.0
1736387,10/01/2018,Vente,"42000,00",21.0,AV,4455,HENRI FARMAN,51100.0,REIMS,51,454,DH,90,1,2.0,Appartement,17.0,1.0
1736391,11/01/2018,Vente,"90000,00",27.0,RUE,9150,DE VILLEDOMMANGE,51100.0,REIMS,51,454,DO,151,3,2.0,Appartement,69.0,3.0
1736392,18/01/2018,Vente,"120000,00",13.0,BD,6790,PAUL DOUMER,51100.0,REIMS,51,454,HZ,22,1,2.0,Appartement,30.0,2.0
1736393,18/01/2018,Vente,"120000,00",13.0,BD,6790,PAUL DOUMER,51100.0,REIMS,51,454,HZ,22,1,2.0,Appartement,24.0,1.0
1736394,11/01/2018,Vente,"118600,00",18.0,RUE,6470,DE NEUFCHATEL,51100.0,REIMS,51,454,AY,488,1,2.0,Appartement,54.0,2.0
1736402,17/01/2018,Vente en l'état futur d'achèvement,"136900,00",,RUE,5891,MARCEL THIL,51100.0,REIMS,51,454,AV,1091,1,2.0,Appartement,40.0,2.0
1736403,18/01/2018,Vente en l'état futur d'achèvement,"182500,00",,RUE,5891,MARCEL THIL,51100.0,REIMS,51,454,AV,1091,1,2.0,Appartement,48.0,2.0
1736406,15/01/2018,Vente,"315231,00",2.0,RUE,3150,DE L ECU,51100.0,REIMS,51,454,CW,1,2,2.0,Appartement,102.0,4.0
1736413,09/01/2018,Vente,"305000,00",32.0,RUE,2430,DE COURCELLES,51100.0,REIMS,51,454,AR,929,1,2.0,Appartement,90.0,4.0
1736415,08/01/2018,Vente,"40000,00",27.0,RUE,5440,LEOPOLD CHARPENTIER,51100.0,REIMS,51,454,AE,262,2,2.0,Appartement,31.0,1.0
1736417,05/01/2018,Vente,"114000,00",1.0,BD,9070,VICTOR HUGO,51100.0,REIMS,51,454,CZ,450,2,2.0,Appartement,96.0,6.0
1736420,16/01/2018,Vente,"102000,00",4.0,RUE,3987,GEORGES BERNANOS,51100.0,REIMS,51,454,HV,978,2,2.0,Appartement,81.0,4.0
1736424,16/01/2018,Vente,"114000,00",1.0,RUE,0108,ALFRED DE VIGNY,51100.0,REIMS,51,454,AD,566,2,2.0,Appartement,73.0,4.0
1736431,16/01/2018,Vente,"179000,00",12.0,RUE,1350,DU CADRAN ST PIERRE,51100.0,REIMS,51,454,IL,265,1,2.0,Appartement,81.0,4.0
1736432,19/01/2018,Vente,"115000,00",13.0,BD,6790,PAUL DOUMER,51100.0,REIMS,51,454,HZ,22,1,2.0,Appartement,45.0,2.0
1736433,11/01/2018,Vente,"130000,00",21.0,RUE,6830,P VAILLANT COUTURIER,51100.0,REIMS,51,454,AV,767,1,2.0,Appartement,64.0,3.0
1736434,22/01/2018,Vente,"56000,00",3.0,IMP,2340,CORMICY,51100.0,REIMS,51,454,AV,222,2,2.0,Appartement,19.0,2.0
1736446,11/01/2018,Vente,"159950,00",5.0,RUE,7330,DE LA PROCESSION,51100.0,REIMS,51,454,CI,135,1,2.0,Appartement,66.0,3.0
1736448,09/01/2018,Vente,"102000,00",37.0,RUE,4160,DE LA GOULETTE,51100.0,REIMS,51,454,BL,624,2,2.0,Appartement,74.0,3.0
1736451,12/01/2018,Vente,"40000,00",31.0,RUE,5920,M CLEMENCE FOURIAUX,51100.0,REIMS,51,454,AT,296,1,2.0,Appartement,17.0,1.0
1736453,03/01/2018,Vente,"202000,00",10.0,RUE,8260,SCULPTEURS JACQUES,51100.0,REIMS,51,454,HW,395,1,2.0,Appartement,80.0,3.0
1736457,08/01/2018,Vente,"91000,00",40.0,RUE,0100,ALEXANDRE HENROT,51100.0,REIMS,51,454,AO,849,1,2.0,Appartement,43.0,2.0
1736461,17/01/2018,Vente,"85000,00",37.0,RUE,6010,MARTIN PELLER,51100.0,REIMS,51,454,HX,545,2,2.0,Appartement,45.0,2.0
1736463,17/01/2018,Vente,"182000,00",9.0,PL,3690,DU FORUM,51100.0,REIMS,51,454,IL,89,1,2.0,Appartement,72.0,3.0
1736467,24/01/2018,Vente,"167000,00",13.0,BD,6790,PAUL DOUMER,51100.0,REIMS,51,454,HZ,22,1,2.0,Appartement,79.0,5.0
1736471,09/01/2018,Vente,"210000,00",153.0,RUE,2430,DE COURCELLES,51100.0,REIMS,51,454,AR,510,0,2.0,Appartement,45.0,2.0
1736473,09/01/2018,Vente,"210000,00",153.0,RUE,2430,DE COURCELLES,51100.0,REIMS,51,454,AR,510,0,2.0,Appartement,40.0,2.0
1736476,12/01/2018,Vente,"212500,00",7.0,RUE,8730,DES TOURNELLES,51100.0,REIMS,51,454,CX,360,1,2.0,Appartement,62.0,3.0
1736479,23/01/2018,Vente,"74300,00",64.0,RUE,2290,COQUEBERT,51100.0,REIMS,51,454,BI,495,1,2.0,Appartement,35.0,1.0
1736484,22/01/2018,Vente,"77500,00",10.0,RUE,5260,LAMOUCHE,51100.0,REIMS,51,454,AV,684,1,2.0,Appartement,37.0,2.0
1736487,11/01/2018,Vente,"270000,00",88.0,BD,1800,CHARLES ARNOULD,51100.0,REIMS,51,454,AO,496,0,2.0,Appartement,60.0,3.0
1736488,11/01/2018,Vente,"270000,00",88.0,BD,1800,CHARLES ARNOULD,51100.0,REIMS,51,454,AO,496,0,2.0,Appartement,50.0,3.0
1736489,09/01/2018,Vente,"150000,00",12.0,RUE,0910,DE BEZANNES,51100.0,REIMS,51,454,HW,373,2,2.0,Appartement,89.0,4.0
1736498,15/01/2018,Vente,"93000,00",1.0,PL,5370,LENONCOURT,51100.0,REIMS,51,454,DM,629,2,2.0,Appartement,64.0,3.0
1736502,12/01/2018,Vente,"16800,00",1.0,RUE,8720,TOURNEBONNEAU,51100.0,REIMS,51,454,DM,628,1,2.0,Appartement,11.0,1.0
1736509,22/01/2018,Vente,"82000,00",8.0,RUE,8080,ST SYMPHORIEN,51100.0,REIMS,51,454,CX,222,2,2.0,Appartement,32.0,2.0
1736514,16/01/2018,Vente,"74000,00",16.0,RUE,1920,DE CHEVIGNE,51100.0,REIMS,51,454,CW,608,1,2.0,Appartement,22.0,1.0
1736519,09/01/2018,Vente,"34800,00",19.0,RUE,3850,GAMBETTA,51100.0,REIMS,51,454,CY,12,1,2.0,Appartement,15.0,1.0
1736527,17/01/2018,Vente,"129500,00",7.0,ESP,5446,LE ROUET,51100.0,REIMS,51,454,CT,390,2,2.0,Appartement,83.0,4.0
1736529,16/01/2018,Vente,"65000,00",1.0,RUE,0200,D ALSACE LORRAINE,51100.0,REIMS,51,454,CT,128,1,2.0,Appartement,28.0,1.0
1736534,26/01/2018,Vente,"38000,00",2.0,RUE,2280,DE CONTRAI,51100.0,REIMS,51,454,CY,2,2,2.0,Appartement,10.0,1.0
1736537,29/01/2018,Vente,"215000,00",12.0,RUE,1350,DU CADRAN ST PIERRE,51100.0,REIMS,51,454,IL,265,2,2.0,Appartement,80.0,4.0
1736538,22/01/2018,Vente,"281200,00",21.0,RUE,1310,BUIRETTE,51100.0,REIMS,51,454,IM,111,2,2.0,Appartement,104.0,4.0
1736549,18/01/2018,Vente,"59100,00",25.0,RUE,6830,P VAILLANT COUTURIER,51100.0,REIMS,51,454,AV,228,1,2.0,Appartement,34.0,2.0
1736555,19/01/2018,Vente,"261000,00",118.0,BD,7960,ST MARCEAUX,51100.0,REIMS,51,454,CK,182,4,2.0,Appartement,115.0,5.0
1736561,09/01/2018,Vente,"63000,00",32.0,RUE,6010,MARTIN PELLER,51100.0,REIMS,51,454,HX,57,1,2.0,Appartement,25.0,2.0
1736562,18/01/2018,Vente,"65000,00",61.0,RUE,2560,CROIX ST MARC,51100.0,REIMS,51,454,CV,377,1,2.0,Appartement,27.0,1.0
1736563,18/01/2018,Vente,"65000,00",61.0,RUE,2560,CROIX ST MARC,51100.0,REIMS,51,454,CV,377,1,2.0,Appartement,25.0,1.0
1736574,08/01/2018,Vente,"168000,00",13.0,RUE,1420,DU CARDINAL GOUSSET,51100.0,REIMS,51,454,BH,540,1,2.0,Appartement,72.0,3.0
1736583,22/01/2018,Vente,"124100,00",5.0,BD,7550,ROBESPIERRE,51100.0,REIMS,51,454,AY,371,2,2.0,Appartement,65.0,3.0
1736593,29/01/2018,Vente,"225000,00",246.0,AV,5300,DE LAON,51100.0,REIMS,51,454,AX,808,0,2.0,Appartement,80.0,3.0
1736684,10/01/2018,Vente,"160000,00",7.0,IMP,1440,DES CARMELITES,51100.0,REIMS,51,454,IK,1347,1,2.0,Appartement,63.0,2.0
1736686,03/01/2018,Vente,"137000,00",85.0,AV,4900,JEAN JAURES,51100.0,REIMS,51,454,BI,375,3,2.0,Appartement,83.0,3.0
1736691,19/01/2018,Vente,"182600,00",78.0,RUE,9040,DE VESLE,51100.0,REIMS,51,454,IM,124,4,2.0,Appartement,92.0,4.0
1736692,23/01/2018,Vente,"416000,00",11.0,RUE,0340,DE L ARBALETE,51100.0,REIMS,51,454,IL,78,2,2.0,Appartement,155.0,7.0
1736702,19/01/2018,Vente,"118000,00",6.0,RUE,0150,D ALGER,51100.0,REIMS,51,454,CS,25,1,2.0,Appartement,53.0,3.0
1736704,17/01/2018,Vente en l'état futur d'achèvement,"163000,00",29.0,RUE,0150,D ALGER,51100.0,REIMS,51,454,CR,61,1,2.0,Appartement,63.0,2.0
1736706,16/01/2018,Vente,"109500,00",1.0,RUE,7605,ROLAND DORGELES,51100.0,REIMS,51,454,AN,225,1,2.0,Appartement,58.0,2.0
1736708,29/01/2018,Vente,"62000,00",15.0,RUE,8720,TOURNEBONNEAU,51100.0,REIMS,51,454,DM,630,2,2.0,Appartement,32.0,1.0
1736712,12/01/2018,Vente,"216000,00",1.0,RUE,3000,DOCTEUR THOMAS,51100.0,REIMS,51,454,AW,393,1,2.0,Appartement,75.0,3.0
1736722,08/01/2018,Vente,"125700,00",9.0,RUE,1730,CHANTERAINE,51100.0,REIMS,51,454,DM,634,2,2.0,Appartement,79.0,4.0
1736745,23/01/2018,Vente,"125000,00",2.0,RUE,4740,JACQUART,51100.0,REIMS,51,454,BI,386,2,2.0,Appartement,60.0,3.0
1736754,22/01/2018,Vente,"36000,00",71.0,AV,4900,JEAN JAURES,51100.0,REIMS,51,454,BI,380,1,2.0,Appartement,90.0,4.0
1736756,01/02/2018,Vente,"70000,00",3.0,RUE,4620,HOUZEAU MUIRON,51100.0,REIMS,51,454,CW,554,1,2.0,Appartement,47.0,2.0
1736761,02/02/2018,Vente,"68000,00",13.0,BD,6790,PAUL DOUMER,51100.0,REIMS,51,454,HZ,22,1,2.0,Appartement,26.0,1.0
1736772,19/01/2018,Vente,"86480,00",27.0,BD,6690,DE LA PAIX,51100.0,REIMS,51,454,CK,128,2,2.0,Appartement,26.0,1.0
1736774,18/01/2018,Vente,"140000,00",3.0,RUE,2170,DU COLONEL FABIEN,51100.0,REIMS,51,454,HZ,101,4,2.0,Appartement,81.0,3.0
1736776,18/01/2018,Vente,"87500,00",139.0,RUE,7010,PIERRE BROSSOLETTE,51100.0,REIMS,51,454,AO,426,2,2.0,Appartement,44.0,2.0
1736779,19/01/2018,Vente,"62000,00",55.0,RUE,7010,PIERRE BROSSOLETTE,51100.0,REIMS,51,454,AR,185,2,2.0,Appartement,39.0,2.0
1736782,12/01/2018,Vente,"195000,00",18.0,RUE,4035,GERARD PHILIPE,51100.0,REIMS,51,454,CI,67,2,2.0,Appartement,72.0,3.0
1736785,13/01/2018,Vente,"213000,00",15.0,RUE,0340,DE L ARBALETE,51100.0,REIMS,51,454,IL,79,2,2.0,Appartement,76.0,4.0
1736787,26/01/2018,Vente,"160000,00",5.0,RUE,5770,MACQUART,51100.0,REIMS,51,454,BH,68,2,2.0,Appartement,74.0,4.0
1736789,16/01/2018,Vente,"70000,00",51.0,BD,3950,DU GENERAL LECLERC,51100.0,REIMS,51,454,IM,502,1,2.0,Appartement,35.0,1.0
1736791,16/01/2018,Vente,"120000,00",93.0,BD,4550,HENRY VASNIER,51100.0,REIMS,51,454,CI,67,1,2.0,Appartement,50.0,2.0
1736808,12/01/2018,Vente,"91000,00",16.0,RUE,8950,DE VENISE,51100.0,REIMS,51,454,IK,1401,1,2.0,Appartement,32.0,1.0
1736815,03/01/2018,Vente,"85000,00",1.0,RUE,7040,PIERRET,51100.0,REIMS,51,454,AW,91,1,2.0,Appartement,55.0,3.0
1736822,23/01/2018,Vente en l'état futur d'achèvement,"125000,00",36.0,RUE,7580,ROGER SALENGRO,51100.0,REIMS,51,454,AX,43,1,2.0,Appartement,32.0,1.0
1736826,26/01/2018,Vente,"55000,00",11.0,PL,7016,PIERRE DE FERMAT,51100.0,REIMS,51,454,AE,285,2,2.0,Appartement,72.0,4.0
1736828,30/01/2018,Vente,"380000,00",86.0,RUE,0740,BELIN,51100.0,REIMS,51,454,AY,500,0,2.0,Appartement,30.0,1.0
1736829,30/01/2018,Vente,"380000,00",86.0,RUE,0740,BELIN,51100.0,REIMS,51,454,AY,500,0,2.0,Appartement,25.0,1.0
1736830,30/01/2018,Vente,"380000,00",86.0,RUE,0740,BELIN,51100.0,REIMS,51,454,AY,500,0,2.0,Appartement,40.0,2.0
1736831,30/01/2018,Vente,"380000,00",86.0,RUE,0740,BELIN,51100.0,REIMS,51,454,AY,500,0,2.0,Appartement,54.0,2.0
1736832,30/01/2018,Vente,"380000,00",86.0,RUE,0740,BELIN,51100.0,REIMS,51,454,AY,500,0,2.0,Appartement,27.0,1.0
1736833,30/01/2018,Vente,"380000,00",86.0,RUE,0740,BELIN,51100.0,REIMS,51,454,AY,500,0,2.0,Appartement,41.0,2.0
1736834,30/01/2018,Vente,"380000,00",86.0,RUE,0740,BELIN,51100.0,REIMS,51,454,AY,500,0,2.0,Appartement,74.0,2.0
1736835,19/01/2018,Vente,"47000,00",17.0,RUE,7015,PIERRE DE COUBERTIN,51100.0,REIMS,51,454,AE,110,2,2.0,Appartement,71.0,3.0
1736836,26/01/2018,Vente,"167000,00",35.0,RUE,7160,PONSARDIN,51100.0,REIMS,51,454,CK,119,2,2.0,Appartement,79.0,5.0
1736854,25/01/2018,Vente,"104000,00",26.0,BD,6750,PASTEUR,51100.0,REIMS,51,454,CY,123,2,2.0,Appartement,61.0,3.0
1736866,23/01/2018,Vente,"90000,00",21.0,AV,4455,HENRI FARMAN,51100.0,REIMS,51,454,DH,90,1,2.0,Appartement,17.0,1.0
1736867,23/01/2018,Vente,"90000,00",21.0,AV,4455,HENRI FARMAN,51100.0,REIMS,51,454,DH,90,1,2.0,Appartement,17.0,1.0
1736868,24/01/2018,Vente,"415000,00",11.0,RUE,0340,DE L ARBALETE,51100.0,REIMS,51,454,IL,78,3,2.0,Appartement,155.0,5.0
1736880,02/02/2018,Vente en l'état futur d'achèvement,"182900,00",,RUE,5891,MARCEL THIL,51100.0,REIMS,51,454,AV,1082,1,2.0,Appartement,46.0,2.0
1736881,02/02/2018,Vente en l'état futur d'achèvement,"175500,00",,RUE,5891,MARCEL THIL,51100.0,REIMS,51,454,AV,1091,1,2.0,Appartement,48.0,2.0
1736884,31/01/2018,Vente en l'état futur d'achèvement,"340000,00",43.0,RUE,8640,DE THILLOIS,51100.0,REIMS,51,454,IM,179,1,2.0,Appartement,73.0,3.0
1736886,31/01/2018,Vente,"140000,00",35.0,BD,2930,DOCTEUR HENRI HENROT,51100.0,REIMS,51,454,DM,663,2,2.0,Appartement,78.0,4.0
1736887,01/02/2018,Vente,"240231,00",2.0,RUE,3150,DE L ECU,51100.0,REIMS,51,454,CW,1,2,2.0,Appartement,78.0,3.0
1736895,16/01/2018,Vente,"459450,00",13.0,BD,5680,LUNDY,51100.0,REIMS,51,454,BE,41,2,2.0,Appartement,200.0,5.0
1736897,25/01/2018,Vente,"43000,00",31.0,RUE,5920,M CLEMENCE FOURIAUX,51100.0,REIMS,51,454,AT,296,1,2.0,Appartement,20.0,1.0
1736902,19/01/2018,Vente,"90500,00",83.0,AV,6730,DE PARIS,51100.0,REIMS,51,454,HX,3,2,2.0,Appartement,66.0,4.0
1736906,19/01/2018,Vente,"105000,00",80.0,RUE,6330,DES MOULINS,51100.0,REIMS,51,454,CY,617,2,2.0,Appartement,75.0,4.0
1736918,25/01/2018,Vente,"141000,00",271.0,AV,5300,DE LAON,51100.0,REIMS,51,454,AN,695,1,2.0,Appartement,65.0,3.0
1736919,17/01/2018,Vente,"92000,00",43.0,ESP,3590,FLECHAMBAULT,51100.0,REIMS,51,454,DM,631,2,2.0,Appartement,73.0,3.0
1736922,22/01/2018,Vente,"106000,00",42.0,RUE,1830,CHARLIER,51100.0,REIMS,51,454,BI,101,1,2.0,Appartement,43.0,2.0
1736924,30/01/2018,Vente,"64500,00",5.0,RUE,6330,DES MOULINS,51100.0,REIMS,51,454,DM,633,2,2.0,Appartement,30.0,1.0
1736929,25/01/2018,Vente,"121000,00",69.0,RUE,5891,MARCEL THIL,51100.0,REIMS,51,454,AV,761,2,2.0,Appartement,68.0,4.0
1736941,29/01/2018,Vente,"144000,00",11.0,AV,4900,JEAN JAURES,51100.0,REIMS,51,454,BH,264,1,2.0,Appartement,96.0,5.0
1736942,29/01/2018,Vente,"144000,00",11.0,AV,4900,JEAN JAURES,51100.0,REIMS,51,454,BH,264,1,2.0,Appartement,96.0,5.0
1736948,07/02/2018,Vente,"141000,00",20.0,BD,4760,JAMIN,51100.0,REIMS,51,454,BI,619,2,2.0,Appartement,70.0,3.0
1736960,16/01/2018,Vente,"135000,00",71.0,RUE,2290,COQUEBERT,51100.0,REIMS,51,454,BI,564,1,2.0,Appartement,40.0,2.0
1736962,12/02/2018,Vente,"65000,00",75.0,AV,4900,JEAN JAURES,51100.0,REIMS,51,454,BI,755,1,2.0,Appartement,23.0,1.0
1736973,15/01/2018,Vente,"139000,00",52.0,RUE,1550,CERES,51100.0,REIMS,51,454,CX,78,1,2.0,Appartement,66.0,3.0
1736978,05/02/2018,Vente,"105481,88",11.0,ESP,3590,FLECHAMBAULT,51100.0,REIMS,51,454,DM,636,2,2.0,Appartement,48.0,2.0
1736980,01/02/2018,Vente,"55000,00",24.0,RUE,3850,GAMBETTA,51100.0,REIMS,51,454,IK,1397,1,2.0,Appartement,20.0,1.0
1736981,01/02/2018,Vente,"73000,00",93.0,RUE,3850,GAMBETTA,51100.0,REIMS,51,454,CY,631,1,2.0,Appartement,26.0,1.0
1736983,02/02/2018,Vente,"96600,00",28.0,RUE,7190,DE PONTGIVART,51100.0,REIMS,51,454,AY,412,2,2.0,Appartement,59.0,2.0
1736984,02/02/2018,Vente,"88200,00",2.0,ALL,3165,EDOUARD DEKETELAERE,51100.0,REIMS,51,454,AN,668,1,2.0,Appartement,56.0,3.0
1737005,26/01/2018,Vente,"122800,00",1.0,RUE,8290,16E ET 22E DRAGONS,51100.0,REIMS,51,454,CK,17,1,2.0,Appartement,58.0,2.0
1737006,18/01/2018,Vente,"170000,00",48.0,RUE,7710,RUINART DE BRIMONT,51100.0,REIMS,51,454,CW,156,1,2.0,Appartement,82.0,4.0
1737015,30/01/2018,Vente,"47000,00",22.0,RUE,0740,BELIN,51100.0,REIMS,51,454,AX,276,1,2.0,Appartement,26.0,1.0
1737019,02/02/2018,Vente en l'état futur d'achèvement,"166200,00",32.0,RUE,8270,DE SEBASTOPOL,51100.0,REIMS,51,454,BK,356,1,2.0,Appartement,44.0,2.0
1737035,26/01/2018,Vente,"160000,00",1.0,PAS,8440,SUBE,51100.0,REIMS,51,454,IL,194,1,2.0,Appartement,60.0,3.0
1737037,17/01/2018,Vente,"195255,00",3.0,AV,4010,GEORGES CLEMENCEAU,51100.0,REIMS,51,454,CK,28,2,2.0,Appartement,83.0,3.0
1737067,26/01/2018,Vente en l'état futur d'achèvement,"561500,00",21.0,RUE,4540,HENRI IV,51100.0,REIMS,51,454,IL,3,2,2.0,Appartement,115.0,4.0
1737072,07/02/2018,Vente,"112000,00",10.0,RUE,2040,DU CLOITRE,51100.0,REIMS,51,454,CX,34,1,2.0,Appartement,41.0,2.0
1737084,29/01/2018,Vente,"135000,00",4.0,RUE,0845,BERTRAND DE MUN,51100.0,REIMS,51,454,CN,573,2,2.0,Appartement,76.0,3.0
1737087,13/02/2018,Vente,"102000,00",8.0,AV,3455,DE L EUROPE,51100.0,REIMS,51,454,CM,118,2,2.0,Appartement,76.0,3.0
1737088,24/01/2018,Vente,"49000,00",12.0,BD,2830,DIEU LUMIERE,51100.0,REIMS,51,454,DK,269,2,2.0,Appartement,30.0,1.0
1737089,24/01/2018,Vente,"85000,00",179.0,AV,4900,JEAN JAURES,51100.0,REIMS,51,454,BK,461,2,2.0,Appartement,78.0,4.0
1737090,13/02/2018,Vente,"167500,00",4.0,RUE,1610,CESAR POULAIN,51100.0,REIMS,51,454,CW,555,3,2.0,Appartement,68.0,2.0
1737094,30/01/2018,Vente,"125000,00",107.0,RUE,9040,DE VESLE,51100.0,REIMS,51,454,IK,1425,1,2.0,Appartement,46.0,2.0
1737110,29/01/2018,Vente,"145900,00",9.0,BD,2830,DIEU LUMIERE,51100.0,REIMS,51,454,DM,638,2,2.0,Appartement,81.0,4.0
1737111,25/01/2018,Vente,"73000,00",112.0,RUE,0600,DU BARBATRE,51100.0,REIMS,51,454,CZ,387,1,2.0,Appartement,27.0,1.0
1737114,26/01/2018,Vente,"42500,00",61.0,RUE,2560,CROIX ST MARC,51100.0,REIMS,51,454,CV,377,1,2.0,Appartement,24.0,1.0
1737143,05/02/2018,Vente,"140000,00",2.0,RUE,4730,DES JACOBINS,51100.0,REIMS,51,454,IK,95,2,2.0,Appartement,61.0,2.0
1737144,06/02/2018,Vente en l'état futur d'achèvement,"157500,00",29.0,RUE,0150,D ALGER,51100.0,REIMS,51,454,CR,61,1,2.0,Appartement,63.0,3.0
1737146,23/01/2018,Vente,"86500,00",249.0,RUE,2440,DE COURLANCY,51100.0,REIMS,51,454,DN,217,2,2.0,Appartement,82.0,5.0
1737147,06/02/2018,Vente en l'état futur d'achèvement,"201500,00",29.0,RUE,0150,D ALGER,51100.0,REIMS,51,454,CR,61,1,2.0,Appartement,84.0,4.0
1737150,06/02/2018,Vente en l'état futur d'achèvement,"160000,00",29.0,RUE,0150,D ALGER,51100.0,REIMS,51,454,CR,61,1,2.0,Appartement,63.0,3.0
1737154,23/01/2018,Vente,"121500,00",28.0,RUE,1390,DES CAPUCINS,51100.0,REIMS,51,454,IK,878,2,2.0,Appartement,49.0,2.0
1737164,29/01/2018,Vente,"44000,00",35.0,RUE,6010,MARTIN PELLER,51100.0,REIMS,51,454,HX,545,2,2.0,Appartement,30.0,1.0
1737166,08/02/2018,Vente,"76300,00",31.0,RUE,2560,CROIX ST MARC,51100.0,REIMS,51,454,CV,387,1,2.0,Appartement,60.0,2.0
1737168,08/02/2018,Vente,"62000,00",20.0,RUE,8270,DE SEBASTOPOL,51100.0,REIMS,51,454,BK,350,1,2.0,Appartement,34.0,1.0
1737193,14/02/2018,Vente,"45000,00",106.0,RUE,3850,GAMBETTA,51100.0,REIMS,51,454,CY,341,1,2.0,Appartement,22.0,1.0
1737195,13/02/2018,Vente,"85000,00",13.0,RUE,7090,PLUMET FOLLIART,51100.0,REIMS,51,454,AV,858,1,2.0,Appartement,42.0,2.0
1737201,12/02/2018,Vente,"210000,00",25.0,AV,4900,JEAN JAURES,51100.0,REIMS,51,454,BH,247,4,2.0,Appartement,84.0,4.0
1737202,31/01/2018,Vente,"80500,00",1.0,RUE,4000,GEORGES CHARBONNEAUX,51100.0,REIMS,51,454,AY,34,2,2.0,Appartement,41.0,2.0
1737203,07/02/2018,Vente,"127500,00",49.0,RUE,5460,LESAGE,51100.0,REIMS,51,454,AW,299,4,2.0,Appartement,58.0,3.0
1737205,12/02/2018,Vente,"44000,00",21.0,AV,4455,HENRI FARMAN,51100.0,REIMS,51,454,DH,90,1,2.0,Appartement,17.0,1.0
1737218,12/02/2018,Vente,"44000,00",21.0,AV,4455,HENRI FARMAN,51100.0,REIMS,51,454,DH,90,1,2.0,Appartement,17.0,1.0
1737219,30/01/2018,Vente,"70000,00",11.0,RUE,6210,DES MOISSONS,51100.0,REIMS,51,454,CW,637,1,2.0,Appartement,33.0,1.0
1737223,17/02/2018,Vente,"84000,00",25.0,RUE,8560,DES TELLIERS,51100.0,REIMS,51,454,IL,307,1,2.0,Appartement,32.0,1.0
1737226,05/02/2018,Vente,"285000,00",7.0,RUE,7100,DES POISSONNIERS,51100.0,REIMS,51,454,IM,230,2,2.0,Appartement,34.0,2.0
1737227,05/02/2018,Vente,"285000,00",7.0,RUE,7100,DES POISSONNIERS,51100.0,REIMS,51,454,IM,230,1,2.0,Appartement,34.0,2.0
1737229,24/01/2018,Vente en l'état futur d'achèvement,"176500,00",51.0,RUE,0600,DU BARBATRE,51100.0,REIMS,51,454,CY,749,1,2.0,Appartement,45.0,2.0
1737233,31/01/2018,Vente en l'état futur d'achèvement,"142000,00",215.0,RUE,6470,DE NEUFCHATEL,51100.0,REIMS,51,454,AH,79,1,2.0,Appartement,66.0,3.0
1737236,29/01/2018,Vente,"140000,00",8.0,RUE,8320,DE SILLERY,51100.0,REIMS,51,454,CI,146,1,2.0,Appartement,66.0,3.0
1737239,20/02/2018,Echange,"130000,00",2.0,RUE,7790,DE ST BRICE,51100.0,REIMS,51,454,AT,135,1,2.0,Appartement,68.0,3.0
1737243,10/02/2018,Vente,"106760,00",18.0,RUE,7710,RUINART DE BRIMONT,51100.0,REIMS,51,454,CW,636,1,2.0,Appartement,62.0,2.0
1737244,09/02/2018,Vente,"50000,00",9.0,RUE,1056,DES BONS MALADES,51100.0,REIMS,51,454,IO,369,1,2.0,Appartement,26.0,1.0
1737249,05/02/2018,Vente,"71500,00",154.0,RUE,6830,P VAILLANT COUTURIER,51100.0,REIMS,51,454,AN,168,1,2.0,Appartement,28.0,1.0
1737251,30/01/2018,Vente,"148500,00",35.0,BD,6690,DE LA PAIX,51100.0,REIMS,51,454,CK,319,1,2.0,Appartement,63.0,3.0
1737253,09/02/2018,Vente,"87000,00",36.0,RUE,2430,DE COURCELLES,51100.0,REIMS,51,454,AR,331,3,2.0,Appartement,35.0,2.0
1737255,31/01/2018,Vente,"261350,00",50.0,RUE,6830,P VAILLANT COUTURIER,51100.0,REIMS,51,454,AV,775,1,2.0,Appartement,95.0,4.0
1737258,05/02/2018,Vente,"56000,00",9.0,RUE,2570,CROUTELLE,51100.0,REIMS,51,454,AV,159,1,2.0,Appartement,55.0,2.0
1737262,14/02/2018,Vente en l'état futur d'achèvement,"330000,00",90.0,RUE,7160,PONSARDIN,51100.0,REIMS,51,454,CY,755,1,2.0,Appartement,84.0,4.0
1737269,24/01/2018,Vente,"158000,00",10.0,RUE,1020,BONHOMME,51100.0,REIMS,51,454,BE,88,2,2.0,Appartement,65.0,3.0
1737271,15/02/2018,Vente en l'état futur d'achèvement,"187000,00",49.0,BD,2650,DAUPHINOT,51100.0,REIMS,51,454,CT,610,1,2.0,Appartement,68.0,3.0
1737275,31/01/2018,Vente,"306700,00",25.0,RUE,3850,GAMBETTA,51100.0,REIMS,51,454,CY,16,2,2.0,Appartement,95.0,4.0
1737277,06/02/2018,Vente,"168700,00",1.0,RUE,7070,DU PISTOLET,51100.0,REIMS,51,454,DM,632,2,2.0,Appartement,70.0,4.0
1737286,15/02/2018,Vente en l'état futur d'achèvement,"204000,00",412.0,AV,5300,DE LAON,51100.0,REIMS,51,454,AE,142,1,2.0,Appartement,82.0,4.0
1737290,09/02/2018,Vente,"48000,00",4.0,RUE,1250,DE BRIMONTEL,51100.0,REIMS,51,454,AY,153,3,2.0,Appartement,34.0,2.0
1737294,13/02/2018,Vente,"202500,00",80.0,RUE,1740,CHANZY,51100.0,REIMS,51,454,IK,120,2,2.0,Appartement,75.0,3.0
1737295,12/02/2018,Vente,"400000,00",10.0,RUE,7080,PLUCHE,51100.0,REIMS,51,454,BE,158,4,2.0,Appartement,410.0,9.0
1737300,16/02/2018,Vente,"46000,00",26.0,RUE,7030,PIERRE VARIN,51100.0,REIMS,51,454,CV,271,1,2.0,Appartement,21.0,1.0
1737301,09/02/2018,Vente,"144000,00",18.0,RUE,1860,DU CHATELET,51100.0,REIMS,51,454,DM,458,2,2.0,Appartement,81.0,4.0
1737311,25/01/2018,Vente,"466000,00",4.0,RUE,5840,MALDAN,51100.0,REIMS,51,454,AR,249,0,2.0,Appartement,36.0,2.0
1737312,25/01/2018,Vente,"466000,00",4.0,RUE,5840,MALDAN,51100.0,REIMS,51,454,AR,249,0,2.0,Appartement,33.0,2.0
1737313,25/01/2018,Vente,"466000,00",4.0,RUE,5840,MALDAN,51100.0,REIMS,51,454,AR,249,0,2.0,Appartement,60.0,2.0
1737314,25/01/2018,Vente,"466000,00",4.0,RUE,5840,MALDAN,51100.0,REIMS,51,454,AR,249,0,2.0,Appartement,33.0,2.0
1737315,25/01/2018,Vente,"466000,00",4.0,RUE,5840,MALDAN,51100.0,REIMS,51,454,AR,249,0,2.0,Appartement,33.0,2.0
1737316,25/01/2018,Vente,"466000,00",4.0,RUE,5840,MALDAN,51100.0,REIMS,51,454,AR,249,0,2.0,Appartement,33.0,2.0
1737319,07/02/2018,Vente,"81000,00",20.0,RUE,6660,D ORMESSON,51100.0,REIMS,51,454,BH,117,2,2.0,Appartement,44.0,2.0
1737332,09/02/2018,Vente,"460000,00",9.0,RUE,5250,LAGRIVE,51100.0,REIMS,51,454,CK,65,2,2.0,Appartement,180.0,7.0
1737341,25/01/2018,Vente,"60000,00",84.0,RUE,3280,EMILE ZOLA,51100.0,REIMS,51,454,AW,23,1,2.0,Appartement,33.0,1.0
1737343,16/02/2018,Vente,"60800,00",8.0,RUE,0105,ALFRED DE MUSSET,51100.0,REIMS,51,454,AD,830,2,2.0,Appartement,34.0,1.0
1737346,14/02/2018,Vente,"99000,00",3.0,CHS,7970,SAINT MARTIN,51100.0,REIMS,51,454,DN,587,1,2.0,Appartement,71.0,3.0
1737348,16/02/2018,Vente,"60000,00",19.0,RUE,5920,M CLEMENCE FOURIAUX,51100.0,REIMS,51,454,AT,85,2,2.0,Appartement,32.0,2.0
1737349,02/02/2018,Vente,"121600,00",27.0,BD,6690,DE LA PAIX,51100.0,REIMS,51,454,CK,128,2,2.0,Appartement,115.0,5.0
1737354,09/02/2018,Vente,"125000,00",27.0,BD,6690,DE LA PAIX,51100.0,REIMS,51,454,CK,128,2,2.0,Appartement,69.0,3.0
1737356,14/02/2018,Vente,"92000,00",16.0,RUE,0270,ANDRIEUX,51100.0,REIMS,51,454,BE,38,2,2.0,Appartement,37.0,1.0
1737363,31/01/2018,Vente,"114000,00",13.0,BD,6790,PAUL DOUMER,51100.0,REIMS,51,454,HZ,22,1,2.0,Appartement,20.0,1.0
1737364,31/01/2018,Vente,"114000,00",13.0,BD,6790,PAUL DOUMER,51100.0,REIMS,51,454,HZ,22,1,2.0,Appartement,17.0,1.0
1737365,21/02/2018,Vente,"198100,00",1.0,RUE,1100,BOUDET,51100.0,REIMS,51,454,AX,689,0,2.0,Appartement,60.0,3.0
1737366,21/02/2018,Vente,"198100,00",1.0,RUE,1100,BOUDET,51100.0,REIMS,51,454,AX,689,0,2.0,Appartement,19.0,1.0
1737367,21/02/2018,Vente,"198100,00",1.0,RUE,1100,BOUDET,51100.0,REIMS,51,454,AX,689,0,2.0,Appartement,15.0,1.0
1737368,21/02/2018,Vente,"198100,00",1.0,RUE,1100,BOUDET,51100.0,REIMS,51,454,AX,689,0,2.0,Appartement,17.0,1.0
1737369,21/02/2018,Vente,"198100,00",1.0,RUE,1100,BOUDET,51100.0,REIMS,51,454,AX,689,0,2.0,Appartement,29.0,1.0
1737371,22/02/2018,Vente,"105000,00",42.0,RUE,3850,GAMBETTA,51100.0,REIMS,51,454,IK,171,2,2.0,Appartement,65.0,3.0
1737376,16/02/2018,Vente,"101030,00",8.0,RUE,5460,LESAGE,51100.0,REIMS,51,454,AW,245,2,2.0,Appartement,39.0,2.0
1737383,31/01/2018,Vente,"70000,00",15.0,RUE,5940,MARLOT,51100.0,REIMS,51,454,IK,534,1,2.0,Appartement,25.0,1.0
1737388,14/02/2018,Vente,"279500,00",23.0,CRS,4850,J B LANGLET,51100.0,REIMS,51,454,IL,260,1,2.0,Appartement,98.0,3.0
1737397,16/02/2018,Vente,"134100,00",21.0,RUE,3020,DORIGNY,51100.0,REIMS,51,454,BI,602,1,2.0,Appartement,29.0,2.0
1737398,16/02/2018,Vente,"134100,00",21.0,RUE,3020,DORIGNY,51100.0,REIMS,51,454,BI,602,1,2.0,Appartement,28.0,2.0
1737407,15/02/2018,Vente,"110000,00",6.0,RUE,2985,DU DR RENE JACQUINET,51100.0,REIMS,51,454,CZ,58,1,2.0,Appartement,49.0,2.0
1737411,15/02/2018,Vente,"126000,00",1.0,ESP,7433,REMI PELLOT,51100.0,REIMS,51,454,AN,169,1,2.0,Appartement,72.0,3.0
1737415,08/02/2018,Vente,"94500,00",3.0,RUE,5940,MARLOT,51100.0,REIMS,51,454,IK,548,1,2.0,Appartement,31.0,1.0
1737422,15/02/2018,Vente,"133500,00",22.0,RUE,2170,DU COLONEL FABIEN,51100.0,REIMS,51,454,IO,168,2,2.0,Appartement,88.0,4.0
1737424,16/02/2018,Vente,"111900,00",6.0,RUE,3100,DE L ECAILLE,51100.0,REIMS,51,454,DM,629,2,2.0,Appartement,53.0,2.0
1737433,03/01/2018,Vente,"72000,00",47.0,RUE,8640,DE THILLOIS,51100.0,REIMS,51,454,IM,178,1,2.0,Appartement,35.0,1.0
1737434,05/02/2018,Vente en l'état futur d'achèvement,"124000,00",13.0,ALL,5425,LEON MICHAUD,51100.0,REIMS,51,454,CL,6,1,2.0,Appartement,43.0,2.0
1737444,13/02/2018,Vente,"108000,00",2.0,RUE,4150,GOSSET,51100.0,REIMS,51,454,BD,99,1,2.0,Appartement,69.0,3.0
1737445,09/02/2018,Vente,"90000,00",14.0,BD,4550,HENRY VASNIER,51100.0,REIMS,51,454,CZ,11,2,2.0,Appartement,62.0,3.0
1737452,15/02/2018,Vente,"63000,00",22.0,RUE,9090,VICTOR ROGELET,51100.0,REIMS,51,454,AW,194,1,2.0,Appartement,39.0,2.0
1737461,15/02/2018,Vente,"158500,00",7.0,RUE,0845,BERTRAND DE MUN,51100.0,REIMS,51,454,CM,116,2,2.0,Appartement,90.0,4.0
1737470,30/01/2018,Vente,"370500,00",20.0,RUE,3190,EDOUARD VAILLANT,51100.0,REIMS,51,454,CK,94,2,2.0,Appartement,113.0,3.0
1737473,30/01/2018,Vente,"108500,00",70.0,AV,6730,DE PARIS,51100.0,REIMS,51,454,IO,364,1,2.0,Appartement,34.0,1.0
1737474,30/01/2018,Vente,"108500,00",70.0,AV,6730,DE PARIS,51100.0,REIMS,51,454,IO,364,1,2.0,Appartement,24.0,1.0
1737484,23/02/2018,Vente,"192000,00",61.0,BD,3950,DU GENERAL LECLERC,51100.0,REIMS,51,454,IM,338,2,2.0,Appartement,80.0,4.0
1737488,16/02/2018,Vente,"255000,00",166.0,RUE,7160,PONSARDIN,51100.0,REIMS,51,454,CZ,605,2,2.0,Appartement,107.0,5.0
1737496,21/02/2018,Vente,"410000,00",54.0,RUE,5460,LESAGE,51100.0,REIMS,51,454,AY,182,1,2.0,Appartement,150.0,7.0
1737505,31/01/2018,Vente,"290000,00",76.0,BD,5680,LUNDY,51100.0,REIMS,51,454,BE,1,2,2.0,Appartement,99.0,4.0
1737507,16/02/2018,Vente en l'état futur d'achèvement,"155296,00",36.0,RUE,7580,ROGER SALENGRO,51100.0,REIMS,51,454,AX,43,1,2.0,Appartement,40.0,2.0
1737510,21/02/2018,Vente,"280000,00",19.0,RUE,1320,BURIDAN,51100.0,REIMS,51,454,DV,500,0,2.0,Appartement,58.0,3.0
1737511,21/02/2018,Vente,"280000,00",19.0,RUE,1320,BURIDAN,51100.0,REIMS,51,454,DV,500,0,2.0,Appartement,40.0,2.0
1737512,21/02/2018,Vente,"280000,00",19.0,RUE,1320,BURIDAN,51100.0,REIMS,51,454,DV,500,0,2.0,Appartement,38.0,2.0
1737513,21/02/2018,Vente,"280000,00",19.0,RUE,1320,BURIDAN,51100.0,REIMS,51,454,DV,500,0,2.0,Appartement,46.0,2.0
1737514,15/02/2018,Vente,"165000,00",6.0,AV,4900,JEAN JAURES,51100.0,REIMS,51,454,CW,51,1,2.0,Appartement,54.0,3.0
1737520,20/02/2018,Vente,"490000,00",40.0,RUE,7710,RUINART DE BRIMONT,51100.0,REIMS,51,454,CW,113,0,2.0,Appartement,79.0,4.0
1737530,20/02/2018,Vente,"60000,00",35.0,BD,6690,DE LA PAIX,51100.0,REIMS,51,454,CK,319,1,2.0,Appartement,21.0,1.0
1737537,14/02/2018,Vente,"106000,00",21.0,RUE,6890,PERSEVAL,51100.0,REIMS,51,454,CW,148,2,2.0,Appartement,47.0,2.0
1737547,21/02/2018,Vente,"92100,00",20.0,BD,6750,PASTEUR,51100.0,REIMS,51,454,CY,627,1,2.0,Appartement,14.0,1.0
1737548,21/02/2018,Vente,"92100,00",20.0,BD,6750,PASTEUR,51100.0,REIMS,51,454,CY,627,1,2.0,Appartement,14.0,1.0
1737550,19/02/2018,Vente,"70000,00",26.0,RUE,8430,DE STRASBOURG,51100.0,REIMS,51,454,CV,950,2,2.0,Appartement,41.0,3.0
1737555,16/02/2018,Vente,"55000,00",6.0,RUE,4070,GERUZEZ,51100.0,REIMS,51,454,AV,454,2,2.0,Appartement,42.0,2.0
1737560,22/02/2018,Vente,"134400,00",16.0,RUE,1920,DE CHEVIGNE,51100.0,REIMS,51,454,CW,608,1,2.0,Appartement,45.0,2.0
1737579,23/02/2018,Vente,"139100,00",32.0,RUE,6010,MARTIN PELLER,51100.0,REIMS,51,454,HX,57,1,2.0,Appartement,60.0,3.0
1737581,19/02/2018,Vente,"185000,00",8.0,RUE,6760,PAUL ADAM,51100.0,REIMS,51,454,IK,227,2,2.0,Appartement,70.0,3.0
1737582,23/02/2018,Vente,"115000,00",38.0,RUE,8980,VERNOUILLET,51100.0,REIMS,51,454,AT,237,2,2.0,Appartement,83.0,4.0
1737585,22/02/2018,Vente,"74000,00",96.0,AV,3320,D EPERNAY,51100.0,REIMS,51,454,HW,387,1,2.0,Appartement,105.0,5.0
1737602,14/02/2018,Vente,"128000,00",19.0,RUE,1620,CHABAUD,51100.0,REIMS,51,454,IK,835,3,2.0,Appartement,54.0,4.0
1737611,28/02/2018,Vente,"63000,00",27.0,RUE,1723,CHANOINE RENE CAMUS,51100.0,REIMS,51,454,KO,32,1,2.0,Appartement,26.0,1.0
1737613,16/02/2018,Vente,"155000,00",28.0,RUE,4050,GERBERT,51100.0,REIMS,51,454,CY,693,1,2.0,Appartement,60.0,3.0
1737615,23/02/2018,Vente,"70000,00",26.0,RUE,8430,DE STRASBOURG,51100.0,REIMS,51,454,CV,950,1,2.0,Appartement,43.0,2.0
1737616,21/02/2018,Vente,"145500,00",1.0,RUE,0010,ABBE DE L EPEE,51100.0,REIMS,51,454,IK,288,2,2.0,Appartement,82.0,3.0
1737618,21/02/2018,Vente,"100000,00",7.0,RUE,1500,DU CARROUGE,51100.0,REIMS,51,454,IL,288,2,2.0,Appartement,28.0,2.0
1737620,14/02/2018,Vente,"297000,00",4.0,RUE,1280,BRULEE,51100.0,REIMS,51,454,IK,576,2,2.0,Appartement,109.0,3.0
1737622,21/02/2018,Vente en l'état futur d'achèvement,"178000,00",,RUE,5891,MARCEL THIL,51100.0,REIMS,51,454,AV,1091,1,2.0,Appartement,48.0,2.0
1737627,28/02/2018,Vente,"53000,00",2.0,BD,1510,CARTERET,51100.0,REIMS,51,454,CW,303,2,2.0,Appartement,25.0,1.0
1737628,02/03/2018,Vente,"184000,00",2.0,RUE,7060,PIPER,51100.0,REIMS,51,454,CW,706,1,2.0,Appartement,99.0,1.0
1737630,22/02/2018,Vente,"116000,00",6.0,RUE,6400,DE NANTEUIL,51100.0,REIMS,51,454,BE,109,1,2.0,Appartement,39.0,1.0
1737634,23/02/2018,Vente,"126000,00",3.0,ESP,7433,REMI PELLOT,51100.0,REIMS,51,454,AN,169,1,2.0,Appartement,72.0,3.0
1737642,26/02/2018,Vente,"95000,00",32.0,ESP,3590,FLECHAMBAULT,51100.0,REIMS,51,454,DM,631,2,2.0,Appartement,73.0,3.0
1737653,26/02/2018,Vente,"133500,00",2.0,RUE,0815,BERGSON,51100.0,REIMS,51,454,HV,978,2,2.0,Appartement,76.0,4.0
1737665,16/02/2018,Vente,"57000,00",28.0,RUE,6720,DE PARGNY,51100.0,REIMS,51,454,HW,373,1,2.0,Appartement,29.0,1.0
1737669,15/02/2018,Vente,"89200,00",2.0,RUE,5750,DE MACON,51100.0,REIMS,51,454,CX,163,2,2.0,Appartement,34.0,1.0
1737671,23/02/2018,Vente,"158000,00",1.0,AV,7295,DU PRESIDENT KENNEDY,51100.0,REIMS,51,454,KN,16,2,2.0,Appartement,116.0,5.0
1737674,16/02/2018,Vente,"250000,00",51.0,RUE,5650,DE LOUVOIS,51100.0,REIMS,51,454,DV,726,1,2.0,Appartement,94.0,4.0
1737683,07/02/2018,Vente en l'état futur d'achèvement,"280000,00",14.0,BD,6690,DE LA PAIX,51100.0,REIMS,51,454,CX,534,1,2.0,Appartement,76.0,4.0
1737684,01/03/2018,Vente,"122500,00",11.0,RUE,5260,LAMOUCHE,51100.0,REIMS,51,454,AV,887,1,2.0,Appartement,50.0,2.0
1737686,06/03/2018,Vente,"125000,00",162.0,AV,4900,JEAN JAURES,51100.0,REIMS,51,454,CV,991,1,2.0,Appartement,59.0,3.0
1737689,16/02/2018,Vente,"75000,00",27.0,BD,6690,DE LA PAIX,51100.0,REIMS,51,454,CK,128,2,2.0,Appartement,42.0,1.0
1737692,27/02/2018,Vente,"190000,00",11.0,RUE,1420,DU CARDINAL GOUSSET,51100.0,REIMS,51,454,BH,540,1,2.0,Appartement,75.0,3.0
1737695,27/02/2018,Vente,"75000,00",22.0,RUE,1710,DE CHAMPIGNY,51100.0,REIMS,51,454,AR,297,0,2.0,Appartement,56.0,2.0
1737697,27/02/2018,Vente,"75000,00",22.0,RUE,1710,DE CHAMPIGNY,51100.0,REIMS,51,454,AR,297,0,2.0,Appartement,56.0,2.0
1737698,27/02/2018,Vente,"130000,00",13.0,RUE,4120,GOIOT,51100.0,REIMS,51,454,CZ,607,2,2.0,Appartement,82.0,4.0
1737703,16/02/2018,Vente,"88000,00",13.0,RUE,1620,CHABAUD,51100.0,REIMS,51,454,IK,832,1,2.0,Appartement,43.0,2.0
1737706,26/02/2018,Vente,"122000,00",46.0,AV,3320,D EPERNAY,51100.0,REIMS,51,454,HW,56,1,2.0,Appartement,100.0,5.0
1737707,26/02/2018,Vente,"73790,00",19.0,RUE,8950,DE VENISE,51100.0,REIMS,51,454,CY,325,1,2.0,Appartement,41.0,2.0
1737709,23/02/2018,Vente,"204000,00",10.0,RUE,2280,DE CONTRAI,51100.0,REIMS,51,454,CY,565,2,2.0,Appartement,69.0,3.0
1737720,16/02/2018,Vente,"90000,00",96.0,AV,3320,D EPERNAY,51100.0,REIMS,51,454,HW,387,2,2.0,Appartement,37.0,1.0
1737722,27/02/2018,Vente,"85000,00",2.0,RUE,5750,DE MACON,51100.0,REIMS,51,454,CX,163,2,2.0,Appartement,28.0,2.0
1737725,23/02/2018,Vente,"65000,00",11.0,RUE,6210,DES MOISSONS,51100.0,REIMS,51,454,CW,637,1,2.0,Appartement,23.0,1.0
1737727,08/03/2018,Vente,"150000,00",30.0,RUE,0470,DES AUGUSTINS,51100.0,REIMS,51,454,CK,117,3,2.0,Appartement,75.0,3.0
1737730,21/02/2018,Vente,"335000,00",17.0,BD,6690,DE LA PAIX,51100.0,REIMS,51,454,CK,121,0,2.0,Appartement,20.0,1.0
1737732,21/02/2018,Vente,"335000,00",17.0,BD,6690,DE LA PAIX,51100.0,REIMS,51,454,CK,121,0,2.0,Appartement,19.0,1.0
1737733,21/02/2018,Vente,"335000,00",17.0,BD,6690,DE LA PAIX,51100.0,REIMS,51,454,CK,121,0,2.0,Appartement,9.0,1.0
1737735,21/02/2018,Vente,"335000,00",17.0,BD,6690,DE LA PAIX,51100.0,REIMS,51,454,CK,121,0,2.0,Appartement,17.0,1.0
1737736,21/02/2018,Vente,"335000,00",17.0,BD,6690,DE LA PAIX,51100.0,REIMS,51,454,CK,121,0,2.0,Appartement,17.0,1.0
1737737,21/02/2018,Vente,"335000,00",17.0,BD,6690,DE LA PAIX,51100.0,REIMS,51,454,CK,121,0,2.0,Appartement,10.0,1.0
1737738,21/02/2018,Vente,"335000,00",17.0,BD,6690,DE LA PAIX,51100.0,REIMS,51,454,CK,121,0,2.0,Appartement,8.0,1.0
1737744,21/02/2018,Vente,"118000,00",68.0,RUE,3500,FAVART D HERBIGNY,51100.0,REIMS,51,454,CV,887,1,2.0,Appartement,57.0,3.0
1737745,02/03/2018,Vente,"55000,00",19.0,RUE,3000,DOCTEUR THOMAS,51100.0,REIMS,51,454,AW,385,1,2.0,Appartement,38.0,1.0
1737757,14/02/2018,Vente,"55000,00",36.0,RUE,2080,CLOVIS CHEZEL,51100.0,REIMS,51,454,DN,549,1,2.0,Appartement,29.0,1.0
1737758,22/02/2018,Vente,"148000,00",10.0,RUE,6910,DU PETIT ARSENAL,51100.0,REIMS,51,454,BE,79,1,2.0,Appartement,47.0,2.0
1737760,27/02/2018,Vente,"45000,00",26.0,RUE,3360,ERNEST RENAN,51100.0,REIMS,51,454,AR,483,2,2.0,Appartement,29.0,1.0
1737763,23/02/2018,Vente,"177000,00",10.0,RUE,6910,DU PETIT ARSENAL,51100.0,REIMS,51,454,BE,79,1,2.0,Appartement,72.0,3.0
1737764,26/02/2018,Vente,"150450,00",3.0,RUE,8720,TOURNEBONNEAU,51100.0,REIMS,51,454,DM,628,1,2.0,Appartement,73.0,4.0
1737776,23/02/2018,Vente,"175400,00",10.0,RUE,6910,DU PETIT ARSENAL,51100.0,REIMS,51,454,BE,79,1,2.0,Appartement,18.0,1.0
1737777,23/02/2018,Vente,"175400,00",10.0,RUE,6910,DU PETIT ARSENAL,51100.0,REIMS,51,454,BE,79,1,2.0,Appartement,36.0,1.0
1737785,01/03/2018,Vente,"125000,00",21.0,AV,3320,D EPERNAY,51100.0,REIMS,51,454,DP,460,2,2.0,Appartement,90.0,4.0
1737788,19/02/2018,Vente,"59300,00",5.0,RUE,0108,ALFRED DE VIGNY,51100.0,REIMS,51,454,AD,831,2,2.0,Appartement,81.0,4.0
1737807,22/02/2018,Vente,"119000,00",3.0,BD,9070,VICTOR HUGO,51100.0,REIMS,51,454,CZ,607,1,2.0,Appartement,65.0,3.0
1737809,22/02/2018,Vente en l'état futur d'achèvement,"165800,00",51.0,RUE,0600,DU BARBATRE,51100.0,REIMS,51,454,CY,749,1,2.0,Appartement,45.0,2.0
1737838,28/02/2018,Vente,"58000,00",2.0,RUE,1720,DU CHANOINE LALLEMENT,51100.0,REIMS,51,454,DT,175,2,2.0,Appartement,36.0,1.0
1737846,16/02/2018,Vente,"115000,00",27.0,RUE,1710,DE CHAMPIGNY,51100.0,REIMS,51,454,AR,302,2,2.0,Appartement,50.0,3.0
1737855,01/03/2018,Vente,"154150,00",6.0,AV,3455,DE L EUROPE,51100.0,REIMS,51,454,CM,118,2,2.0,Appartement,107.0,5.0
1737858,23/02/2018,Vente,"149000,00",5.0,RUE,4867,JEAN DE LA BRUYERE,51100.0,REIMS,51,454,EX,121,1,2.0,Appartement,82.0,4.0
1737859,09/03/2018,Vente,"72000,00",7.0,RUE,4100,DES GOBELINS,51100.0,REIMS,51,454,CV,979,3,2.0,Appartement,40.0,2.0
1737862,23/02/2018,Vente,"179000,00",30.0,RUE,4034,GERARD DE NERVAL,51100.0,REIMS,51,454,EX,121,1,2.0,Appartement,115.0,6.0
1737874,27/02/2018,Vente,"52000,00",17.0,PL,8711,TOULOUSE LAUTREC,51100.0,REIMS,51,454,KR,30,1,2.0,Appartement,30.0,1.0
1737878,27/02/2018,Vente,"170000,00",62.0,RUE,3990,GEORGES BOUSSINESQ,51100.0,REIMS,51,454,CL,35,2,2.0,Appartement,87.0,4.0
1737884,28/02/2018,Vente,"105000,00",37.0,RUE,4160,DE LA GOULETTE,51100.0,REIMS,51,454,BL,624,1,2.0,Appartement,74.0,3.0
1737886,28/02/2018,Vente,"408000,00",7.0,RUE,1390,DES CAPUCINS,51100.0,REIMS,51,454,IK,1357,3,2.0,Appartement,135.0,7.0
1737889,28/02/2018,Vente,"77000,00",47.0,BD,2930,DOCTEUR HENRI HENROT,51100.0,REIMS,51,454,DM,383,2,2.0,Appartement,36.0,1.0
1737891,27/02/2018,Vente en l'état futur d'achèvement,"154000,00",40.0,RUE,7790,DE ST BRICE,51100.0,REIMS,51,454,AT,247,1,2.0,Appartement,42.0,2.0
1737896,15/02/2018,Vente,"65000,00",5.0,RUE,6050,MARYSE BASTIE,51100.0,REIMS,51,454,BC,23,2,2.0,Appartement,66.0,4.0
1737902,20/02/2018,Vente,"730000,00",2.0,BD,5010,JOFFRE,51100.0,REIMS,51,454,AT,124,0,2.0,Appartement,76.0,4.0
1737904,20/02/2018,Vente,"730000,00",2.0,BD,5010,JOFFRE,51100.0,REIMS,51,454,AT,124,0,2.0,Appartement,76.0,4.0
1737905,20/02/2018,Vente,"730000,00",2.0,BD,5010,JOFFRE,51100.0,REIMS,51,454,AT,124,0,2.0,Appartement,76.0,4.0
1737906,20/02/2018,Vente,"730000,00",2.0,BD,5010,JOFFRE,51100.0,REIMS,51,454,AT,124,0,2.0,Appartement,76.0,4.0
1737907,20/02/2018,Vente,"730000,00",2.0,BD,5010,JOFFRE,51100.0,REIMS,51,454,AT,124,0,2.0,Appartement,65.0,3.0
1737909,20/02/2018,Vente,"730000,00",2.0,BD,5010,JOFFRE,51100.0,REIMS,51,454,AT,124,0,2.0,Appartement,65.0,3.0
1737910,20/02/2018,Vente,"730000,00",2.0,BD,5010,JOFFRE,51100.0,REIMS,51,454,AT,124,0,2.0,Appartement,68.0,3.0
1737912,20/02/2018,Vente,"730000,00",2.0,BD,5010,JOFFRE,51100.0,REIMS,51,454,AT,124,0,2.0,Appartement,65.0,3.0
1737913,20/02/2018,Vente,"730000,00",2.0,BD,5010,JOFFRE,51100.0,REIMS,51,454,AT,124,0,2.0,Appartement,65.0,3.0
1737915,20/02/2018,Vente,"730000,00",2.0,BD,5010,JOFFRE,51100.0,REIMS,51,454,AT,124,0,2.0,Appartement,65.0,3.0
1737918,20/02/2018,Vente,"730000,00",4.0,BD,5010,JOFFRE,51100.0,REIMS,51,454,AT,125,0,2.0,Appartement,75.0,4.0
1737919,20/02/2018,Vente,"730000,00",4.0,BD,5010,JOFFRE,51100.0,REIMS,51,454,AT,125,0,2.0,Appartement,63.0,3.0
1737920,20/02/2018,Vente,"730000,00",4.0,BD,5010,JOFFRE,51100.0,REIMS,51,454,AT,125,0,2.0,Appartement,63.0,3.0
1737921,20/02/2018,Vente,"730000,00",4.0,BD,5010,JOFFRE,51100.0,REIMS,51,454,AT,125,0,2.0,Appartement,83.0,5.0
1737922,20/02/2018,Vente,"730000,00",4.0,BD,5010,JOFFRE,51100.0,REIMS,51,454,AT,125,0,2.0,Appartement,83.0,5.0
1737923,20/02/2018,Vente,"730000,00",4.0,BD,5010,JOFFRE,51100.0,REIMS,51,454,AT,125,0,2.0,Appartement,63.0,3.0
1737925,20/02/2018,Vente,"730000,00",4.0,BD,5010,JOFFRE,51100.0,REIMS,51,454,AT,125,0,2.0,Appartement,83.0,5.0
1737926,20/02/2018,Vente,"730000,00",4.0,BD,5010,JOFFRE,51100.0,REIMS,51,454,AT,125,0,2.0,Appartement,83.0,5.0
1737927,20/02/2018,Vente,"730000,00",4.0,BD,5010,JOFFRE,51100.0,REIMS,51,454,AT,125,0,2.0,Appartement,63.0,3.0
1737928,20/02/2018,Vente,"730000,00",4.0,BD,5010,JOFFRE,51100.0,REIMS,51,454,AT,125,0,2.0,Appartement,63.0,3.0
1737929,20/02/2018,Vente,"730000,00",4.0,BD,5010,JOFFRE,51100.0,REIMS,51,454,AT,126,0,2.0,Appartement,72.0,4.0
1737930,20/02/2018,Vente,"730000,00",4.0,BD,5010,JOFFRE,51100.0,REIMS,51,454,AT,126,0,2.0,Appartement,72.0,4.0
1737931,20/02/2018,Vente,"730000,00",4.0,BD,5010,JOFFRE,51100.0,REIMS,51,454,AT,126,0,2.0,Appartement,72.0,4.0
1737932,20/02/2018,Vente,"730000,00",4.0,BD,5010,JOFFRE,51100.0,REIMS,51,454,AT,126,0,2.0,Appartement,63.0,3.0
1737933,20/02/2018,Vente,"730000,00",4.0,BD,5010,JOFFRE,51100.0,REIMS,51,454,AT,126,0,2.0,Appartement,72.0,4.0
1737934,20/02/2018,Vente,"730000,00",4.0,BD,5010,JOFFRE,51100.0,REIMS,51,454,AT,126,0,2.0,Appartement,72.0,4.0
1737935,20/02/2018,Vente,"730000,00",4.0,BD,5010,JOFFRE,51100.0,REIMS,51,454,AT,126,0,2.0,Appartement,72.0,4.0
1737936,20/02/2018,Vente,"730000,00",4.0,BD,5010,JOFFRE,51100.0,REIMS,51,454,AT,126,0,2.0,Appartement,72.0,4.0
1737937,20/02/2018,Vente,"730000,00",4.0,BD,5010,JOFFRE,51100.0,REIMS,51,454,AT,126,0,2.0,Appartement,72.0,4.0
1737938,20/02/2018,Vente,"730000,00",4.0,BD,5010,JOFFRE,51100.0,REIMS,51,454,AT,126,0,2.0,Appartement,74.0,4.0
1737940,23/02/2018,Vente,"155000,00",27.0,RUE,0390,ARMAND GUERY,51100.0,REIMS,51,454,AV,837,4,2.0,Appartement,82.0,3.0
1737941,26/02/2018,Vente,"226960,00",50.0,BD,4760,JAMIN,51100.0,REIMS,51,454,BI,288,3,2.0,Appartement,93.0,5.0
1737944,27/02/2018,Vente,"338000,00",3.0,RUE,1310,BUIRETTE,51100.0,REIMS,51,454,IM,84,2,2.0,Appartement,119.0,4.0
1737945,27/02/2018,Vente,"47000,00",4.0,RUE,4220,GRANDVAL,51100.0,REIMS,51,454,CL,985,1,2.0,Appartement,22.0,1.0
1737947,20/02/2018,Vente,"135945,00",35.0,BD,1510,CARTERET,51100.0,REIMS,51,454,CV,831,2,2.0,Appartement,64.0,3.0
1737958,21/02/2018,Vente,"110000,00",69.0,RUE,4190,DU GRAND CERF,51100.0,REIMS,51,454,CZ,152,1,2.0,Appartement,56.0,3.0
1737960,16/02/2018,Vente,"100000,00",14.0,RUE,9240,WARNIER,51100.0,REIMS,51,454,BH,276,2,2.0,Appartement,46.0,2.0
1737967,01/03/2018,Vente,"133500,00",41.0,BD,2930,DOCTEUR HENRI HENROT,51100.0,REIMS,51,454,DM,663,2,2.0,Appartement,78.0,4.0
1737972,19/02/2018,Vente,"39000,00",9.0,RUE,2975,DR LUCIEN BETTINGER,51100.0,REIMS,51,454,AE,283,2,2.0,Appartement,27.0,1.0
1737974,28/02/2018,Vente,"55000,00",324.0,AV,5300,DE LAON,51100.0,REIMS,51,454,AM,672,1,2.0,Appartement,45.0,2.0
1737975,28/02/2018,Vente,"55000,00",324.0,AV,5300,DE LAON,51100.0,REIMS,51,454,AM,672,1,2.0,Appartement,26.0,1.0
1737981,06/03/2018,Vente,"132500,00",58.0,AV,3320,D EPERNAY,51100.0,REIMS,51,454,HW,50,2,2.0,Appartement,60.0,2.0
1737984,05/03/2018,Vente,"172300,00",27.0,RUE,0550,BACQUENOIS,51100.0,REIMS,51,454,IM,259,2,2.0,Appartement,65.0,3.0
1737990,09/03/2018,Vente en l'état futur d'achèvement,"179900,00",49.0,BD,2650,DAUPHINOT,51100.0,REIMS,51,454,CT,610,1,2.0,Appartement,64.0,3.0
1737991,27/02/2018,Vente,"78000,00",22.0,RUE,3048,DUMONT D URVILLE,51100.0,REIMS,51,454,ET,199,2,2.0,Appartement,89.0,3.0
1737994,11/01/2018,Vente en l'état futur d'achèvement,"160600,00",32.0,RUE,8270,DE SEBASTOPOL,51100.0,REIMS,51,454,BK,356,1,2.0,Appartement,42.0,2.0
1737999,01/03/2018,Vente,"395000,00",22.0,RUE,8500,DE TALLEYRAND,51100.0,REIMS,51,454,IL,509,2,2.0,Appartement,135.0,6.0
1738012,01/03/2018,Vente,"56000,00",37.0,RUE,0910,DE BEZANNES,51100.0,REIMS,51,454,HW,383,1,2.0,Appartement,22.0,1.0
1738014,27/02/2018,Vente,"158000,00",8.0,RUE,2360,COTTA,51100.0,REIMS,51,454,BE,266,1,2.0,Appartement,75.0,4.0
1738015,22/02/2018,Vente,"100000,00",9.0,ALL,1725,CH NICOLAS ROLAND,51100.0,REIMS,51,454,DM,239,2,2.0,Appartement,69.0,3.0
1738018,28/02/2018,Vente,"217000,00",5.0,RUE,7890,ST JEAN CESAREE,51100.0,REIMS,51,454,CZ,35,0,2.0,Appartement,15.0,1.0
1738019,28/02/2018,Vente,"217000,00",5.0,RUE,7890,ST JEAN CESAREE,51100.0,REIMS,51,454,CZ,35,0,2.0,Appartement,12.0,1.0
1738020,28/02/2018,Vente,"217000,00",5.0,RUE,7890,ST JEAN CESAREE,51100.0,REIMS,51,454,CZ,35,0,2.0,Appartement,30.0,1.0
1738021,28/02/2018,Vente,"217000,00",5.0,RUE,7890,ST JEAN CESAREE,51100.0,REIMS,51,454,CZ,35,0,2.0,Appartement,12.0,1.0
1738022,28/02/2018,Vente,"217000,00",5.0,RUE,7890,ST JEAN CESAREE,51100.0,REIMS,51,454,CZ,35,0,2.0,Appartement,15.0,1.0
1738023,28/02/2018,Vente,"217000,00",5.0,RUE,7890,ST JEAN CESAREE,51100.0,REIMS,51,454,CZ,35,0,2.0,Appartement,20.0,1.0
1738024,02/03/2018,Vente,"42500,00",61.0,RUE,2560,CROIX ST MARC,51100.0,REIMS,51,454,CV,377,1,2.0,Appartement,20.0,1.0
1738026,13/03/2018,Vente,"128000,00",90.0,BD,7960,ST MARCEAUX,51100.0,REIMS,51,454,CK,209,2,2.0,Appartement,63.0,3.0
1738033,07/03/2018,Vente,"93000,00",52.0,PL,3040,DROUET D ERLON,51100.0,REIMS,51,454,IL,337,2,2.0,Appartement,37.0,1.0
1738034,21/02/2018,Vente,"152000,00",27.0,BD,6690,DE LA PAIX,51100.0,REIMS,51,454,CK,128,2,2.0,Appartement,74.0,3.0
1738037,08/03/2018,Vente,"159500,00",23.0,RUE,0600,DU BARBATRE,51100.0,REIMS,51,454,CY,93,1,2.0,Appartement,80.0,4.0
1738041,21/02/2018,Vente,"164000,00",8.0,RUE,6040,MARX DORMOY,51100.0,REIMS,51,454,IL,167,1,2.0,Appartement,60.0,3.0
1738052,26/02/2018,Vente,"132500,00",3.0,RUE,1640,DU CHALET,51100.0,REIMS,51,454,BK,328,1,2.0,Appartement,70.0,3.0
1738055,28/02/2018,Vente,"55800,00",1.0,RUE,2860,DOCTEUR BIENFAIT,51100.0,REIMS,51,454,IO,217,1,2.0,Appartement,21.0,1.0
1738056,26/02/2018,Vente,"62000,00",168.0,AV,4900,JEAN JAURES,51100.0,REIMS,51,454,CV,1088,1,2.0,Appartement,43.0,2.0
1738057,08/03/2018,Vente,"119000,00",18.0,RUE,1860,DU CHATELET,51100.0,REIMS,51,454,DM,458,2,2.0,Appartement,81.0,4.0
1738059,01/03/2018,Vente,"109000,00",59.0,RUE,6230,DU MONT D ARENE,51100.0,REIMS,51,454,AT,16,2,2.0,Appartement,25.0,1.0
1738060,01/03/2018,Vente,"109000,00",59.0,RUE,6230,DU MONT D ARENE,51100.0,REIMS,51,454,AT,16,1,2.0,Appartement,22.0,1.0
1738069,02/03/2018,Vente,"430000,00",9.0,RUE,7420,REIMBEAU,51100.0,REIMS,51,454,AX,63,0,2.0,Appartement,46.0,3.0
1738070,02/03/2018,Vente,"430000,00",9.0,RUE,7420,REIMBEAU,51100.0,REIMS,51,454,AX,63,0,2.0,Appartement,46.0,2.0
1738071,02/03/2018,Vente,"430000,00",9.0,RUE,7420,REIMBEAU,51100.0,REIMS,51,454,AX,63,0,2.0,Appartement,46.0,3.0
1738072,02/03/2018,Vente,"430000,00",9.0,RUE,7420,REIMBEAU,51100.0,REIMS,51,454,AX,63,0,2.0,Appartement,34.0,3.0
1738073,02/03/2018,Vente,"430000,00",9.0,RUE,7420,REIMBEAU,51100.0,REIMS,51,454,AX,63,0,2.0,Appartement,100.0,5.0
1738074,02/03/2018,Vente,"430000,00",9.0,RUE,7420,REIMBEAU,51100.0,REIMS,51,454,AX,63,0,2.0,Appartement,100.0,5.0
1738081,08/03/2018,Vente,"125500,00",162.0,AV,4900,JEAN JAURES,51100.0,REIMS,51,454,CV,991,2,2.0,Appartement,59.0,3.0
1738082,20/03/2018,Vente,"130500,00",14.0,RUE,4290,GUERNIER,51100.0,REIMS,51,454,BI,627,2,2.0,Appartement,72.0,4.0
1738084,19/03/2018,Vente,"155800,00",116.0,BD,7140,POMMERY,51100.0,REIMS,51,454,CL,816,1,2.0,Appartement,74.0,3.0
1738090,06/03/2018,Vente,"44000,00",62.0,RUE,7610,DES ROMAINS,51100.0,REIMS,51,454,AR,227,1,2.0,Appartement,32.0,2.0
1738094,21/02/2018,Vente,"21136,00",1.0,RUE,8720,TOURNEBONNEAU,51100.0,REIMS,51,454,DM,628,1,2.0,Appartement,10.0,1.0
1738097,13/03/2018,Vente en l'état futur d'achèvement,"164000,00",29.0,RUE,0150,D ALGER,51100.0,REIMS,51,454,CR,61,1,2.0,Appartement,68.0,3.0
1738100,15/03/2018,Vente,"156350,00",23.0,BD,6690,DE LA PAIX,51100.0,REIMS,51,454,CK,128,2,2.0,Appartement,69.0,3.0
1738101,13/03/2018,Vente,"90000,00",3.0,RUE,4050,GERBERT,51100.0,REIMS,51,454,CY,95,1,2.0,Appartement,25.0,1.0
1738102,13/03/2018,Vente,"90000,00",3.0,RUE,4050,GERBERT,51100.0,REIMS,51,454,CY,95,1,2.0,Appartement,25.0,1.0
1738103,15/03/2018,Vente,"80000,00",12.0,RUE,3970,DU GENERAL SARRAIL,51100.0,REIMS,51,454,IL,13,1,2.0,Appartement,49.0,2.0
1738104,09/03/2018,Vente,"52500,00",14.0,BD,2830,DIEU LUMIERE,51100.0,REIMS,51,454,DK,269,2,2.0,Appartement,33.0,1.0
1738105,05/03/2018,Vente,"268000,00",8.0,RUE,8080,ST SYMPHORIEN,51100.0,REIMS,51,454,CX,222,4,2.0,Appartement,91.0,4.0
1738107,14/03/2018,Vente,"89000,00",10.0,RUE,6910,DU PETIT ARSENAL,51100.0,REIMS,51,454,BE,79,1,2.0,Appartement,33.0,1.0
1738108,12/03/2018,Vente,"225000,00",48.0,BD,1510,CARTERET,51100.0,REIMS,51,454,CW,235,1,2.0,Appartement,72.0,3.0
1738111,07/03/2018,Vente en l'état futur d'achèvement,"172000,00",,RUE,5891,MARCEL THIL,51100.0,REIMS,51,454,AV,1091,1,2.0,Appartement,48.0,2.0
1738113,20/03/2018,Vente en l'état futur d'achèvement,"185900,00",,RUE,5891,MARCEL THIL,51100.0,REIMS,51,454,AV,1082,1,2.0,Appartement,51.0,1.0
1738119,13/03/2018,Vente,"140000,00",100.0,AV,4010,GEORGES CLEMENCEAU,51100.0,REIMS,51,454,CL,875,2,2.0,Appartement,89.0,5.0
1738120,19/03/2018,Vente,"78500,00",148.0,RUE,1590,DE CERNAY,51100.0,REIMS,51,454,CV,252,1,2.0,Appartement,43.0,2.0
1738122,05/03/2018,Vente,"69000,00",27.0,RUE,1710,DE CHAMPIGNY,51100.0,REIMS,51,454,AR,302,2,2.0,Appartement,60.0,4.0
1738129,14/03/2018,Vente,"114151,00",50.0,RUE,6830,P VAILLANT COUTURIER,51100.0,REIMS,51,454,AV,775,1,2.0,Appartement,44.0,2.0
1738130,14/03/2018,Vente,"101000,00",66.0,BD,7550,ROBESPIERRE,51100.0,REIMS,51,454,AY,255,2,2.0,Appartement,60.0,4.0
1738134,05/03/2018,Vente,"65000,00",2.0,RUE,2280,DE CONTRAI,51100.0,REIMS,51,454,CY,2,1,2.0,Appartement,24.0,1.0
1738136,02/03/2018,Vente,"117900,00",1.0,RUE,8290,16E ET 22E DRAGONS,51100.0,REIMS,51,454,CK,17,1,2.0,Appartement,58.0,2.0
1738137,14/03/2018,Vente,"120000,00",2.0,RUE,2060,DU CLOU DANS LE FER,51100.0,REIMS,51,454,IL,125,1,2.0,Appartement,40.0,2.0
1738140,14/03/2018,Vente,"62000,00",15.0,RUE,7015,PIERRE DE COUBERTIN,51100.0,REIMS,51,454,AE,110,2,2.0,Appartement,71.0,3.0
1738143,22/02/2018,Vente,"48500,00",31.0,RUE,4440,HENRI BARBUSSE,51100.0,REIMS,51,454,CW,612,1,2.0,Appartement,19.0,1.0
1738149,05/03/2018,Vente,"99000,00",1.0,ALL,0788,B FRANKLIN NEUV,51100.0,REIMS,51,454,KK,684,1,2.0,Appartement,74.0,4.0
1738152,05/03/2018,Vente,"143145,00",16.0,RUE,5895,MARECHAL GALLIENI,51100.0,REIMS,51,454,AH,609,1,2.0,Appartement,74.0,3.0
1738153,02/03/2018,Vente,"106300,00",1.0,RUE,8720,TOURNEBONNEAU,51100.0,REIMS,51,454,DM,628,1,2.0,Appartement,46.0,2.0
1738158,28/02/2018,Vente,"70000,00",13.0,RUE,6720,DE PARGNY,51100.0,REIMS,51,454,HX,399,1,2.0,Appartement,65.0,3.0
1738166,28/02/2018,Vente,"55000,00",7.0,RUE,2975,DR LUCIEN BETTINGER,51100.0,REIMS,51,454,AE,283,2,2.0,Appartement,70.0,4.0
1738175,12/03/2018,Vente en l'état futur d'achèvement,"221500,00",65.0,RUE,6230,DU MONT D ARENE,51100.0,REIMS,51,454,AT,9,1,2.0,Appartement,63.0,3.0
1738185,23/02/2018,Vente,"110000,00",66.0,AV,5300,DE LAON,51100.0,REIMS,51,454,AW,433,1,2.0,Appartement,52.0,2.0
1738188,06/03/2018,Vente,"88000,00",165.0,RUE,1590,DE CERNAY,51100.0,REIMS,51,454,CV,133,2,2.0,Appartement,55.0,2.0
1738192,08/03/2018,Vente,"47000,00",40.0,RUE,8430,DE STRASBOURG,51100.0,REIMS,51,454,CV,590,1,2.0,Appartement,23.0,1.0
1738193,07/03/2018,Vente,"121000,00",2.0,RUE,4180,GOULIN,51100.0,REIMS,51,454,AW,450,1,2.0,Appartement,66.0,3.0
1738194,21/03/2018,Vente,"58500,00",98.0,BD,7140,POMMERY,51100.0,REIMS,51,454,CL,384,1,2.0,Appartement,20.0,1.0
1738201,28/02/2018,Vente,"144000,00",10.0,RUE,6160,DE METZ,51100.0,REIMS,51,454,CV,511,1,2.0,Appartement,90.0,5.0
1738207,14/03/2018,Vente,"136000,00",171.0,AV,5300,DE LAON,51100.0,REIMS,51,454,AV,40,1,2.0,Appartement,82.0,3.0
1738212,01/03/2018,Vente,"110000,00",20.0,ESP,3590,FLECHAMBAULT,51100.0,REIMS,51,454,DM,636,2,2.0,Appartement,73.0,3.0
1738227,07/03/2018,Vente,"97000,00",43.0,AV,6730,DE PARIS,51100.0,REIMS,51,454,HX,17,1,2.0,Appartement,41.0,2.0
1738232,15/03/2018,Vente,"147000,00",170.0,AV,4900,JEAN JAURES,51100.0,REIMS,51,454,CV,1005,2,2.0,Appartement,60.0,2.0
1738234,23/02/2018,Vente,"190000,00",4.0,RUE,6210,DES MOISSONS,51100.0,REIMS,51,454,CW,559,1,2.0,Appartement,76.0,3.0
1738235,16/03/2018,Vente,"59000,00",179.0,AV,5300,DE LAON,51100.0,REIMS,51,454,AV,819,1,2.0,Appartement,17.0,1.0
1738237,19/03/2018,Vente,"85000,00",3.0,RUE,6740,PASSE DEMOISELLES,51100.0,REIMS,51,454,HX,441,2,2.0,Appartement,79.0,4.0
1738239,08/03/2018,Vente,"483000,00",8.0,RUE,0400,ARMONVILLE,51100.0,REIMS,51,454,CZ,317,1,2.0,Appartement,137.0,5.0
1738249,02/03/2018,Vente,"235000,00",23.0,RUE,0910,DE BEZANNES,51100.0,REIMS,51,454,HW,66,0,2.0,Appartement,80.0,2.0
1738250,02/03/2018,Vente,"235000,00",23.0,RUE,0910,DE BEZANNES,51100.0,REIMS,51,454,HW,66,0,2.0,Appartement,80.0,3.0
1738251,02/03/2018,Vente,"235000,00",23.0,RUE,0910,DE BEZANNES,51100.0,REIMS,51,454,HW,66,0,2.0,Appartement,70.0,3.0
1738256,12/03/2018,Vente,"99000,00",47.0,RUE,4740,JACQUART,51100.0,REIMS,51,454,BH,125,2,2.0,Appartement,95.0,5.0
1738264,28/02/2018,Vente,"62000,00",41.0,RUE,2570,CROUTELLE,51100.0,REIMS,51,454,AV,182,2,2.0,Appartement,27.0,1.0
1738271,12/03/2018,Vente,"145000,00",2.0,RUE,1020,BONHOMME,51100.0,REIMS,51,454,BE,85,2,2.0,Appartement,60.0,4.0
1738273,19/03/2018,Vente,"112000,00",10.0,RUE,4035,GERARD PHILIPE,51100.0,REIMS,51,454,CI,70,2,2.0,Appartement,79.0,4.0
1738277,14/03/2018,Vente,"62500,00",117.0,RUE,3570,DE FISMES,51100.0,REIMS,51,454,AR,802,1,2.0,Appartement,32.0,2.0
1738281,08/03/2018,Vente,"145000,00",15.0,RUE,1730,CHANTERAINE,51100.0,REIMS,51,454,DM,634,2,2.0,Appartement,79.0,4.0
1738290,21/03/2018,Vente,"76612,00",37.0,RUE,0330,ANTOINE GOUSSIEZ,51100.0,REIMS,51,454,AM,336,3,2.0,Appartement,39.0,2.0
1738291,19/03/2018,Vente,"68550,00",111.0,RUE,3280,EMILE ZOLA,51100.0,REIMS,51,454,AX,355,2,2.0,Appartement,42.0,2.0
1738293,19/03/2018,Vente,"57500,00",5.0,PL,5894,MAL DE LATTRE DE TASSIGNY,51100.0,REIMS,51,454,CO,415,2,2.0,Appartement,64.0,4.0
1738294,20/03/2018,Vente,"110000,00",94.0,RUE,6230,DU MONT D ARENE,51100.0,REIMS,51,454,AV,404,2,2.0,Appartement,52.0,3.0
1738295,19/03/2018,Vente,"40000,00",228.0,RUE,1590,DE CERNAY,51100.0,REIMS,51,454,CO,413,1,2.0,Appartement,29.0,1.0
1738299,16/03/2018,Vente,"111200,00",52.0,RUE,3280,EMILE ZOLA,51100.0,REIMS,51,454,AW,527,2,2.0,Appartement,56.0,2.0
1738317,20/03/2018,Vente,"155990,00",28.0,RUE,1190,DE BRAZZAVILLE,51100.0,REIMS,51,454,CM,268,1,2.0,Appartement,64.0,3.0
1738320,20/03/2018,Vente,"66000,00",26.0,RUE,6270,MONTOISON,51100.0,REIMS,51,454,CX,440,2,2.0,Appartement,59.0,3.0
1738321,20/03/2018,Vente,"66000,00",26.0,RUE,6270,MONTOISON,51100.0,REIMS,51,454,CX,440,2,2.0,Appartement,30.0,1.0
1738322,08/03/2018,Vente,"190000,00",10.0,RUE,3140,DE L ECREVISSE,51100.0,REIMS,51,454,IL,485,2,2.0,Appartement,68.0,3.0
1738324,19/03/2018,Vente,"67000,00",37.0,RUE,4160,DE LA GOULETTE,51100.0,REIMS,51,454,BL,624,1,2.0,Appartement,63.0,2.0
1738328,02/03/2018,Vente,"35000,00",13.0,RUE,7405,RAYMOND POINCARE,51100.0,REIMS,51,454,AE,117,2,2.0,Appartement,27.0,1.0
1738330,07/03/2018,Vente,"83000,00",8.0,IMP,1440,DES CARMELITES,51100.0,REIMS,51,454,IK,1425,1,2.0,Appartement,33.0,2.0
1738336,23/03/2018,Vente,"512219,00",49.0,RUE,1870,DE CHATIVESLE,51100.0,REIMS,51,454,IM,377,1,2.0,Appartement,138.0,4.0
1738338,14/03/2018,Vente,"364000,00",2.0,RUE,2260,CONDORCET,51100.0,REIMS,51,454,IL,173,1,2.0,Appartement,101.0,4.0
1738339,21/03/2018,Vente,"45000,00",101.0,RUE,1360,CAMILLE LENOIR,51100.0,REIMS,51,454,BI,542,1,2.0,Appartement,30.0,1.0
1738346,13/03/2018,Vente en l'état futur d'achèvement,"231865,00",21.0,RUE,4540,HENRI IV,51100.0,REIMS,51,454,IL,3,2,2.0,Appartement,44.0,2.0
1738349,15/03/2018,Vente,"93000,00",27.0,BD,6690,DE LA PAIX,51100.0,REIMS,51,454,CK,128,2,2.0,Appartement,40.0,1.0
1738356,12/03/2018,Vente,"75000,00",36.0,RUE,2080,CLOVIS CHEZEL,51100.0,REIMS,51,454,DN,549,1,2.0,Appartement,45.0,2.0
1738360,15/03/2018,Vente,"77835,00",62.0,RUE,4770,DU JARD,51100.0,REIMS,51,454,IK,1324,1,2.0,Appartement,30.0,2.0
1738361,16/03/2018,Vente,"157000,00",17.0,RUE,7160,PONSARDIN,51100.0,REIMS,51,454,CX,588,2,2.0,Appartement,77.0,3.0
1738365,19/03/2018,Vente,"347500,00",72.0,PROM,6867,DU PEIGNAGE,51100.0,REIMS,51,454,CT,534,2,2.0,Appartement,123.0,5.0
1738372,12/03/2018,Vente,"5700,00",47.0,RUE,8560,DES TELLIERS,51100.0,REIMS,51,454,IL,293,1,2.0,Appartement,10.0,1.0
1738378,26/03/2018,Vente,"127000,00",8.0,RUE,6760,PAUL ADAM,51100.0,REIMS,51,454,IK,227,2,2.0,Appartement,70.0,3.0
1738379,26/03/2018,Vente,"162000,00",42.0,RUE,0330,ANTOINE GOUSSIEZ,51100.0,REIMS,51,454,AX,732,2,2.0,Appartement,70.0,4.0
1738388,15/03/2018,Vente,"77000,00",76.0,RUE,5615,LOUIS PASTEUR NEUV,51100.0,REIMS,51,454,KI,231,1,2.0,Appartement,44.0,2.0
1738398,22/03/2018,Vente,"105000,00",5.0,RUE,0200,D ALSACE LORRAINE,51100.0,REIMS,51,454,CT,126,2,2.0,Appartement,58.0,3.0
1738409,22/03/2018,Vente,"415130,00",109.0,RUE,2070,CLOVIS,51100.0,REIMS,51,454,IK,303,0,2.0,Appartement,46.0,3.0
1738410,22/03/2018,Vente,"415130,00",109.0,RUE,2070,CLOVIS,51100.0,REIMS,51,454,IK,303,0,2.0,Appartement,46.0,3.0
1738411,22/03/2018,Vente,"415130,00",109.0,RUE,2070,CLOVIS,51100.0,REIMS,51,454,IK,303,0,2.0,Appartement,46.0,2.0
1738412,22/03/2018,Vente,"415130,00",109.0,RUE,2070,CLOVIS,51100.0,REIMS,51,454,IK,303,0,2.0,Appartement,30.0,2.0
1738416,14/03/2018,Vente,"112500,00",137.0,BD,7140,POMMERY,51100.0,REIMS,51,454,CI,65,1,2.0,Appartement,57.0,2.0
1738417,14/03/2018,Vente,"112500,00",137.0,BD,7140,POMMERY,51100.0,REIMS,51,454,CI,65,1,2.0,Appartement,57.0,2.0
1738426,14/03/2018,Vente,"296000,00",4.0,RUE,1550,CERES,51100.0,REIMS,51,454,CX,39,1,2.0,Appartement,61.0,3.0
1738429,06/03/2018,Vente,"122000,00",20.0,RUE,3190,EDOUARD VAILLANT,51100.0,REIMS,51,454,CK,94,1,2.0,Appartement,57.0,2.0
1738431,29/03/2018,Vente,"307500,00",1.0,RUE,3210,DES ELUS,51100.0,REIMS,51,454,IL,485,1,2.0,Appartement,95.0,3.0
1738434,04/04/2018,Vente,"167000,00",33.0,AV,5300,DE LAON,51100.0,REIMS,51,454,AT,105,1,2.0,Appartement,106.0,5.0
1738437,30/03/2018,Vente,"32000,00",54.0,RUE,1360,CAMILLE LENOIR,51100.0,REIMS,51,454,BH,151,1,2.0,Appartement,20.0,1.0
1738439,22/03/2018,Vente,"36000,00",21.0,RUE,1590,DE CERNAY,51100.0,REIMS,51,454,CW,124,1,2.0,Appartement,26.0,1.0
1738441,22/03/2018,Vente,"80000,00",2.0,RUE,0254,ANDRE FAIVRE,51100.0,REIMS,51,454,KP,30,1,2.0,Appartement,55.0,2.0
1738444,28/03/2018,Vente,"52000,00",2.0,RUE,0254,ANDRE FAIVRE,51100.0,REIMS,51,454,KP,30,1,2.0,Appartement,40.0,1.0
1738446,23/03/2018,Vente,"58000,00",2.0,RUE,0254,ANDRE FAIVRE,51100.0,REIMS,51,454,KP,30,1,2.0,Appartement,42.0,1.0
1738448,26/03/2018,Vente,"116500,00",2.0,RUE,0815,BERGSON,51100.0,REIMS,51,454,HV,978,2,2.0,Appartement,77.0,4.0
1738450,28/03/2018,Vente,"130000,00",2.0,RUE,7060,PIPER,51100.0,REIMS,51,454,CW,706,1,2.0,Appartement,71.0,3.0
1738451,22/03/2018,Vente en l'état futur d'achèvement,"169500,00",,RUE,5891,MARCEL THIL,51100.0,REIMS,51,454,AV,1091,1,2.0,Appartement,48.0,2.0
1738453,23/03/2018,Vente,"70000,00",27.0,RUE,4740,JACQUART,51100.0,REIMS,51,454,BH,143,1,2.0,Appartement,34.0,1.0
1738456,22/03/2018,Vente en l'état futur d'achèvement,"150000,00",51.0,RUE,0600,DU BARBATRE,51100.0,REIMS,51,454,CY,749,1,2.0,Appartement,45.0,2.0
1738460,23/03/2018,Vente,"163000,00",71.0,RUE,1360,CAMILLE LENOIR,51100.0,REIMS,51,454,BH,608,2,2.0,Appartement,35.0,2.0
1738461,23/03/2018,Vente,"163000,00",71.0,RUE,1360,CAMILLE LENOIR,51100.0,REIMS,51,454,BH,608,1,2.0,Appartement,28.0,1.0
1738463,26/03/2018,Vente,"115750,00",19.0,RUE,5670,DE LUDES,51100.0,REIMS,51,454,DV,255,1,2.0,Appartement,48.0,2.0
1738466,09/03/2018,Vente,"315000,00",38.0,RUE,9040,DE VESLE,51100.0,REIMS,51,454,IL,150,2,2.0,Appartement,63.0,3.0
1738479,03/04/2018,Vente,"74000,00",10.0,RUE,6910,DU PETIT ARSENAL,51100.0,REIMS,51,454,BE,79,1,2.0,Appartement,23.0,1.0
1738480,15/03/2018,Vente,"80500,00",5.0,RUE,4425,HELENE NAUTRE,51100.0,REIMS,51,454,BT,580,1,2.0,Appartement,74.0,4.0
1738481,15/03/2018,Vente,"80500,00",5.0,RUE,4425,HELENE NAUTRE,51100.0,REIMS,51,454,BT,580,1,2.0,Appartement,54.0,2.0
1738484,04/04/2018,Vente,"74000,00",143.0,RUE,2440,DE COURLANCY,51100.0,REIMS,51,454,HY,38,1,2.0,Appartement,33.0,1.0
1738497,20/03/2018,Vente,"105000,00",140.0,BD,2650,DAUPHINOT,51100.0,REIMS,51,454,CV,1049,2,2.0,Appartement,77.0,4.0
1738503,04/04/2018,Vente,"117010,00",10.0,RUE,4035,GERARD PHILIPE,51100.0,REIMS,51,454,CI,70,2,2.0,Appartement,79.0,4.0
1738506,30/03/2018,Vente,"170000,00",44.0,RUE,3500,FAVART D HERBIGNY,51100.0,REIMS,51,454,CV,873,0,2.0,Appartement,25.0,1.0
1738507,30/03/2018,Vente,"170000,00",44.0,RUE,3500,FAVART D HERBIGNY,51100.0,REIMS,51,454,CV,873,0,2.0,Appartement,21.0,1.0
1738508,30/03/2018,Vente,"170000,00",44.0,RUE,3500,FAVART D HERBIGNY,51100.0,REIMS,51,454,CV,873,0,2.0,Appartement,25.0,2.0
1738509,30/03/2018,Vente,"170000,00",44.0,RUE,3500,FAVART D HERBIGNY,51100.0,REIMS,51,454,CV,873,0,2.0,Appartement,21.0,1.0
1738510,30/03/2018,Vente,"170000,00",44.0,RUE,3500,FAVART D HERBIGNY,51100.0,REIMS,51,454,CV,873,0,2.0,Appartement,54.0,2.0
1738511,30/03/2018,Vente,"148000,00",293.0,AV,5300,DE LAON,51100.0,REIMS,51,454,AN,93,1,2.0,Appartement,80.0,3.0
1738512,29/03/2018,Vente,"59500,00",10.0,RUE,6270,MONTOISON,51100.0,REIMS,51,454,CX,160,1,2.0,Appartement,43.0,2.0
1738513,29/03/2018,Vente,"59500,00",10.0,RUE,6270,MONTOISON,51100.0,REIMS,51,454,CX,160,1,2.0,Appartement,19.0,1.0
1738516,15/03/2018,Vente,"79000,00",6.0,RUE,8480,DE TAISSY,51100.0,REIMS,51,454,DK,184,1,2.0,Appartement,65.0,3.0
1738518,08/03/2018,Vente,"113000,00",1.0,BD,9070,VICTOR HUGO,51100.0,REIMS,51,454,CZ,450,2,2.0,Appartement,65.0,3.0
1738519,16/03/2018,Vente en l'état futur d'achèvement,"194000,00",215.0,RUE,6470,DE NEUFCHATEL,51100.0,REIMS,51,454,AH,79,1,2.0,Appartement,76.0,3.0
1738529,30/03/2018,Vente,"80000,00",1.0,RUE,5360,LEGENDRE,51100.0,REIMS,51,454,BE,81,1,2.0,Appartement,25.0,2.0
1738531,12/03/2018,Vente,"88000,00",179.0,AV,4900,JEAN JAURES,51100.0,REIMS,51,454,BK,461,2,2.0,Appartement,58.0,3.0
1738536,29/03/2018,Vente,"87000,00",68.0,RUE,6230,DU MONT D ARENE,51100.0,REIMS,51,454,AV,389,1,2.0,Appartement,75.0,3.0
1738537,03/04/2018,Vente,"30000,00",58.0,RUE,6230,DU MONT D ARENE,51100.0,REIMS,51,454,AV,385,3,2.0,Appartement,30.0,2.0
1738538,15/03/2018,Vente,"109870,00",10.0,RUE,4035,GERARD PHILIPE,51100.0,REIMS,51,454,CI,70,2,2.0,Appartement,45.0,2.0
1738541,19/03/2018,Vente,"69000,00",14.0,RUE,3000,DOCTEUR THOMAS,51100.0,REIMS,51,454,AW,363,2,2.0,Appartement,21.0,1.0
1738544,05/04/2018,Vente,"45000,00",13.0,BD,6790,PAUL DOUMER,51100.0,REIMS,51,454,HZ,22,1,2.0,Appartement,19.0,1.0
1738546,29/03/2018,Vente,"106800,00",213.0,AV,4900,JEAN JAURES,51100.0,REIMS,51,454,BK,274,2,2.0,Appartement,62.0,3.0
1738550,29/03/2018,Vente,"135000,00",37.0,RUE,4160,DE LA GOULETTE,51100.0,REIMS,51,454,BL,624,1,2.0,Appartement,118.0,5.0
1738551,22/03/2018,Vente en l'état futur d'achèvement,"148000,00",65.0,RUE,6230,DU MONT D ARENE,51100.0,REIMS,51,454,AT,9,1,2.0,Appartement,40.0,2.0
1738552,23/03/2018,Vente,"86000,00",48.0,RUE,4070,GERUZEZ,51100.0,REIMS,51,454,AR,155,1,2.0,Appartement,45.0,3.0
1738554,16/03/2018,Vente,"148000,00",7.0,RUE,0010,ABBE DE L EPEE,51100.0,REIMS,51,454,IK,288,2,2.0,Appartement,72.0,3.0
1738556,20/03/2018,Vente,"87000,00",1.0,,3915,GPE GENERAL EISENHOWER,51100.0,REIMS,51,454,HS,215,1,2.0,Appartement,96.0,5.0
1738557,20/03/2018,Vente,"87000,00",1.0,,3915,GPE GENERAL EISENHOWER,51100.0,REIMS,51,454,HS,215,1,2.0,Appartement,96.0,5.0
1738562,19/03/2018,Vente,"113000,00",229.0,RUE,2440,DE COURLANCY,51100.0,REIMS,51,454,DN,229,1,2.0,Appartement,57.0,3.0
1738565,20/03/2018,Vente,"202000,00",29.0,BD,3640,FOCH,51100.0,REIMS,51,454,IL,476,1,2.0,Appartement,72.0,3.0
1738567,28/03/2018,Vente,"342250,00",6.0,BD,5010,JOFFRE,51100.0,REIMS,51,454,AT,127,2,2.0,Appartement,60.0,3.0
1738568,28/03/2018,Vente,"342250,00",6.0,BD,5010,JOFFRE,51100.0,REIMS,51,454,AT,127,2,2.0,Appartement,93.0,1.0
1738574,19/03/2018,Vente,"91400,00",16.0,RUE,5895,MARECHAL GALLIENI,51100.0,REIMS,51,454,AH,609,1,2.0,Appartement,47.0,2.0
1738589,23/03/2018,Vente,"211500,00",42.0,BD,1800,CHARLES ARNOULD,51100.0,REIMS,51,454,AN,206,4,2.0,Appartement,124.0,6.0
1738592,29/03/2018,Vente en l'état futur d'achèvement,"220000,00",65.0,RUE,6230,DU MONT D ARENE,51100.0,REIMS,51,454,AT,9,1,2.0,Appartement,60.0,3.0
1738595,15/03/2018,Vente,"90500,00",56.0,RUE,1590,DE CERNAY,51100.0,REIMS,51,454,CW,403,1,2.0,Appartement,57.0,2.0
1738597,23/03/2018,Vente,"95000,00",4.0,RUE,8480,DE TAISSY,51100.0,REIMS,51,454,DK,184,2,2.0,Appartement,78.0,4.0
1738600,22/03/2018,Vente,"105000,00",217.0,AV,5300,DE LAON,51100.0,REIMS,51,454,AV,846,2,2.0,Appartement,60.0,3.0
1738603,28/03/2018,Vente,"107000,00",5.0,RUE,2760,DESBUREAUX,51100.0,REIMS,51,454,AL,402,2,2.0,Appartement,71.0,3.0
1738606,28/03/2018,Vente en l'état futur d'achèvement,"176000,00",40.0,RUE,7790,DE ST BRICE,51100.0,REIMS,51,454,AT,247,1,2.0,Appartement,46.0,2.0
1738610,29/03/2018,Vente,"205000,00",36.0,RUE,1360,CAMILLE LENOIR,51100.0,REIMS,51,454,BH,162,2,2.0,Appartement,93.0,4.0
1738617,16/03/2018,Vente,"314530,00",55.0,AV,4900,JEAN JAURES,51100.0,REIMS,51,454,BH,209,1,2.0,Appartement,127.0,4.0
1738618,29/03/2018,Vente,"118000,00",1.0,RUE,5360,LEGENDRE,51100.0,REIMS,51,454,BE,81,1,2.0,Appartement,42.0,3.0
1738625,09/04/2018,Vente,"110000,00",9.0,RUE,6360,DES MURS,51100.0,REIMS,51,454,CX,271,1,2.0,Appartement,54.0,3.0
1738626,16/03/2018,Vente,"153000,00",52.0,RUE,1390,DES CAPUCINS,51100.0,REIMS,51,454,IK,1361,1,2.0,Appartement,62.0,3.0
1738631,19/03/2018,Vente,"177000,00",11.0,RUE,8580,DES TEMPLIERS,51100.0,REIMS,51,454,BH,528,2,2.0,Appartement,90.0,4.0
1738633,28/03/2018,Vente,"127200,00",158.0,RUE,9040,DE VESLE,51100.0,REIMS,51,454,IM,239,2,2.0,Appartement,88.0,2.0
1738634,16/03/2018,Vente,"155000,00",9.0,AV,4900,JEAN JAURES,51100.0,REIMS,51,454,BH,265,3,2.0,Appartement,77.0,4.0
1738636,30/03/2018,Vente,"46000,00",59.0,RUE,6230,DU MONT D ARENE,51100.0,REIMS,51,454,AT,16,2,2.0,Appartement,20.0,1.0
1738639,30/03/2018,Vente,"125000,00",113.0,RUE,2560,CROIX ST MARC,51100.0,REIMS,51,454,CV,246,2,2.0,Appartement,56.0,2.0
1738642,30/03/2018,Vente,"92800,00",58.0,RUE,3000,DOCTEUR THOMAS,51100.0,REIMS,51,454,AW,278,1,2.0,Appartement,49.0,3.0
1738645,04/04/2018,Vente,"66000,00",340.0,AV,5300,DE LAON,51100.0,REIMS,51,454,AM,837,2,2.0,Appartement,34.0,2.0
1738646,03/04/2018,Vente,"49000,00",2.0,BD,1510,CARTERET,51100.0,REIMS,51,454,CW,303,2,2.0,Appartement,25.0,1.0
1738649,13/02/2018,Vente,"600000,00",1.0,PL,0380,ARISTIDE BRIAND,51100.0,REIMS,51,454,BE,53,1,2.0,Appartement,65.0,4.0
1738678,09/04/2018,Vente,"70000,00",331.0,AV,5300,DE LAON,51100.0,REIMS,51,454,AN,654,2,2.0,Appartement,50.0,3.0
1738679,11/04/2018,Vente,"72500,00",59.0,RUE,1360,CAMILLE LENOIR,51100.0,REIMS,51,454,BH,64,1,2.0,Appartement,27.0,1.0
1738687,30/03/2018,Vente,"350000,00",6.0,RUE,4890,JEAN JACQUES ROUSSEAU,51100.0,REIMS,51,454,BE,260,3,2.0,Appartement,140.0,4.0
1738688,23/03/2018,Vente,"130000,00",12.0,RUE,8230,DES SALINES,51100.0,REIMS,51,454,CZ,181,2,2.0,Appartement,66.0,3.0
1738691,29/03/2018,Vente,"117500,00",150.0,RUE,6830,P VAILLANT COUTURIER,51100.0,REIMS,51,454,AN,174,2,2.0,Appartement,64.0,3.0
1738693,23/03/2018,Vente,"190000,00",17.0,RUE,7400,RAYMOND GUYOT,51100.0,REIMS,51,454,BI,748,2,2.0,Appartement,103.0,4.0
1738722,22/03/2018,Vente,"60000,00",255.0,RUE,2440,DE COURLANCY,51100.0,REIMS,51,454,DN,547,1,2.0,Appartement,23.0,1.0
1738724,04/04/2018,Vente,"84000,00",57.0,RUE,1360,CAMILLE LENOIR,51100.0,REIMS,51,454,BH,63,1,2.0,Appartement,67.0,2.0
1738729,16/03/2018,Vente,"28500,00",1.0,RUE,0410,DE L ARQUEBUSE,51100.0,REIMS,51,454,IM,312,1,2.0,Appartement,18.0,1.0
1738740,21/03/2018,Vente,"122000,00",9.0,RUE,6130,MENNESSON TONNELIER,51100.0,REIMS,51,454,AW,263,3,2.0,Appartement,60.0,2.0
1738746,29/03/2018,Vente en l'état futur d'achèvement,"707000,00",25.0,RUE,3210,DES ELUS,51100.0,REIMS,51,454,IL,117,2,2.0,Appartement,102.0,3.0
1738747,30/03/2018,Vente,"305000,00",13.0,BD,5680,LUNDY,51100.0,REIMS,51,454,BE,41,2,2.0,Appartement,97.0,3.0
1738749,05/04/2018,Vente,"139500,00",6.0,RUE,3987,GEORGES BERNANOS,51100.0,REIMS,51,454,HV,978,2,2.0,Appartement,92.0,5.0
1738752,30/03/2018,Vente,"69000,00",107.0,RUE,1590,DE CERNAY,51100.0,REIMS,51,454,CV,616,1,2.0,Appartement,30.0,1.0
1738753,04/04/2018,Vente,"107000,00",6.0,RUE,7160,PONSARDIN,51100.0,REIMS,51,454,CX,69,1,2.0,Appartement,27.0,1.0
1738755,30/03/2018,Vente,"165000,00",60.0,PL,3040,DROUET D ERLON,51100.0,REIMS,51,454,IL,337,1,2.0,Appartement,57.0,2.0
1738759,04/04/2018,Vente,"56000,00",68.0,RUE,3500,FAVART D HERBIGNY,51100.0,REIMS,51,454,CV,887,1,2.0,Appartement,28.0,1.0
1738772,03/04/2018,Vente,"61000,00",6.0,RUE,4220,GRANDVAL,51100.0,REIMS,51,454,CL,984,1,2.0,Appartement,34.0,2.0
1738787,23/03/2018,Vente,"332000,00",71.0,RUE,9040,DE VESLE,51100.0,REIMS,51,454,IK,922,1,2.0,Appartement,110.0,5.0
1738808,04/04/2018,Vente,"115000,00",4.0,RUE,8603,THEODORE GERICAULT,51100.0,REIMS,51,454,AE,296,2,2.0,Appartement,86.0,4.0
1738809,09/04/2018,Vente,"215000,00",3.0,PL,6810,PAUL JAMOT,51100.0,REIMS,51,454,CX,112,2,2.0,Appartement,79.0,4.0
1738811,29/03/2018,Vente,"56500,00",22.0,RUE,4560,HINCMAR,51100.0,REIMS,51,454,IK,61,1,2.0,Appartement,19.0,1.0
1738813,23/03/2018,Vente,"73000,00",23.0,RUE,6160,DE METZ,51100.0,REIMS,51,454,CV,495,1,2.0,Appartement,29.0,2.0
1738827,22/03/2018,Vente,"74000,00",1.0,RUE,8290,16E ET 22E DRAGONS,51100.0,REIMS,51,454,CK,17,1,2.0,Appartement,31.0,1.0
1738833,12/04/2018,Vente,"65500,00",3.0,RUE,5930,MARIE STUART,51100.0,REIMS,51,454,CX,254,1,2.0,Appartement,20.0,1.0
1738888,10/04/2018,Vente,"166000,00",115.0,RUE,5460,LESAGE,51100.0,REIMS,51,454,AY,494,1,2.0,Appartement,60.0,3.0
1738893,05/04/2018,Vente,"208750,00",2.0,AV,3913,DU GENERAL DE GAULLE,51100.0,REIMS,51,454,HX,547,1,2.0,Appartement,88.0,4.0
1738913,11/04/2018,Vente,"193000,00",26.0,RUE,8430,DE STRASBOURG,51100.0,REIMS,51,454,CV,950,1,2.0,Appartement,50.0,2.0
1738915,11/04/2018,Vente,"193000,00",26.0,RUE,8430,DE STRASBOURG,51100.0,REIMS,51,454,CV,950,1,2.0,Appartement,20.0,1.0
1738916,11/04/2018,Vente,"193000,00",26.0,RUE,8430,DE STRASBOURG,51100.0,REIMS,51,454,CV,950,1,2.0,Appartement,34.0,2.0
1738917,11/04/2018,Vente,"193000,00",26.0,RUE,8430,DE STRASBOURG,51100.0,REIMS,51,454,CV,950,2,2.0,Appartement,40.0,2.0
1738921,11/04/2018,Vente,"123800,00",2.0,RUE,3270,EMILE SENART,51100.0,REIMS,51,454,AY,412,2,2.0,Appartement,71.0,3.0
1738926,11/04/2018,Vente,"87000,00",26.0,RUE,8430,DE STRASBOURG,51100.0,REIMS,51,454,CV,950,2,2.0,Appartement,56.0,3.0
1738927,23/03/2018,Vente,"124000,00",38.0,RUE,9040,DE VESLE,51100.0,REIMS,51,454,IL,150,1,2.0,Appartement,41.0,2.0
1738929,06/04/2018,Vente,"428576,38",12.0,PL,1770,DU CHAPITRE,51100.0,REIMS,51,454,CX,16,3,2.0,Appartement,123.0,5.0
1738935,04/04/2018,Vente,"79660,00",27.0,BD,6690,DE LA PAIX,51100.0,REIMS,51,454,CK,128,2,2.0,Appartement,26.0,1.0
1738946,10/04/2018,Vente,"131100,00",11.0,RUE,4936,JEAN D ORBAIS,51100.0,REIMS,51,454,IK,1348,1,2.0,Appartement,60.0,2.0
1738948,06/04/2018,Vente,"104900,00",4.0,PL,7990,ST NICAISE,51100.0,REIMS,51,454,CZ,131,1,2.0,Appartement,22.0,2.0
1738949,06/04/2018,Vente,"104900,00",4.0,PL,7990,ST NICAISE,51100.0,REIMS,51,454,CZ,131,1,2.0,Appartement,17.0,2.0
1738950,06/04/2018,Vente,"104900,00",4.0,PL,7990,ST NICAISE,51100.0,REIMS,51,454,CZ,131,1,2.0,Appartement,17.0,2.0
1738955,04/04/2018,Vente,"22500,00",38.0,RUE,5650,DE LOUVOIS,51100.0,REIMS,51,454,DV,639,1,2.0,Appartement,37.0,1.0
1738960,06/04/2018,Vente,"50000,00",66.0,RUE,1670,DU CHAMP DE MARS,51100.0,REIMS,51,454,BI,590,1,2.0,Appartement,16.0,1.0
1738962,21/03/2018,Vente en l'état futur d'achèvement,"986000,00",21.0,RUE,4540,HENRI IV,51100.0,REIMS,51,454,IL,3,2,2.0,Appartement,147.0,5.0
1738965,11/04/2018,Vente,"110000,00",16.0,AV,4900,JEAN JAURES,51100.0,REIMS,51,454,CW,57,2,2.0,Appartement,45.0,2.0
1738979,04/04/2018,Vente,"135000,00",25.0,RUE,6760,PAUL ADAM,51100.0,REIMS,51,454,IK,196,3,2.0,Appartement,53.0,2.0
1739038,12/04/2018,Vente,"379000,00",125.0,RUE,9040,DE VESLE,51100.0,REIMS,51,454,IK,1346,2,2.0,Appartement,122.0,4.0
1739088,10/04/2018,Vente,"32000,00",54.0,RUE,1360,CAMILLE LENOIR,51100.0,REIMS,51,454,BH,151,1,2.0,Appartement,20.0,1.0
1739092,11/04/2018,Vente,"61000,00",5.0,PL,5900,MARGUERITE ROUSSELET,51100.0,REIMS,51,454,BI,662,2,2.0,Appartement,30.0,1.0
1739097,04/04/2018,Vente en l'état futur d'achèvement,"230770,00",65.0,RUE,6230,DU MONT D ARENE,51100.0,REIMS,51,454,AT,9,1,2.0,Appartement,62.0,3.0
1739102,04/04/2018,Vente,"85000,00",3.0,CHS,7970,SAINT MARTIN,51100.0,REIMS,51,454,DN,587,1,2.0,Appartement,56.0,3.0
1739104,06/04/2018,Vente en l'état futur d'achèvement,"133500,00",65.0,RUE,6230,DU MONT D ARENE,51100.0,REIMS,51,454,AT,9,1,2.0,Appartement,42.0,2.0
1739105,30/03/2018,Vente,"621750,00",5.0,RUE,5460,LESAGE,51100.0,REIMS,51,454,AW,331,0,2.0,Appartement,20.0,1.0
1739106,30/03/2018,Vente,"621750,00",5.0,RUE,5460,LESAGE,51100.0,REIMS,51,454,AW,331,0,2.0,Appartement,20.0,1.0
1739107,30/03/2018,Vente,"621750,00",5.0,RUE,5460,LESAGE,51100.0,REIMS,51,454,AW,331,0,2.0,Appartement,18.0,1.0
1739109,30/03/2018,Vente,"621750,00",5.0,RUE,5460,LESAGE,51100.0,REIMS,51,454,AW,331,0,2.0,Appartement,20.0,1.0
1739110,30/03/2018,Vente,"621750,00",5.0,RUE,5460,LESAGE,51100.0,REIMS,51,454,AW,331,0,2.0,Appartement,95.0,4.0
1739111,30/03/2018,Vente,"621750,00",5.0,RUE,5460,LESAGE,51100.0,REIMS,51,454,AW,331,0,2.0,Appartement,95.0,4.0
1739112,30/03/2018,Vente,"621750,00",5.0,RUE,5460,LESAGE,51100.0,REIMS,51,454,AW,331,0,2.0,Appartement,75.0,3.0
1739113,30/03/2018,Vente,"621750,00",5.0,RUE,5460,LESAGE,51100.0,REIMS,51,454,AW,331,0,2.0,Appartement,20.0,1.0
1739114,30/03/2018,Vente,"621750,00",5.0,RUE,5460,LESAGE,51100.0,REIMS,51,454,AW,331,0,2.0,Appartement,20.0,1.0
1739115,30/03/2018,Vente,"621750,00",5.0,RUE,5460,LESAGE,51100.0,REIMS,51,454,AW,331,0,2.0,Appartement,90.0,4.0
1739117,30/03/2018,Vente,"148000,00",85.0,BD,1800,CHARLES ARNOULD,51100.0,REIMS,51,454,AV,556,1,2.0,Appartement,62.0,3.0
1739119,16/04/2018,Vente,"85500,00",34.0,BD,9070,VICTOR HUGO,51100.0,REIMS,51,454,CZ,190,2,2.0,Appartement,45.0,2.0
1739122,13/04/2018,Vente,"230000,00",4.0,RUE,5930,MARIE STUART,51100.0,REIMS,51,454,CX,284,2,2.0,Appartement,100.0,3.0
1739123,13/04/2018,Vente,"49000,00",47.0,RUE,3570,DE FISMES,51100.0,REIMS,51,454,AR,894,1,2.0,Appartement,17.0,1.0
1739124,13/04/2018,Vente,"209350,00",3.0,COUR,2660,DAUPHINOT,51100.0,REIMS,51,454,BH,556,0,2.0,Appartement,18.0,1.0
1739125,13/04/2018,Vente,"209350,00",3.0,COUR,2660,DAUPHINOT,51100.0,REIMS,51,454,BH,556,0,2.0,Appartement,39.0,2.0
1739126,13/04/2018,Vente,"209350,00",3.0,COUR,2660,DAUPHINOT,51100.0,REIMS,51,454,BH,556,0,2.0,Appartement,31.0,1.0
1739131,13/04/2018,Vente,"160000,00",95.0,RUE,8090,SAINT THIERRY,51100.0,REIMS,51,454,AO,454,2,2.0,Appartement,104.0,4.0
1739137,30/03/2018,Vente,"207000,00",2.0,RUE,5730,MABILLON,51100.0,REIMS,51,454,BI,755,1,2.0,Appartement,77.0,3.0
1739139,11/04/2018,Vente,"45500,00",2.0,RUE,1720,DU CHANOINE LALLEMENT,51100.0,REIMS,51,454,DT,175,2,2.0,Appartement,36.0,1.0
1739141,30/03/2018,Vente,"155000,00",16.0,RUE,4035,GERARD PHILIPE,51100.0,REIMS,51,454,CI,67,2,2.0,Appartement,64.0,3.0
1739154,12/04/2018,Vente,"77000,00",76.0,BD,1800,CHARLES ARNOULD,51100.0,REIMS,51,454,AO,493,2,2.0,Appartement,53.0,2.0
1739158,11/04/2018,Vente,"25000,00",6.0,RUE,0150,D ALGER,51100.0,REIMS,51,454,CS,25,1,2.0,Appartement,40.0,2.0
1739161,19/04/2018,Vente,"204000,00",44.0,RUE,3500,FAVART D HERBIGNY,51100.0,REIMS,51,454,CV,873,0,2.0,Appartement,54.0,2.0
1739163,19/04/2018,Vente,"204000,00",44.0,RUE,3500,FAVART D HERBIGNY,51100.0,REIMS,51,454,CV,873,0,2.0,Appartement,25.0,1.0
1739164,19/04/2018,Vente,"204000,00",44.0,RUE,3500,FAVART D HERBIGNY,51100.0,REIMS,51,454,CV,873,0,2.0,Appartement,21.0,1.0
1739165,19/04/2018,Vente,"204000,00",44.0,RUE,3500,FAVART D HERBIGNY,51100.0,REIMS,51,454,CV,873,0,2.0,Appartement,21.0,1.0
1739166,19/04/2018,Vente,"204000,00",44.0,RUE,3500,FAVART D HERBIGNY,51100.0,REIMS,51,454,CV,873,0,2.0,Appartement,25.0,2.0
1739171,12/04/2018,Vente,"120000,00",26.0,RUE,1740,CHANZY,51100.0,REIMS,51,454,IK,74,1,2.0,Appartement,30.0,2.0
1739172,12/04/2018,Vente,"120000,00",26.0,RUE,1740,CHANZY,51100.0,REIMS,51,454,IK,74,1,2.0,Appartement,30.0,2.0
1739173,12/04/2018,Vente,"121000,00",26.0,RUE,1740,CHANZY,51100.0,REIMS,51,454,IK,74,1,2.0,Appartement,30.0,1.0
1739176,16/04/2018,Vente,"167000,00",15.0,RUE,8720,TOURNEBONNEAU,51100.0,REIMS,51,454,DM,630,2,2.0,Appartement,85.0,4.0
1739179,10/04/2018,Vente,"270000,00",13.0,BD,5680,LUNDY,51100.0,REIMS,51,454,BE,41,2,2.0,Appartement,126.0,4.0
1739180,30/03/2018,Vente,"420000,00",125.0,RUE,9040,DE VESLE,51100.0,REIMS,51,454,IK,1346,1,2.0,Appartement,189.0,6.0
1739182,03/04/2018,Vente,"68000,00",84.0,RUE,3000,DOCTEUR THOMAS,51100.0,REIMS,51,454,AW,267,3,2.0,Appartement,38.0,2.0
1739194,11/04/2018,Vente,"52000,00",11.0,PL,8711,TOULOUSE LAUTREC,51100.0,REIMS,51,454,KR,27,1,2.0,Appartement,30.0,1.0
1739196,05/04/2018,Vente,"82569,00",31.0,RUE,4160,DE LA GOULETTE,51100.0,REIMS,51,454,BL,469,2,2.0,Appartement,71.0,3.0
1739201,13/04/2018,Vente,"69000,00",50.0,RUE,7160,PONSARDIN,51100.0,REIMS,51,454,CX,152,1,2.0,Appartement,20.0,1.0
1739204,20/04/2018,Vente,"43000,00",21.0,AV,4455,HENRI FARMAN,51100.0,REIMS,51,454,DH,90,1,2.0,Appartement,17.0,1.0
1739206,12/04/2018,Vente,"85000,00",34.0,RUE,3280,EMILE ZOLA,51100.0,REIMS,51,454,AW,403,2,2.0,Appartement,123.0,1.0
1739207,04/04/2018,Vente,"136100,00",86.0,RUE,4150,GOSSET,51100.0,REIMS,51,454,BC,153,2,2.0,Appartement,61.0,3.0
1739211,11/04/2018,Vente,"80000,00",60.0,RUE,4560,HINCMAR,51100.0,REIMS,51,454,IK,758,2,2.0,Appartement,25.0,1.0
1739212,11/04/2018,Vente,"70000,00",209.0,RUE,0600,DU BARBATRE,51100.0,REIMS,51,454,CZ,251,1,2.0,Appartement,22.0,1.0
1739213,11/04/2018,Vente,"117000,00",209.0,RUE,0600,DU BARBATRE,51100.0,REIMS,51,454,CZ,251,1,2.0,Appartement,44.0,3.0
1739214,16/04/2018,Vente,"38500,00",20.0,RUE,2975,DR LUCIEN BETTINGER,51100.0,REIMS,51,454,AE,262,2,2.0,Appartement,31.0,1.0
1739228,12/04/2018,Vente,"140000,00",75.0,BD,6790,PAUL DOUMER,51100.0,REIMS,51,454,IK,335,2,2.0,Appartement,95.0,4.0
1739230,17/04/2018,Vente,"62000,00",27.0,RUE,1870,DE CHATIVESLE,51100.0,REIMS,51,454,IM,493,1,2.0,Appartement,29.0,2.0
1739238,04/04/2018,Vente,"432500,00",113.0,RUE,9040,DE VESLE,51100.0,REIMS,51,454,IK,1347,1,2.0,Appartement,129.0,5.0
1739239,17/04/2018,Vente,"446700,00",16.0,RUE,3340,DE L EQUERRE,51100.0,REIMS,51,454,CY,648,1,2.0,Appartement,146.0,6.0
1739243,17/04/2018,Vente,"320000,00",113.0,RUE,9040,DE VESLE,51100.0,REIMS,51,454,IK,1347,1,2.0,Appartement,86.0,3.0
1739250,17/04/2018,Vente,"99000,00",14.0,RUE,8480,DE TAISSY,51100.0,REIMS,51,454,DK,233,2,2.0,Appartement,69.0,4.0
1739253,16/04/2018,Vente en l'état futur d'achèvement,"219000,00",36.0,RUE,7580,ROGER SALENGRO,51100.0,REIMS,51,454,AX,43,1,2.0,Appartement,66.0,3.0
1739256,13/04/2018,Vente,"85000,00",21.0,RUE,9210,DE WITRY,51100.0,REIMS,51,454,CT,186,2,2.0,Appartement,49.0,2.0
1739262,09/04/2018,Vente,"125000,00",23.0,BD,0710,DES BELGES,51100.0,REIMS,51,454,AM,89,1,2.0,Appartement,116.0,5.0
1739275,09/04/2018,Vente,"98000,00",9.0,RUE,1730,CHANTERAINE,51100.0,REIMS,51,454,DM,634,2,2.0,Appartement,67.0,3.0
1739280,30/03/2018,Vente,"239400,00",47.0,RUE,8560,DES TELLIERS,51100.0,REIMS,51,454,IL,293,1,2.0,Appartement,98.0,3.0
1739283,04/04/2018,Vente,"145000,00",34.0,RUE,7026,PIERRE DE MARIVAUX,51100.0,REIMS,51,454,EX,502,1,2.0,Appartement,66.0,2.0
1739318,20/04/2018,Vente en l'état futur d'achèvement,"230500,00",,RUE,5891,MARCEL THIL,51100.0,REIMS,51,454,AV,1082,1,2.0,Appartement,58.0,3.0
1739320,25/04/2018,Vente,"60000,00",5.0,PL,5900,MARGUERITE ROUSSELET,51100.0,REIMS,51,454,BI,662,2,2.0,Appartement,29.0,1.0
1739322,09/04/2018,Vente,"250000,00",15.0,RUE,8620,THIERS,51100.0,REIMS,51,454,IL,400,2,2.0,Appartement,97.0,5.0
1739324,18/04/2018,Vente,"143500,00",22.0,RUE,7720,DU RUISSELET,51100.0,REIMS,51,454,DM,663,2,2.0,Appartement,78.0,4.0
1739326,12/04/2018,Vente en l'état futur d'achèvement,"296000,00",32.0,RUE,8270,DE SEBASTOPOL,51100.0,REIMS,51,454,BK,356,1,2.0,Appartement,70.0,3.0
1739330,16/04/2018,Vente,"136000,00",11.0,RUE,1730,CHANTERAINE,51100.0,REIMS,51,454,DM,634,2,2.0,Appartement,79.0,4.0
1739331,13/04/2018,Vente,"238800,00",48.0,RUE,7710,RUINART DE BRIMONT,51100.0,REIMS,51,454,CW,156,1,2.0,Appartement,106.0,5.0
1739333,12/04/2018,Vente en l'état futur d'achèvement,"167800,00",32.0,RUE,8270,DE SEBASTOPOL,51100.0,REIMS,51,454,BK,356,1,2.0,Appartement,44.0,2.0
1739341,17/04/2018,Vente,"78000,00",4.0,RUE,4220,GRANDVAL,51100.0,REIMS,51,454,CL,985,1,2.0,Appartement,47.0,3.0
1739348,10/04/2018,Vente,"134500,00",13.0,RUE,3500,FAVART D HERBIGNY,51100.0,REIMS,51,454,CV,902,1,2.0,Appartement,55.0,3.0
1739349,16/04/2018,Vente,"42450,00",255.0,RUE,2440,DE COURLANCY,51100.0,REIMS,51,454,DN,547,1,2.0,Appartement,30.0,1.0
1739356,17/04/2018,Vente,"93000,00",15.0,RUE,1030,DE LA BONNE FEMME,51100.0,REIMS,51,454,DO,242,2,2.0,Appartement,65.0,3.0
1739357,26/04/2018,Vente,"105000,00",71.0,RUE,8950,DE VENISE,51100.0,REIMS,51,454,CY,440,2,2.0,Appartement,49.0,3.0
1739360,24/04/2018,Vente,"36000,00",6.0,RUE,0150,D ALGER,51100.0,REIMS,51,454,CS,25,1,2.0,Appartement,22.0,1.0
1739371,26/04/2018,Vente,"49000,00",17.0,RUE,0820,DE BERRU,51100.0,REIMS,51,454,CV,812,1,2.0,Appartement,22.0,1.0
1739374,24/04/2018,Vente,"217000,00",2.0,RUE,7060,PIPER,51100.0,REIMS,51,454,CW,706,1,2.0,Appartement,153.0,4.0
1739412,16/04/2018,Vente,"86200,00",11.0,RUE,9090,VICTOR ROGELET,51100.0,REIMS,51,454,AW,159,1,2.0,Appartement,41.0,2.0
1739414,23/04/2018,Vente,"95000,00",8.0,RUE,0254,ANDRE FAIVRE,51100.0,REIMS,51,454,KP,30,1,2.0,Appartement,69.0,3.0
1739418,16/04/2018,Vente,"70000,00",96.0,AV,3320,D EPERNAY,51100.0,REIMS,51,454,HW,387,2,2.0,Appartement,37.0,1.0
1739419,30/04/2018,Vente,"68200,00",22.0,RUE,3048,DUMONT D URVILLE,51100.0,REIMS,51,454,ET,199,2,2.0,Appartement,72.0,3.0
1739421,25/04/2018,Vente,"213000,00",6.0,RUE,5540,LINGUET,51100.0,REIMS,51,454,BE,241,1,2.0,Appartement,79.0,3.0
1739422,25/04/2018,Vente,"213000,00",6.0,RUE,5540,LINGUET,51100.0,REIMS,51,454,BE,241,1,2.0,Appartement,75.0,3.0
1739426,24/04/2018,Vente,"128800,00",70.0,RUE,0600,DU BARBATRE,51100.0,REIMS,51,454,CY,253,2,2.0,Appartement,55.0,1.0
1739428,20/04/2018,Vente,"44000,00",15.0,RUE,7650,DE ROUBAIX,51100.0,REIMS,51,454,DO,364,1,2.0,Appartement,21.0,1.0
1739430,19/04/2018,Vente,"210000,00",49.0,RUE,1620,CHABAUD,51100.0,REIMS,51,454,IK,714,1,2.0,Appartement,96.0,4.0
1739439,20/04/2018,Vente,"130000,00",70.0,PROM,6867,DU PEIGNAGE,51100.0,REIMS,51,454,CT,533,1,2.0,Appartement,46.0,2.0
1739443,23/04/2018,Vente,"113000,00",28.0,ESP,3590,FLECHAMBAULT,51100.0,REIMS,51,454,DM,631,2,2.0,Appartement,73.0,3.0
1739444,04/04/2018,Vente,"43500,00",17.0,RUE,7090,PLUMET FOLLIART,51100.0,REIMS,51,454,AV,481,1,2.0,Appartement,31.0,1.0
1739446,20/04/2018,Vente,"164000,00",7.0,RUE,4100,DES GOBELINS,51100.0,REIMS,51,454,CV,979,2,2.0,Appartement,81.0,3.0
1739447,16/04/2018,Vente en l'état futur d'achèvement,"229900,00",,RUE,5891,MARCEL THIL,51100.0,REIMS,51,454,AV,1082,1,2.0,Appartement,70.0,3.0
1739452,04/04/2018,Vente,"114300,00",42.0,RUE,0630,DU BASTION,51100.0,REIMS,51,454,CW,279,1,2.0,Appartement,47.0,2.0
1739454,26/04/2018,Vente,"135000,00",27.0,BD,6690,DE LA PAIX,51100.0,REIMS,51,454,CK,128,2,2.0,Appartement,72.0,3.0
1739455,12/04/2018,Vente,"123120,00",22.0,RUE,2190,DU COLONEL MOLL,51100.0,REIMS,51,454,AX,616,2,2.0,Appartement,65.0,3.0
1739460,30/04/2018,Vente,"124000,00",6.0,RUE,8320,DE SILLERY,51100.0,REIMS,51,454,CI,116,1,2.0,Appartement,72.0,3.0
1739462,30/04/2018,Vente,"54000,00",5.0,RUE,4307,GUILLAUME APOLLINAIRE,51100.0,REIMS,51,454,KP,30,1,2.0,Appartement,44.0,1.0
1739464,27/04/2018,Vente,"272500,00",98.0,RUE,1390,DES CAPUCINS,51100.0,REIMS,51,454,IK,271,0,2.0,Appartement,53.0,3.0
1739465,27/04/2018,Vente,"272500,00",98.0,RUE,1390,DES CAPUCINS,51100.0,REIMS,51,454,IK,271,0,2.0,Appartement,64.0,3.0
1739473,17/04/2018,Vente,"140000,00",24.0,RUE,6864,PAYEN,51100.0,REIMS,51,454,HZ,20,2,2.0,Appartement,51.0,3.0
1739474,27/04/2018,Vente,"90000,00",40.0,RUE,7440,RENE BOURGEOIS,51100.0,REIMS,51,454,HX,345,0,2.0,Appartement,38.0,2.0
1739475,27/04/2018,Vente,"90000,00",40.0,RUE,7440,RENE BOURGEOIS,51100.0,REIMS,51,454,HX,345,0,2.0,Appartement,31.0,2.0
1739476,27/04/2018,Vente,"90000,00",40.0,RUE,7440,RENE BOURGEOIS,51100.0,REIMS,51,454,HX,345,0,2.0,Appartement,34.0,1.0
1739479,30/04/2018,Vente,"151000,00",4.0,RUE,5290,LANTIOME,51100.0,REIMS,51,454,CL,120,2,2.0,Appartement,55.0,3.0
1739483,13/04/2018,Vente,"137000,00",9.0,RUE,9240,WARNIER,51100.0,REIMS,51,454,BH,284,2,2.0,Appartement,52.0,2.0
1739486,16/04/2018,Vente,"122800,00",39.0,RUE,0330,ANTOINE GOUSSIEZ,51100.0,REIMS,51,454,AM,769,1,2.0,Appartement,48.0,2.0
1739491,20/04/2018,Vente,"56500,00",73.0,RUE,7160,PONSARDIN,51100.0,REIMS,51,454,CY,627,1,2.0,Appartement,21.0,1.0
1739494,12/04/2018,Vente,"124000,00",240.0,AV,5300,DE LAON,51100.0,REIMS,51,454,AX,462,2,2.0,Appartement,78.0,4.0
1739498,16/04/2018,Vente,"168150,00",21.0,RUE,0550,BACQUENOIS,51100.0,REIMS,51,454,IM,261,2,2.0,Appartement,51.0,2.0
1739500,17/04/2018,Vente,"340350,00",2.0,RUE,1390,DES CAPUCINS,51100.0,REIMS,51,454,IK,922,1,2.0,Appartement,110.0,4.0
1739508,18/04/2018,Vente,"83000,00",113.0,RUE,3570,DE FISMES,51100.0,REIMS,51,454,AR,573,3,2.0,Appartement,37.0,2.0
1739514,20/04/2018,Vente,"96000,00",12.0,RUE,8330,SIMON,51100.0,REIMS,51,454,DM,637,1,2.0,Appartement,46.0,2.0
1739515,23/04/2018,Vente,"149000,00",25.0,RUE,5810,MAILLEFER,51100.0,REIMS,51,454,AV,859,1,2.0,Appartement,52.0,4.0
1739520,19/04/2018,Vente,"170000,00",13.0,RUE,8320,DE SILLERY,51100.0,REIMS,51,454,CK,43,2,2.0,Appartement,78.0,3.0
1739530,19/04/2018,Vente,"85000,00",6.0,RUE,8480,DE TAISSY,51100.0,REIMS,51,454,DK,184,1,2.0,Appartement,65.0,3.0
1739534,24/04/2018,Vente,"135000,00",67.0,RUE,1830,CHARLIER,51100.0,REIMS,51,454,BI,627,2,2.0,Appartement,72.0,4.0
1739540,25/04/2018,Vente,"150400,00",13.0,RUE,7090,PLUMET FOLLIART,51100.0,REIMS,51,454,AV,858,1,2.0,Appartement,86.0,3.0
1739544,16/04/2018,Vente,"112000,00",69.0,RUE,5891,MARCEL THIL,51100.0,REIMS,51,454,AV,761,2,2.0,Appartement,68.0,3.0
1739548,04/05/2018,Vente,"221860,00",14.0,RUE,3210,DES ELUS,51100.0,REIMS,51,454,IL,85,2,2.0,Appartement,69.0,3.0
1739549,25/04/2018,Vente,"105000,00",71.0,RUE,5891,MARCEL THIL,51100.0,REIMS,51,454,AV,761,2,2.0,Appartement,66.0,4.0
1739551,30/04/2018,Vente,"245000,00",20.0,RUE,8250,DE SAVOYE,51100.0,REIMS,51,454,BH,50,1,2.0,Appartement,109.0,3.0
1739572,19/04/2018,Vente,"300000,00",61.0,RUE,8950,DE VENISE,51100.0,REIMS,51,454,CY,444,0,2.0,Appartement,55.0,2.0
1739574,19/04/2018,Vente,"300000,00",61.0,RUE,8950,DE VENISE,51100.0,REIMS,51,454,CY,444,0,2.0,Appartement,55.0,3.0
1739578,23/04/2018,Vente en l'état futur d'achèvement,"143000,00",49.0,BD,2650,DAUPHINOT,51100.0,REIMS,51,454,CT,610,1,2.0,Appartement,39.0,2.0
1739584,25/04/2018,Vente,"48000,00",32.0,RUE,6160,DE METZ,51100.0,REIMS,51,454,CV,520,1,2.0,Appartement,18.0,1.0
1739587,24/04/2018,Vente,"111000,00",21.0,ALL,1725,CH NICOLAS ROLAND,51100.0,REIMS,51,454,DM,458,2,2.0,Appartement,70.0,3.0
1739588,21/04/2018,Vente,"53000,00",45.0,RUE,8430,DE STRASBOURG,51100.0,REIMS,51,454,CV,561,1,2.0,Appartement,22.0,1.0
1739590,02/05/2018,Vente,"110000,00",76.0,RUE,5615,LOUIS PASTEUR NEUV,51100.0,REIMS,51,454,KI,231,1,2.0,Appartement,60.0,3.0
1739592,27/04/2018,Vente en l'état futur d'achèvement,"125000,00",49.0,BD,2650,DAUPHINOT,51100.0,REIMS,51,454,CT,610,1,2.0,Appartement,42.0,2.0
1739594,19/04/2018,Vente,"63000,00",20.0,RUE,0820,DE BERRU,51100.0,REIMS,51,454,CW,338,1,2.0,Appartement,24.0,1.0
1739596,27/04/2018,Vente en l'état futur d'achèvement,"174954,00",412.0,AV,5300,DE LAON,51100.0,REIMS,51,454,AE,142,1,2.0,Appartement,80.0,3.0
1739597,27/04/2018,Vente,"295000,00",6.0,RUE,6270,MONTOISON,51100.0,REIMS,51,454,CX,163,2,2.0,Appartement,117.0,4.0
1739599,20/04/2018,Vente en l'état futur d'achèvement,"155820,00",42.0,RUE,4440,HENRI BARBUSSE,51100.0,REIMS,51,454,CL,1007,1,2.0,Appartement,44.0,2.0
1739605,27/04/2018,Vente,"100000,00",37.0,RUE,6010,MARTIN PELLER,51100.0,REIMS,51,454,HX,545,2,2.0,Appartement,57.0,3.0
1739607,20/04/2018,Vente,"72000,00",14.0,AV,3455,DE L EUROPE,51100.0,REIMS,51,454,CN,577,1,2.0,Appartement,77.0,4.0
1739611,23/04/2018,Vente en l'état futur d'achèvement,"146000,00",215.0,RUE,6470,DE NEUFCHATEL,51100.0,REIMS,51,454,AH,79,1,2.0,Appartement,71.0,3.0
1739613,14/05/2018,Vente,"156000,00",83.0,BD,4760,JAMIN,51100.0,REIMS,51,454,BI,663,3,2.0,Appartement,78.0,3.0
1739615,25/04/2018,Vente,"113000,00",16.0,RUE,9260,WERLE,51100.0,REIMS,51,454,BH,360,2,2.0,Appartement,46.0,2.0
1739616,20/04/2018,Vente,"125000,00",52.0,RUE,1550,CERES,51100.0,REIMS,51,454,CX,78,1,2.0,Appartement,69.0,3.0
1739618,23/04/2018,Vente,"45500,00",15.0,RUE,0740,BELIN,51100.0,REIMS,51,454,AX,258,1,2.0,Appartement,25.0,2.0
1739620,20/04/2018,Vente,"178000,00",37.0,RUE,8500,DE TALLEYRAND,51100.0,REIMS,51,454,IL,338,2,2.0,Appartement,90.0,3.0
1739642,24/04/2018,Vente,"150000,00",29.0,RUE,3770,FRANCOIS DOR,51100.0,REIMS,51,454,HW,390,1,2.0,Appartement,71.0,3.0
1739646,25/04/2018,Vente,"36000,00",1.0,RUE,0200,D ALSACE LORRAINE,51100.0,REIMS,51,454,CT,128,1,2.0,Appartement,16.0,1.0
1739647,24/04/2018,Vente,"141132,00",14.0,ESP,7433,REMI PELLOT,51100.0,REIMS,51,454,AN,169,1,2.0,Appartement,69.0,3.0
1739656,20/04/2018,Vente,"136000,00",71.0,RUE,5891,MARCEL THIL,51100.0,REIMS,51,454,AV,761,2,2.0,Appartement,64.0,4.0
1739662,27/04/2018,Vente,"202000,00",21.0,RUE,6740,PASSE DEMOISELLES,51100.0,REIMS,51,454,HY,184,1,2.0,Appartement,66.0,3.0
1739663,25/04/2018,Vente,"220000,00",94.0,RUE,8090,SAINT THIERRY,51100.0,REIMS,51,454,AN,688,0,2.0,Appartement,70.0,4.0
1739664,25/04/2018,Vente,"220000,00",94.0,RUE,8090,SAINT THIERRY,51100.0,REIMS,51,454,AN,688,0,2.0,Appartement,70.0,4.0
1739665,25/04/2018,Vente,"220000,00",94.0,RUE,8090,SAINT THIERRY,51100.0,REIMS,51,454,AN,688,0,2.0,Appartement,70.0,4.0
1739670,24/04/2018,Vente en l'état futur d'achèvement,"487440,00",25.0,RUE,3210,DES ELUS,51100.0,REIMS,51,454,IL,117,1,2.0,Appartement,92.0,4.0
1739679,27/04/2018,Vente,"53500,00",5.0,PL,5900,MARGUERITE ROUSSELET,51100.0,REIMS,51,454,BI,662,1,2.0,Appartement,30.0,1.0
1739683,03/05/2018,Vente,"190000,00",24.0,RUE,5270,LANDOUZY,51100.0,REIMS,51,454,AW,280,2,2.0,Appartement,54.0,2.0
1739685,26/04/2018,Vente,"71000,00",7.0,RUE,5650,DE LOUVOIS,51100.0,REIMS,51,454,DL,141,1,2.0,Appartement,30.0,1.0
1739688,24/04/2018,Vente,"255000,00",31.0,RUE,3210,DES ELUS,51100.0,REIMS,51,454,IL,129,1,2.0,Appartement,59.0,3.0
1739695,26/04/2018,Vente,"81000,00",1.0,AV,7295,DU PRESIDENT KENNEDY,51100.0,REIMS,51,454,KN,16,2,2.0,Appartement,49.0,2.0
1739709,24/04/2018,Vente,"208000,00",13.0,RUE,0123,CAPITAINE ALFRED DREYFUS,51100.0,REIMS,51,454,AV,1037,1,2.0,Appartement,63.0,3.0
1739715,25/04/2018,Vente,"137650,00",1.0,RUE,8720,TOURNEBONNEAU,51100.0,REIMS,51,454,DM,628,1,2.0,Appartement,73.0,4.0
1739718,14/05/2018,Vente,"136000,00",14.0,BD,2830,DIEU LUMIERE,51100.0,REIMS,51,454,DK,269,2,2.0,Appartement,67.0,3.0
1739723,29/03/2018,Vente,"230000,00",6.0,RUE,5780,DE LA MAGDELEINE,51100.0,REIMS,51,454,IM,505,1,2.0,Appartement,90.0,3.0
1739724,09/05/2018,Vente,"82500,00",3.0,IMP,2340,CORMICY,51100.0,REIMS,51,454,AV,222,2,2.0,Appartement,28.0,1.0
1739725,09/05/2018,Vente,"82500,00",3.0,IMP,2340,CORMICY,51100.0,REIMS,51,454,AV,222,1,2.0,Appartement,23.0,1.0
1739727,27/04/2018,Vente en l'état futur d'achèvement,"327880,00",25.0,RUE,3210,DES ELUS,51100.0,REIMS,51,454,IL,117,1,2.0,Appartement,71.0,2.0
1739733,04/05/2018,Vente,"55000,00",1.0,RUE,8870,DES TUILERIES,51100.0,REIMS,51,454,DM,559,2,2.0,Appartement,39.0,1.0
1739734,02/05/2018,Vente,"43500,00",15.0,RUE,7650,DE ROUBAIX,51100.0,REIMS,51,454,DO,364,1,2.0,Appartement,21.0,1.0
1739738,16/05/2018,Vente,"115400,00",249.0,RUE,2440,DE COURLANCY,51100.0,REIMS,51,454,DN,217,2,2.0,Appartement,82.0,5.0
1739740,15/05/2018,Vente,"48000,00",12.0,ESP,6772,PAUL CEZANNE,51100.0,REIMS,51,454,KR,4,2,2.0,Appartement,73.0,4.0
1739742,14/05/2018,Vente,"121250,00",5.0,AV,4010,GEORGES CLEMENCEAU,51100.0,REIMS,51,454,CK,29,2,2.0,Appartement,70.0,4.0
1739743,09/05/2018,Vente,"43000,00",15.0,RUE,2740,DERODE,51100.0,REIMS,51,454,BI,199,1,2.0,Appartement,24.0,1.0
1739776,19/04/2018,Vente,"190000,00",125.0,RUE,9040,DE VESLE,51100.0,REIMS,51,454,IK,1346,1,2.0,Appartement,80.0,4.0
1739783,03/05/2018,Vente,"80000,00",27.0,RUE,4160,DE LA GOULETTE,51100.0,REIMS,51,454,BL,469,2,2.0,Appartement,71.0,3.0
1739787,14/05/2018,Vente,"47000,00",11.0,RUE,8670,DE TINQUEUX,51100.0,REIMS,51,454,IO,390,1,2.0,Appartement,19.0,1.0
1739788,23/04/2018,Vente,"114000,00",49.0,BD,3950,DU GENERAL LECLERC,51100.0,REIMS,51,454,IM,395,1,2.0,Appartement,42.0,2.0
1739789,23/04/2018,Vente,"96000,00",21.0,CRS,0250,ANATOLE FRANCE,51100.0,REIMS,51,454,CX,219,1,2.0,Appartement,30.0,1.0
1739794,27/04/2018,Vente en l'état futur d'achèvement,"373080,00",25.0,RUE,3210,DES ELUS,51100.0,REIMS,51,454,IL,117,1,2.0,Appartement,66.0,3.0
1739809,16/05/2018,Vente,"118000,00",6.0,RUE,7610,DES ROMAINS,51100.0,REIMS,51,454,AT,72,1,2.0,Appartement,63.0,3.0
1739818,03/05/2018,Vente,"132000,00",3.0,RUE,6740,PASSE DEMOISELLES,51100.0,REIMS,51,454,HX,441,2,2.0,Appartement,74.0,3.0
1739822,24/04/2018,Vente,"110000,00",38.0,RUE,9040,DE VESLE,51100.0,REIMS,51,454,IL,150,1,2.0,Appartement,53.0,2.0
1739823,30/04/2018,Vente,"58000,00",1.0,RUE,2250,DE LA CONCORDE,51100.0,REIMS,51,454,IO,16,1,2.0,Appartement,20.0,1.0
1739831,04/05/2018,Vente,"350000,00",20.0,BD,6690,DE LA PAIX,51100.0,REIMS,51,454,CX,106,4,2.0,Appartement,165.0,7.0
1739832,07/05/2018,Vente,"103000,00",17.0,RUE,0820,DE BERRU,51100.0,REIMS,51,454,CV,812,2,2.0,Appartement,91.0,5.0
1739834,14/05/2018,Vente,"125600,00",3.0,RUE,4545,HENRI ROYER,51100.0,REIMS,51,454,HV,978,2,2.0,Appartement,76.0,4.0
1739836,26/04/2018,Vente,"63600,00",24.0,RUE,3530,FERRAND,51100.0,REIMS,51,454,BI,687,1,2.0,Appartement,28.0,1.0
1739837,11/05/2018,Vente,"115000,00",64.0,AV,4900,JEAN JAURES,51100.0,REIMS,51,454,CW,644,2,2.0,Appartement,55.0,3.0
1739842,26/04/2018,Vente,"71000,00",153.0,AV,5300,DE LAON,51100.0,REIMS,51,454,AV,1086,2,2.0,Appartement,49.0,2.0
1739846,26/04/2018,Vente,"105000,00",61.0,RUE,4770,DU JARD,51100.0,REIMS,51,454,IK,288,2,2.0,Appartement,48.0,2.0
1739850,18/05/2018,Vente,"130000,00",36.0,RUE,6890,PERSEVAL,51100.0,REIMS,51,454,CW,458,2,2.0,Appartement,49.0,2.0
1739857,04/05/2018,Vente,"98000,00",26.0,RUE,1740,CHANZY,51100.0,REIMS,51,454,IK,74,1,2.0,Appartement,33.0,1.0
1739860,18/05/2018,Vente,"93000,00",5.0,BD,9070,VICTOR HUGO,51100.0,REIMS,51,454,CZ,607,2,2.0,Appartement,43.0,2.0
1739862,27/04/2018,Vente,"213350,00",3.0,RUE,3140,DE L ECREVISSE,51100.0,REIMS,51,454,IL,99,3,2.0,Appartement,46.0,2.0
1739864,18/05/2018,Vente,"124300,00",11.0,RUE,3570,DE FISMES,51100.0,REIMS,51,454,AR,765,1,2.0,Appartement,51.0,3.0
1739867,16/05/2018,Vente,"150000,00",104.0,RUE,9040,DE VESLE,51100.0,REIMS,51,454,IM,148,1,2.0,Appartement,70.0,4.0
1739870,27/04/2018,Vente,"135000,00",12.0,RUE,3680,FORTEL,51100.0,REIMS,51,454,AR,470,2,2.0,Appartement,73.0,3.0
1739873,19/04/2018,Vente,"208500,00",7.0,RUE,1500,DU CARROUGE,51100.0,REIMS,51,454,IL,288,2,2.0,Appartement,64.0,4.0
1739876,30/04/2018,Vente,"116000,00",1.0,ALL,7615,RONSARD,51100.0,REIMS,51,454,DK,184,1,2.0,Appartement,90.0,5.0
1739886,30/04/2018,Vente,"83855,37",38.0,RUE,5650,DE LOUVOIS,51100.0,REIMS,51,454,DV,639,2,2.0,Appartement,30.0,2.0
1739903,27/04/2018,Vente,"301000,00",12.0,RUE,5930,MARIE STUART,51100.0,REIMS,51,454,CX,617,2,2.0,Appartement,132.0,6.0
1739914,27/04/2018,Vente,"110000,00",9.0,RUE,0700,DE BELFORT,51100.0,REIMS,51,454,CW,377,2,2.0,Appartement,52.0,2.0
1739924,22/05/2018,Vente,"148000,00",10.0,RUE,6680,D OSEILLE,51100.0,REIMS,51,454,CZ,600,1,2.0,Appartement,67.0,3.0
1739925,15/05/2018,Vente,"50000,00",30.0,RUE,5920,M CLEMENCE FOURIAUX,51100.0,REIMS,51,454,AV,353,1,2.0,Appartement,19.0,1.0
1739929,14/05/2018,Vente,"172000,00",113.0,RUE,5460,LESAGE,51100.0,REIMS,51,454,AY,241,1,2.0,Appartement,67.0,3.0
1739935,02/05/2018,Vente,"118355,37",38.0,RUE,5650,DE LOUVOIS,51100.0,REIMS,51,454,DV,639,2,2.0,Appartement,47.0,2.0
1739940,17/05/2018,Vente,"58000,00",9.0,RUE,4307,GUILLAUME APOLLINAIRE,51100.0,REIMS,51,454,KP,30,1,2.0,Appartement,40.0,1.0
1739948,07/05/2018,Vente,"65000,00",20.0,RUE,6230,DU MONT D ARENE,51100.0,REIMS,51,454,AV,361,1,2.0,Appartement,47.0,2.0
1739950,07/05/2018,Vente,"480000,00",4.0,RUE,1550,CERES,51100.0,REIMS,51,454,CX,39,1,2.0,Appartement,110.0,1.0
1739964,22/05/2018,Vente,"90000,00",7.0,RUE,4307,GUILLAUME APOLLINAIRE,51100.0,REIMS,51,454,KP,30,1,2.0,Appartement,56.0,2.0
1739969,15/05/2018,Vente,"330000,00",7.0,RUE,4360,HANNEQUIN,51100.0,REIMS,51,454,AX,205,0,2.0,Appartement,38.0,2.0
1739970,15/05/2018,Vente,"330000,00",7.0,RUE,4360,HANNEQUIN,51100.0,REIMS,51,454,AX,205,0,2.0,Appartement,23.0,1.0
1739971,15/05/2018,Vente,"330000,00",7.0,RUE,4360,HANNEQUIN,51100.0,REIMS,51,454,AX,205,0,2.0,Appartement,33.0,1.0
1739972,15/05/2018,Vente,"330000,00",7.0,RUE,4360,HANNEQUIN,51100.0,REIMS,51,454,AX,205,0,2.0,Appartement,45.0,2.0
1739973,15/05/2018,Vente,"330000,00",7.0,RUE,4360,HANNEQUIN,51100.0,REIMS,51,454,AX,205,0,2.0,Appartement,43.0,3.0
1739974,15/05/2018,Vente,"330000,00",7.0,RUE,4360,HANNEQUIN,51100.0,REIMS,51,454,AX,205,0,2.0,Appartement,36.0,2.0
1739975,04/05/2018,Vente,"237000,00",10.0,RUE,1020,BONHOMME,51100.0,REIMS,51,454,BE,88,3,2.0,Appartement,123.0,4.0
1739985,04/05/2018,Vente,"125000,00",63.0,AV,6730,DE PARIS,51100.0,REIMS,51,454,HX,10,1,2.0,Appartement,62.0,3.0
1739993,14/05/2018,Vente,"125000,00",24.0,RUE,8330,SIMON,51100.0,REIMS,51,454,DM,636,2,2.0,Appartement,83.0,4.0
1739998,16/05/2018,Vente,"135500,00",40.0,RUE,4970,JEANNE D ARC,51100.0,REIMS,51,454,IM,64,2,2.0,Appartement,43.0,3.0
1740009,30/04/2018,Vente,"55000,00",7.0,RUE,0200,D ALSACE LORRAINE,51100.0,REIMS,51,454,CT,125,1,2.0,Appartement,23.0,1.0
1740010,03/05/2018,Vente,"65000,00",41.0,RUE,3820,DE GABES,51100.0,REIMS,51,454,BL,332,3,2.0,Appartement,25.0,1.0
1740011,17/04/2018,Vente,"57000,00",4.0,RUE,5580,LOUIS BERTON,51100.0,REIMS,51,454,CY,56,1,2.0,Appartement,18.0,1.0
1740018,07/05/2018,Vente,"63000,00",15.0,PL,8711,TOULOUSE LAUTREC,51100.0,REIMS,51,454,KR,29,2,2.0,Appartement,30.0,1.0
1740019,09/05/2018,Vente,"135000,00",2.0,RUE,4150,GOSSET,51100.0,REIMS,51,454,BD,99,1,2.0,Appartement,81.0,4.0
1740024,14/05/2018,Vente,"329900,00",18.0,RUE,4035,GERARD PHILIPE,51100.0,REIMS,51,454,CI,67,2,2.0,Appartement,108.0,4.0
1740026,14/05/2018,Vente,"343500,00",14.0,RUE,0340,DE L ARBALETE,51100.0,REIMS,51,454,IL,75,2,2.0,Appartement,124.0,5.0
1740034,03/05/2018,Vente,"150000,00",2.0,IMP,0640,BAUSSONNET,51100.0,REIMS,51,454,AR,580,2,2.0,Appartement,74.0,4.0
1740038,11/05/2018,Vente,"99000,00",76.0,RUE,5615,LOUIS PASTEUR NEUV,51100.0,REIMS,51,454,KI,231,1,2.0,Appartement,52.0,3.0
1740040,15/05/2018,Vente en l'état futur d'achèvement,"210000,00",40.0,RUE,7790,DE ST BRICE,51100.0,REIMS,51,454,AT,247,1,2.0,Appartement,65.0,3.0
1740041,30/04/2018,Vente,"78000,00",10.0,RUE,8500,DE TALLEYRAND,51100.0,REIMS,51,454,IL,532,1,2.0,Appartement,26.0,2.0
1740044,03/05/2018,Vente,"45000,00",3.0,RUE,5930,MARIE STUART,51100.0,REIMS,51,454,CX,254,1,2.0,Appartement,13.0,1.0
1740050,18/05/2018,Vente,"2172000,00",12.0,RUE,2810,DIDEROT,51100.0,REIMS,51,454,CX,258,0,2.0,Appartement,30.0,1.0
1740051,18/05/2018,Vente,"2172000,00",12.0,RUE,2810,DIDEROT,51100.0,REIMS,51,454,CX,258,0,2.0,Appartement,35.0,1.0
1740052,18/05/2018,Vente,"2172000,00",12.0,RUE,2810,DIDEROT,51100.0,REIMS,51,454,CX,258,0,2.0,Appartement,35.0,1.0
1740059,23/05/2018,Vente,"165189,00",36.0,RUE,3850,GAMBETTA,51100.0,REIMS,51,454,IK,168,3,2.0,Appartement,69.0,4.0
1740070,09/05/2018,Vente,"900000,00",410.0,AV,5300,DE LAON,51100.0,REIMS,51,454,AE,203,0,2.0,Appartement,33.0,1.0
1740072,09/05/2018,Vente,"900000,00",410.0,AV,5300,DE LAON,51100.0,REIMS,51,454,AE,203,0,2.0,Appartement,40.0,2.0
1740075,09/05/2018,Vente,"900000,00",410.0,AV,5300,DE LAON,51100.0,REIMS,51,454,AE,203,0,2.0,Appartement,23.0,1.0
1740076,09/05/2018,Vente,"900000,00",410.0,AV,5300,DE LAON,51100.0,REIMS,51,454,AE,203,0,2.0,Appartement,23.0,1.0
1740077,09/05/2018,Vente,"900000,00",410.0,AV,5300,DE LAON,51100.0,REIMS,51,454,AE,203,0,2.0,Appartement,30.0,2.0
1740078,09/05/2018,Vente,"900000,00",410.0,AV,5300,DE LAON,51100.0,REIMS,51,454,AE,203,0,2.0,Appartement,37.0,1.0
1740079,09/05/2018,Vente,"900000,00",410.0,AV,5300,DE LAON,51100.0,REIMS,51,454,AE,203,0,2.0,Appartement,52.0,2.0
1740082,09/05/2018,Vente,"900000,00",410.0,AV,5300,DE LAON,51100.0,REIMS,51,454,AE,203,0,2.0,Appartement,30.0,2.0
1740084,09/05/2018,Vente,"900000,00",410.0,AV,5300,DE LAON,51100.0,REIMS,51,454,AE,203,0,2.0,Appartement,53.0,2.0
1740085,09/05/2018,Vente,"900000,00",410.0,AV,5300,DE LAON,51100.0,REIMS,51,454,AE,203,0,2.0,Appartement,52.0,2.0
1740092,14/05/2018,Vente,"110000,00",41.0,BD,2930,DOCTEUR HENRI HENROT,51100.0,REIMS,51,454,DM,663,2,2.0,Appartement,78.0,4.0
1740097,14/05/2018,Vente,"207000,00",9.0,RUE,3000,DOCTEUR THOMAS,51100.0,REIMS,51,454,AW,390,4,2.0,Appartement,78.0,4.0
1740104,28/05/2018,Vente,"95000,00",24.0,BD,5570,LOUIS BARTHOU,51100.0,REIMS,51,454,DT,671,2,2.0,Appartement,56.0,3.0
1740115,30/04/2018,Vente,"171000,00",43.0,RUE,8560,DES TELLIERS,51100.0,REIMS,51,454,IL,295,3,2.0,Appartement,81.0,4.0
1740117,04/05/2018,Vente,"195000,00",23.0,RUE,4650,HUGUES KRAFFT,51100.0,REIMS,51,454,AM,810,1,2.0,Appartement,130.0,5.0
1740119,16/05/2018,Vente,"110000,00",21.0,RUE,4650,HUGUES KRAFFT,51100.0,REIMS,51,454,AM,810,1,2.0,Appartement,63.0,3.0
1740123,18/05/2018,Vente,"197000,00",27.0,BD,6690,DE LA PAIX,51100.0,REIMS,51,454,CK,128,2,2.0,Appartement,69.0,3.0
1740125,15/05/2018,Vente,"83000,00",8.0,RUE,0700,DE BELFORT,51100.0,REIMS,51,454,CW,584,2,2.0,Appartement,43.0,2.0
1740128,04/05/2018,Vente,"197000,00",230.0,AV,4900,JEAN JAURES,51100.0,REIMS,51,454,CT,256,1,2.0,Appartement,45.0,2.0
1740129,04/05/2018,Vente,"197000,00",230.0,AV,4900,JEAN JAURES,51100.0,REIMS,51,454,CT,256,1,2.0,Appartement,55.0,3.0
1740130,24/05/2018,Vente,"182330,00",141.0,RUE,9040,DE VESLE,51100.0,REIMS,51,454,IK,824,1,2.0,Appartement,62.0,3.0
1740137,27/04/2018,Vente,"150000,00",2.0,RUE,7790,DE ST BRICE,51100.0,REIMS,51,454,AT,135,1,2.0,Appartement,69.0,3.0
1740162,23/05/2018,Vente,"59750,00",22.0,RUE,0740,BELIN,51100.0,REIMS,51,454,AX,276,1,2.0,Appartement,27.0,1.0
1740171,28/05/2018,Vente,"85325,00",37.0,RUE,6010,MARTIN PELLER,51100.0,REIMS,51,454,HX,545,2,2.0,Appartement,57.0,3.0
1740174,18/05/2018,Vente,"158000,00",27.0,BD,6690,DE LA PAIX,51100.0,REIMS,51,454,CK,128,2,2.0,Appartement,69.0,3.0
1740185,16/05/2018,Vente,"24300,00",41.0,RUE,6880,PERIN,51100.0,REIMS,51,454,AV,854,1,2.0,Appartement,14.0,2.0
1740190,11/05/2018,Vente,"86000,00",2.0,RUE,7280,PRESIDENT F ROOSEVELT,51100.0,REIMS,51,454,AT,105,1,2.0,Appartement,66.0,3.0
1740200,18/05/2018,Vente,"110000,00",43.0,BD,2930,DOCTEUR HENRI HENROT,51100.0,REIMS,51,454,DM,383,2,2.0,Appartement,47.0,2.0
1740201,14/05/2018,Vente,"78000,00",18.0,PL,8110,ST TIMOTHEE,51100.0,REIMS,51,454,DM,73,1,2.0,Appartement,39.0,2.0
1740204,04/05/2018,Vente,"120540,00",93.0,RUE,2440,DE COURLANCY,51100.0,REIMS,51,454,HY,162,2,2.0,Appartement,51.0,2.0
1740213,18/05/2018,Vente,"115000,00",8.0,AV,3455,DE L EUROPE,51100.0,REIMS,51,454,CM,118,2,2.0,Appartement,107.0,5.0
1740217,18/05/2018,Vente,"135000,00",27.0,RUE,0200,D ALSACE LORRAINE,51100.0,REIMS,51,454,CT,392,2,2.0,Appartement,82.0,4.0
1740223,18/05/2018,Vente,"56350,00",21.0,RUE,3280,EMILE ZOLA,51100.0,REIMS,51,454,AW,540,1,2.0,Appartement,25.0,1.0
1740224,22/05/2018,Vente,"81230,00",126.0,BD,8925,VASCO DE GAMA,51100.0,REIMS,51,454,EV,594,2,2.0,Appartement,68.0,3.0
1740225,30/05/2018,Vente,"68000,00",26.0,RUE,3360,ERNEST RENAN,51100.0,REIMS,51,454,AR,483,3,2.0,Appartement,37.0,2.0
1740243,29/05/2018,Vente en l'état futur d'achèvement,"177000,00",65.0,RUE,6230,DU MONT D ARENE,51100.0,REIMS,51,454,AT,9,1,2.0,Appartement,43.0,2.0
1740246,29/05/2018,Vente,"165000,00",3.0,RUE,4690,IRENEE LELIEVRE,51100.0,REIMS,51,454,HZ,200,1,2.0,Appartement,69.0,3.0
1740249,16/05/2018,Vente,"283000,00",26.0,RUE,7100,DES POISSONNIERS,51100.0,REIMS,51,454,IM,205,2,2.0,Appartement,81.0,3.0
1740251,22/05/2018,Vente,"215000,00",125.0,RUE,9040,DE VESLE,51100.0,REIMS,51,454,IK,1346,1,2.0,Appartement,71.0,3.0
1740252,18/05/2018,Vente,"98000,00",150.0,RUE,6830,P VAILLANT COUTURIER,51100.0,REIMS,51,454,AN,174,2,2.0,Appartement,64.0,3.0
1740254,18/05/2018,Vente,"53000,00",96.0,AV,3320,D EPERNAY,51100.0,REIMS,51,454,HW,387,2,2.0,Appartement,37.0,1.0
1740256,22/05/2018,Vente,"46000,00",19.0,RUE,3850,GAMBETTA,51100.0,REIMS,51,454,CY,12,3,2.0,Appartement,30.0,1.0
1740262,19/05/2018,Vente,"53500,00",67.0,RUE,3500,FAVART D HERBIGNY,51100.0,REIMS,51,454,CV,1134,1,2.0,Appartement,23.0,1.0
1740266,31/05/2018,Vente,"100000,00",213.0,AV,4900,JEAN JAURES,51100.0,REIMS,51,454,BK,274,2,2.0,Appartement,64.0,2.0
1740274,22/05/2018,Vente,"76000,00",1.0,RUE,8260,SCULPTEURS JACQUES,51100.0,REIMS,51,454,HW,278,1,2.0,Appartement,55.0,3.0
1740276,23/05/2018,Vente,"94400,00",22.0,RUE,0820,DE BERRU,51100.0,REIMS,51,454,CW,354,3,2.0,Appartement,53.0,3.0
1740277,24/05/2018,Vente,"118000,00",21.0,RUE,1980,DE CLAIRMARAIS,51100.0,REIMS,51,454,AT,171,1,2.0,Appartement,48.0,3.0
1740287,22/05/2018,Vente,"149000,00",5.0,ESP,7433,REMI PELLOT,51100.0,REIMS,51,454,AN,169,1,2.0,Appartement,85.0,4.0
1740290,24/05/2018,Vente,"163700,00",20.0,RUE,4740,JACQUART,51100.0,REIMS,51,454,BI,748,2,2.0,Appartement,71.0,3.0
1740292,24/05/2018,Vente,"295000,00",1.0,RUE,8640,DE THILLOIS,51100.0,REIMS,51,454,IM,138,2,2.0,Appartement,110.0,5.0
1740297,05/06/2018,Vente,"53000,00",31.0,RUE,4440,HENRI BARBUSSE,51100.0,REIMS,51,454,CW,612,1,2.0,Appartement,23.0,1.0
1740305,01/06/2018,Vente,"120000,00",1.0,ALL,5887,MARCEL CHEVAL,51100.0,REIMS,51,454,HT,163,2,2.0,Appartement,84.0,5.0
1740318,24/05/2018,Vente,"149900,00",127.0,BD,1800,CHARLES ARNOULD,51100.0,REIMS,51,454,AO,851,2,2.0,Appartement,78.0,4.0
1740321,29/05/2018,Vente,"122850,00",16.0,RUE,0270,ANDRIEUX,51100.0,REIMS,51,454,BE,38,2,2.0,Appartement,37.0,1.0
1740326,29/05/2018,Vente,"60000,00",5.0,RUE,7070,DU PISTOLET,51100.0,REIMS,51,454,DM,632,2,2.0,Appartement,28.0,1.0
1740328,17/05/2018,Vente,"101500,00",12.0,RUE,3970,DU GENERAL SARRAIL,51100.0,REIMS,51,454,IL,13,1,2.0,Appartement,37.0,1.0
1740336,23/05/2018,Vente,"66700,00",12.0,RUE,4120,GOIOT,51100.0,REIMS,51,454,CZ,11,1,2.0,Appartement,44.0,2.0
1740342,07/05/2018,Vente,"60000,00",13.0,RUE,1420,DU CARDINAL GOUSSET,51100.0,REIMS,51,454,BH,540,1,2.0,Appartement,29.0,1.0
1740349,30/05/2018,Vente,"45500,00",8.0,RUE,0105,ALFRED DE MUSSET,51100.0,REIMS,51,454,AD,830,2,2.0,Appartement,34.0,1.0
1740354,18/05/2018,Vente,"389500,00",22.0,RUE,0410,DE L ARQUEBUSE,51100.0,REIMS,51,454,IM,329,3,2.0,Appartement,127.0,5.0
1740356,16/05/2018,Vente,"60000,00",1.0,RUE,6850,PAULIN PARIS,51100.0,REIMS,51,454,AW,568,1,2.0,Appartement,36.0,2.0
1740357,24/05/2018,Vente,"140000,00",30.0,RUE,2740,DERODE,51100.0,REIMS,51,454,BI,150,1,2.0,Appartement,31.0,1.0
1740358,24/05/2018,Vente,"140000,00",14.0,RUE,4100,DES GOBELINS,51100.0,REIMS,51,454,CV,582,4,2.0,Appartement,35.0,2.0
1740359,31/05/2018,Vente,"55500,00",3.0,RUE,5920,M CLEMENCE FOURIAUX,51100.0,REIMS,51,454,AT,80,1,2.0,Appartement,24.0,1.0
1740364,31/05/2018,Vente,"141000,00",3.0,RUE,1640,DU CHALET,51100.0,REIMS,51,454,BK,328,1,2.0,Appartement,86.0,4.0
1740372,22/05/2018,Vente,"250000,00",7.0,RUE,8580,DES TEMPLIERS,51100.0,REIMS,51,454,BH,346,2,2.0,Appartement,99.0,3.0
1740375,01/06/2018,Vente en l'état futur d'achèvement,"175000,00",49.0,BD,2650,DAUPHINOT,51100.0,REIMS,51,454,CT,610,1,2.0,Appartement,62.0,3.0
1740376,01/06/2018,Vente,"72270,00",54.0,RUE,6210,DES MOISSONS,51100.0,REIMS,51,454,CK,134,1,2.0,Appartement,22.0,1.0
1740377,01/06/2018,Vente,"86000,00",26.0,RUE,1740,CHANZY,51100.0,REIMS,51,454,IK,74,1,2.0,Appartement,29.0,2.0
1740385,01/06/2018,Vente,"277400,00",60.0,RUE,6210,DES MOISSONS,51100.0,REIMS,51,454,CK,128,2,2.0,Appartement,115.0,5.0
1740390,01/06/2018,Vente,"220000,00",3.0,AV,4010,GEORGES CLEMENCEAU,51100.0,REIMS,51,454,CK,28,2,2.0,Appartement,106.0,4.0
1740394,01/06/2018,Vente,"112800,00",4.0,RUE,3987,GEORGES BERNANOS,51100.0,REIMS,51,454,HV,978,2,2.0,Appartement,81.0,4.0
1740397,01/06/2018,Vente,"327000,00",13.0,BD,5680,LUNDY,51100.0,REIMS,51,454,BE,41,3,2.0,Appartement,106.0,4.0
1740404,24/05/2018,Vente,"395000,00",61.0,RUE,5490,LIBERGIER,51100.0,REIMS,51,454,IK,929,4,2.0,Appartement,125.0,4.0
1740407,31/05/2018,Vente,"82000,00",45.0,RUE,4620,HOUZEAU MUIRON,51100.0,REIMS,51,454,CW,508,2,2.0,Appartement,35.0,1.0
1740410,28/05/2018,Vente en l'état futur d'achèvement,"164000,00",104.0,AV,5300,DE LAON,51100.0,REIMS,51,454,AW,515,1,2.0,Appartement,44.0,2.0
1740413,04/06/2018,Vente en l'état futur d'achèvement,"216000,00",49.0,BD,2650,DAUPHINOT,51100.0,REIMS,51,454,CT,610,1,2.0,Appartement,79.0,4.0
1740420,29/05/2018,Vente en l'état futur d'achèvement,"163000,00",104.0,AV,5300,DE LAON,51100.0,REIMS,51,454,AW,515,1,2.0,Appartement,47.0,2.0
1740424,18/05/2018,Vente,"190450,00",17.0,RUE,7100,DES POISSONNIERS,51100.0,REIMS,51,454,IM,553,1,2.0,Appartement,67.0,2.0
1740426,05/06/2018,Vente,"306000,00",17.0,BD,0710,DES BELGES,51100.0,REIMS,51,454,AM,841,0,2.0,Appartement,69.0,3.0
1740434,29/05/2018,Vente,"140000,00",198.0,AV,4900,JEAN JAURES,51100.0,REIMS,51,454,CV,34,2,2.0,Appartement,88.0,4.0
1740435,01/06/2018,Vente,"101000,00",39.0,RUE,8500,DE TALLEYRAND,51100.0,REIMS,51,454,IL,338,2,2.0,Appartement,33.0,1.0
1740439,07/06/2018,Vente,"338000,00",21.0,RUE,3340,DE L EQUERRE,51100.0,REIMS,51,454,CY,300,0,2.0,Appartement,71.0,4.0
1740440,07/06/2018,Vente,"338000,00",21.0,RUE,3340,DE L EQUERRE,51100.0,REIMS,51,454,CY,300,0,2.0,Appartement,31.0,1.0
1740441,07/06/2018,Vente,"338000,00",21.0,RUE,3340,DE L EQUERRE,51100.0,REIMS,51,454,CY,300,0,2.0,Appartement,54.0,1.0
1740442,07/06/2018,Vente,"338000,00",21.0,RUE,3340,DE L EQUERRE,51100.0,REIMS,51,454,CY,300,0,2.0,Appartement,65.0,3.0
1740445,31/05/2018,Vente en l'état futur d'achèvement,"154000,00",104.0,AV,5300,DE LAON,51100.0,REIMS,51,454,AW,515,1,2.0,Appartement,47.0,2.0
1740450,01/06/2018,Vente,"56500,00",48.0,RUE,7710,RUINART DE BRIMONT,51100.0,REIMS,51,454,CW,156,1,2.0,Appartement,22.0,1.0
1740452,23/05/2018,Vente,"77000,00",4.0,ESP,7433,REMI PELLOT,51100.0,REIMS,51,454,AN,169,1,2.0,Appartement,59.0,2.0
1740468,24/05/2018,Vente,"55000,00",59.0,RUE,6230,DU MONT D ARENE,51100.0,REIMS,51,454,AT,16,2,2.0,Appartement,22.0,1.0
1740476,01/06/2018,Vente,"128700,00",37.0,BD,2930,DOCTEUR HENRI HENROT,51100.0,REIMS,51,454,DM,663,2,2.0,Appartement,92.0,5.0
1740482,24/05/2018,Vente,"125000,00",17.0,ESP,3590,FLECHAMBAULT,51100.0,REIMS,51,454,DM,631,2,2.0,Appartement,73.0,3.0
1740490,24/05/2018,Vente,"210000,00",73.0,BD,6790,PAUL DOUMER,51100.0,REIMS,51,454,IK,335,2,2.0,Appartement,102.0,4.0
1740500,04/06/2018,Vente,"130000,00",41.0,RUE,0820,DE BERRU,51100.0,REIMS,51,454,CV,797,2,2.0,Appartement,61.0,2.0
1740501,14/05/2018,Vente,"50000,00",39.0,RUE,3500,FAVART D HERBIGNY,51100.0,REIMS,51,454,CV,894,1,2.0,Appartement,26.0,1.0
1740504,31/05/2018,Vente,"75000,00",76.0,RUE,5615,LOUIS PASTEUR NEUV,51100.0,REIMS,51,454,KI,231,1,2.0,Appartement,44.0,2.0
1740506,06/06/2018,Vente,"101000,00",13.0,ALL,1725,CH NICOLAS ROLAND,51100.0,REIMS,51,454,DM,239,2,2.0,Appartement,43.0,2.0
1740516,31/05/2018,Vente,"77000,00",76.0,RUE,5615,LOUIS PASTEUR NEUV,51100.0,REIMS,51,454,KI,231,1,2.0,Appartement,44.0,2.0
1740520,31/05/2018,Vente,"150000,00",4.0,RUE,2590,D ESTIENNE D ORVES,51100.0,REIMS,51,454,DV,481,1,2.0,Appartement,83.0,3.0
1740540,08/06/2018,Vente,"117000,00",76.0,BD,5680,LUNDY,51100.0,REIMS,51,454,BE,1,2,2.0,Appartement,62.0,2.0
1740541,31/05/2018,Vente,"640000,00",288.0,AV,5300,DE LAON,51100.0,REIMS,51,454,AX,748,0,2.0,Appartement,37.0,2.0
1740542,31/05/2018,Vente,"640000,00",288.0,AV,5300,DE LAON,51100.0,REIMS,51,454,AX,748,0,2.0,Appartement,19.0,1.0
1740543,31/05/2018,Vente,"640000,00",288.0,AV,5300,DE LAON,51100.0,REIMS,51,454,AX,748,0,2.0,Appartement,16.0,1.0
1740544,31/05/2018,Vente,"640000,00",288.0,AV,5300,DE LAON,51100.0,REIMS,51,454,AX,748,0,2.0,Appartement,25.0,2.0
1740546,31/05/2018,Vente,"640000,00",288.0,AV,5300,DE LAON,51100.0,REIMS,51,454,AX,748,0,2.0,Appartement,20.0,1.0
1740548,31/05/2018,Vente,"640000,00",288.0,AV,5300,DE LAON,51100.0,REIMS,51,454,AX,748,0,2.0,Appartement,40.0,2.0
1740549,31/05/2018,Vente,"640000,00",288.0,AV,5300,DE LAON,51100.0,REIMS,51,454,AX,748,0,2.0,Appartement,38.0,2.0
1740550,31/05/2018,Vente,"640000,00",288.0,AV,5300,DE LAON,51100.0,REIMS,51,454,AX,748,0,2.0,Appartement,30.0,2.0
1740551,31/05/2018,Vente,"640000,00",288.0,AV,5300,DE LAON,51100.0,REIMS,51,454,AX,748,0,2.0,Appartement,20.0,1.0
1740552,31/05/2018,Vente,"640000,00",288.0,AV,5300,DE LAON,51100.0,REIMS,51,454,AX,748,0,2.0,Appartement,16.0,1.0
1740565,08/06/2018,Vente,"51200,00",69.0,RUE,7710,RUINART DE BRIMONT,51100.0,REIMS,51,454,CW,431,2,2.0,Appartement,25.0,1.0
1740570,01/06/2018,Vente,"109000,00",63.0,RUE,2590,D ESTIENNE D ORVES,51100.0,REIMS,51,454,DV,410,1,2.0,Appartement,42.0,2.0
1740572,04/06/2018,Vente en l'état futur d'achèvement,"240000,00",90.0,RUE,7160,PONSARDIN,51100.0,REIMS,51,454,CY,755,1,2.0,Appartement,65.0,3.0
1740585,05/06/2018,Vente,"144300,00",31.0,RUE,6070,DE MARZILLY,51100.0,REIMS,51,454,AM,444,2,2.0,Appartement,99.0,4.0
1740587,08/06/2018,Vente,"182000,00",122.0,RUE,1640,DU CHALET,51100.0,REIMS,51,454,BL,389,1,2.0,Appartement,124.0,4.0
1740594,21/05/2018,Vente en l'état futur d'achèvement,"424000,00",25.0,RUE,3210,DES ELUS,51100.0,REIMS,51,454,IL,117,1,2.0,Appartement,78.0,2.0
1740598,04/06/2018,Vente,"156600,00",58.0,AV,3320,D EPERNAY,51100.0,REIMS,51,454,HW,50,2,2.0,Appartement,95.0,4.0
1740599,23/05/2018,Vente,"166100,00",1.0,RUE,1300,BRUYANT,51100.0,REIMS,51,454,AS,295,1,2.0,Appartement,69.0,3.0
1740606,07/06/2018,Vente,"45000,00",30.0,RUE,5920,M CLEMENCE FOURIAUX,51100.0,REIMS,51,454,AV,353,1,2.0,Appartement,27.0,1.0
1740609,01/06/2018,Vente,"114500,00",3.0,ESP,3590,FLECHAMBAULT,51100.0,REIMS,51,454,DM,636,2,2.0,Appartement,73.0,3.0
1740613,30/05/2018,Vente,"90000,00",19.0,RUE,4540,HENRI IV,51100.0,REIMS,51,454,IL,2,2,2.0,Appartement,29.0,2.0
1740621,31/05/2018,Vente,"274250,00",3.0,RUE,1280,BRULEE,51100.0,REIMS,51,454,IK,87,1,2.0,Appartement,73.0,3.0
1740624,30/05/2018,Vente,"129610,00",13.0,RUE,2450,COURMEAUX,51100.0,REIMS,51,454,BE,154,2,2.0,Appartement,38.0,2.0
1740626,30/05/2018,Vente,"149830,00",2.0,IMP,0640,BAUSSONNET,51100.0,REIMS,51,454,AR,580,2,2.0,Appartement,73.0,3.0
1740627,31/05/2018,Vente,"265000,00",8.0,RUE,5880,DU MARC,51100.0,REIMS,51,454,BE,525,1,2.0,Appartement,77.0,3.0
1740630,06/06/2018,Vente en l'état futur d'achèvement,"211000,00",49.0,BD,2650,DAUPHINOT,51100.0,REIMS,51,454,CT,610,1,2.0,Appartement,80.0,4.0
1740632,31/05/2018,Vente,"87000,00",3.0,BD,2830,DIEU LUMIERE,51100.0,REIMS,51,454,DM,638,2,2.0,Appartement,68.0,3.0
1740669,08/06/2018,Vente en l'état futur d'achèvement,"297196,00",29.0,RUE,0150,D ALGER,51100.0,REIMS,51,454,CR,61,1,2.0,Appartement,110.0,4.0
1740671,01/06/2018,Vente,"35000,00",134.0,BD,7960,ST MARCEAUX,51100.0,REIMS,51,454,CK,159,2,2.0,Appartement,21.0,1.0
1740676,15/06/2018,Vente,"85000,00",61.0,AV,5300,DE LAON,51100.0,REIMS,51,454,AV,334,1,2.0,Appartement,39.0,1.0
1740680,28/05/2018,Vente,"107000,00",9.0,RUE,0845,BERTRAND DE MUN,51100.0,REIMS,51,454,CM,116,2,2.0,Appartement,60.0,2.0
1740685,24/05/2018,Vente en l'état futur d'achèvement,"288720,00",25.0,RUE,3210,DES ELUS,51100.0,REIMS,51,454,IL,117,1,2.0,Appartement,50.0,2.0
1740695,29/05/2018,Vente,"301000,00",79.0,BD,6790,PAUL DOUMER,51100.0,REIMS,51,454,IK,335,2,2.0,Appartement,132.0,6.0
1740699,01/06/2018,Vente,"350000,00",59.0,RUE,5920,M CLEMENCE FOURIAUX,51100.0,REIMS,51,454,AV,443,1,2.0,Appartement,15.0,1.0
1740701,01/06/2018,Vente,"350000,00",59.0,RUE,5920,M CLEMENCE FOURIAUX,51100.0,REIMS,51,454,AV,443,1,2.0,Appartement,29.0,2.0
1740702,01/06/2018,Vente,"350000,00",59.0,RUE,5920,M CLEMENCE FOURIAUX,51100.0,REIMS,51,454,AV,443,1,2.0,Appartement,15.0,1.0
1740703,01/06/2018,Vente,"350000,00",59.0,RUE,5920,M CLEMENCE FOURIAUX,51100.0,REIMS,51,454,AV,443,1,2.0,Appartement,12.0,1.0
1740704,01/06/2018,Vente,"350000,00",59.0,RUE,5920,M CLEMENCE FOURIAUX,51100.0,REIMS,51,454,AV,443,1,2.0,Appartement,31.0,1.0
1740705,01/06/2018,Vente,"350000,00",59.0,RUE,5920,M CLEMENCE FOURIAUX,51100.0,REIMS,51,454,AV,443,1,2.0,Appartement,39.0,1.0
1740706,01/06/2018,Vente,"350000,00",59.0,RUE,5920,M CLEMENCE FOURIAUX,51100.0,REIMS,51,454,AV,443,1,2.0,Appartement,15.0,1.0
1740708,01/06/2018,Vente,"350000,00",59.0,RUE,5920,M CLEMENCE FOURIAUX,51100.0,REIMS,51,454,AV,443,1,2.0,Appartement,56.0,3.0
1740709,01/06/2018,Vente,"350000,00",59.0,RUE,5920,M CLEMENCE FOURIAUX,51100.0,REIMS,51,454,AV,443,1,2.0,Appartement,12.0,1.0
1740715,08/06/2018,Vente,"69160,00",26.0,RUE,7520,DE RILLY LA MONTAGNE,51100.0,REIMS,51,454,HS,222,1,2.0,Appartement,83.0,4.0
1740716,08/06/2018,Vente,"69160,00",26.0,RUE,7520,DE RILLY LA MONTAGNE,51100.0,REIMS,51,454,HS,222,1,2.0,Appartement,83.0,4.0
1740769,14/06/2018,Vente,"98000,00",76.0,RUE,8950,DE VENISE,51100.0,REIMS,51,454,IK,329,1,2.0,Appartement,54.0,2.0
1740773,08/06/2018,Vente,"122200,00",76.0,RUE,5340,LECOINTRE,51100.0,REIMS,51,454,AV,74,1,2.0,Appartement,70.0,3.0
1740776,14/06/2018,Vente,"60000,00",30.0,RUE,3820,DE GABES,51100.0,REIMS,51,454,BL,294,1,2.0,Appartement,32.0,2.0
1740777,12/06/2018,Vente,"60000,00",9.0,RUE,7420,REIMBEAU,51100.0,REIMS,51,454,AX,63,2,2.0,Appartement,44.0,2.0
1740782,31/05/2018,Vente,"350000,00",168.0,BD,7140,POMMERY,51100.0,REIMS,51,454,CL,595,0,2.0,Appartement,19.0,2.0
1740783,31/05/2018,Vente,"350000,00",168.0,BD,7140,POMMERY,51100.0,REIMS,51,454,CL,595,0,2.0,Appartement,87.0,6.0
1740785,19/06/2018,Vente,"84550,00",14.0,RUE,8480,DE TAISSY,51100.0,REIMS,51,454,DK,233,2,2.0,Appartement,69.0,4.0
1740788,08/06/2018,Vente,"474500,00",17.0,RUE,5310,LAURENT DERAMEZ,51100.0,REIMS,51,454,BH,589,2,2.0,Appartement,157.0,5.0
1740799,19/06/2018,Vente,"30000,00",11.0,RUE,8670,DE TINQUEUX,51100.0,REIMS,51,454,IO,390,1,2.0,Appartement,36.0,2.0
1740814,15/06/2018,Vente,"162500,00",32.0,PL,3040,DROUET D ERLON,51100.0,REIMS,51,454,IL,207,2,2.0,Appartement,67.0,3.0
1740822,19/06/2018,Vente,"100000,00",12.0,RUE,3970,DU GENERAL SARRAIL,51100.0,REIMS,51,454,IL,13,1,2.0,Appartement,38.0,2.0
1740823,19/06/2018,Vente,"182900,00",14.0,RUE,1360,CAMILLE LENOIR,51100.0,REIMS,51,454,BH,297,3,2.0,Appartement,75.0,3.0
1740824,18/06/2018,Vente,"93250,00",9.0,AV,0070,ALEXANDRE DE SERBIE,51100.0,REIMS,51,454,DT,227,2,2.0,Appartement,78.0,5.0
1740826,07/06/2018,Vente,"470200,00",11.0,CRS,4850,J B LANGLET,51100.0,REIMS,51,454,IL,113,2,2.0,Appartement,154.0,5.0
1740835,06/06/2018,Vente,"70000,00",153.0,AV,5300,DE LAON,51100.0,REIMS,51,454,AV,1086,1,2.0,Appartement,49.0,2.0
1740836,04/06/2018,Vente en l'état futur d'achèvement,"147331,00",,RUE,4220,GRANDVAL,51100.0,REIMS,51,454,CL,989,1,2.0,Appartement,46.0,2.0
1740845,01/06/2018,Vente,"97600,00",39.0,BD,2930,DOCTEUR HENRI HENROT,51100.0,REIMS,51,454,DM,663,1,2.0,Appartement,42.0,2.0
1740847,25/04/2018,Vente,"78000,00",10.0,ALL,3045,DU BELLAY,51100.0,REIMS,51,454,DK,184,1,2.0,Appartement,65.0,3.0
1740849,31/05/2018,Vente,"189750,00",183.0,AV,5300,DE LAON,51100.0,REIMS,51,454,AV,34,1,2.0,Appartement,40.0,2.0
1740850,31/05/2018,Vente,"189750,00",183.0,AV,5300,DE LAON,51100.0,REIMS,51,454,AV,34,1,2.0,Appartement,100.0,2.0
1740857,11/06/2018,Vente,"221500,00",3.0,RUE,5930,MARIE STUART,51100.0,REIMS,51,454,CX,254,1,2.0,Appartement,70.0,3.0
1740859,28/05/2018,Vente,"135000,00",4.0,RUE,0845,BERTRAND DE MUN,51100.0,REIMS,51,454,CN,573,2,2.0,Appartement,106.0,5.0
1740863,11/06/2018,Vente,"138000,00",149.0,RUE,5460,LESAGE,51100.0,REIMS,51,454,AY,139,0,2.0,Appartement,38.0,2.0
1740864,11/06/2018,Vente,"138000,00",149.0,RUE,5460,LESAGE,51100.0,REIMS,51,454,AY,139,0,2.0,Appartement,36.0,2.0
1740874,13/06/2018,Vente,"142000,00",5.0,ALL,1725,CH NICOLAS ROLAND,51100.0,REIMS,51,454,DM,239,2,2.0,Appartement,79.0,4.0
1740893,01/06/2018,Vente,"192000,00",143.0,RUE,2440,DE COURLANCY,51100.0,REIMS,51,454,HY,38,2,2.0,Appartement,109.0,5.0
1740898,13/06/2018,Vente en l'état futur d'achèvement,"170000,00",,RUE,4220,GRANDVAL,51100.0,REIMS,51,454,CL,989,1,2.0,Appartement,46.0,2.0
1740901,12/06/2018,Vente,"72000,00",20.0,RUE,6210,DES MOISSONS,51100.0,REIMS,51,454,CW,20,2,2.0,Appartement,18.0,1.0
1740912,12/06/2018,Vente en l'état futur d'achèvement,"195000,00",,RUE,4440,HENRI BARBUSSE,51100.0,REIMS,51,454,CL,1005,1,2.0,Appartement,79.0,3.0
1740916,07/06/2018,Vente,"700000,00",25.0,RUE,1280,BRULEE,51100.0,REIMS,51,454,IK,117,2,2.0,Appartement,106.0,4.0
1740920,15/06/2018,Vente,"150625,00",143.0,RUE,2440,DE COURLANCY,51100.0,REIMS,51,454,HY,38,1,2.0,Appartement,76.0,3.0
1740926,13/06/2018,Vente en l'état futur d'achèvement,"235000,00",36.0,RUE,7580,ROGER SALENGRO,51100.0,REIMS,51,454,AX,43,1,2.0,Appartement,72.0,3.0
1740928,06/06/2018,Vente,"100280,00",61.0,RUE,8640,DE THILLOIS,51100.0,REIMS,51,454,IM,171,2,2.0,Appartement,36.0,1.0
1740931,12/06/2018,Vente,"400000,00",112.0,AV,4900,JEAN JAURES,51100.0,REIMS,51,454,CW,297,0,2.0,Appartement,76.0,3.0
1740932,12/06/2018,Vente,"400000,00",112.0,AV,4900,JEAN JAURES,51100.0,REIMS,51,454,CW,297,0,2.0,Appartement,76.0,3.0
1740934,12/06/2018,Vente,"400000,00",112.0,AV,4900,JEAN JAURES,51100.0,REIMS,51,454,CW,297,0,2.0,Appartement,76.0,4.0
1740943,08/06/2018,Vente,"65000,00",1.0,RUE,9260,WERLE,51100.0,REIMS,51,454,BH,530,1,2.0,Appartement,25.0,1.0
1740952,15/06/2018,Vente,"96000,00",14.0,RUE,7015,PIERRE DE COUBERTIN,51100.0,REIMS,51,454,AE,292,2,2.0,Appartement,72.0,4.0
1740953,19/06/2018,Vente,"101900,00",135.0,RUE,2440,DE COURLANCY,51100.0,REIMS,51,454,HY,161,2,2.0,Appartement,42.0,2.0
1740955,15/06/2018,Vente en l'état futur d'achèvement,"156564,00",65.0,RUE,6230,DU MONT D ARENE,51100.0,REIMS,51,454,AT,9,1,2.0,Appartement,41.0,2.0
1740956,08/06/2018,Vente,"108000,00",3.0,RUE,4000,GEORGES CHARBONNEAUX,51100.0,REIMS,51,454,AY,34,2,2.0,Appartement,62.0,4.0
1740957,01/06/2018,Vente,"83000,00",109.0,RUE,8430,DE STRASBOURG,51100.0,REIMS,51,454,CV,676,2,2.0,Appartement,78.0,5.0
1740958,19/06/2018,Vente en l'état futur d'achèvement,"160803,00",65.0,RUE,6230,DU MONT D ARENE,51100.0,REIMS,51,454,AT,9,1,2.0,Appartement,43.0,2.0
1740959,18/06/2018,Vente,"53000,00",3.0,RUE,3070,DUQUENELLE,51100.0,REIMS,51,454,AW,288,3,2.0,Appartement,40.0,2.0
1740974,28/05/2018,Vente,"103000,00",6.0,RUE,8603,THEODORE GERICAULT,51100.0,REIMS,51,454,AE,296,1,2.0,Appartement,69.0,3.0
1740975,28/05/2018,Vente,"103000,00",6.0,RUE,8603,THEODORE GERICAULT,51100.0,REIMS,51,454,AE,296,1,2.0,Appartement,89.0,4.0
1740978,18/06/2018,Vente,"85000,00",6.0,RUE,8603,THEODORE GERICAULT,51100.0,REIMS,51,454,AE,296,1,2.0,Appartement,70.0,3.0
1740980,11/06/2018,Vente,"134000,00",17.0,RUE,2710,DEFRANCOIS,51100.0,REIMS,51,454,CK,317,2,2.0,Appartement,67.0,3.0
1740986,22/06/2018,Vente,"92000,00",17.0,RUE,4650,HUGUES KRAFFT,51100.0,REIMS,51,454,AM,570,2,2.0,Appartement,64.0,4.0
1740991,21/06/2018,Vente,"443000,00",23.0,CRS,4850,J B LANGLET,51100.0,REIMS,51,454,IL,260,1,2.0,Appartement,72.0,4.0
1740993,06/06/2018,Vente,"113500,00",43.0,RUE,8320,DE SILLERY,51100.0,REIMS,51,454,CL,662,2,2.0,Appartement,61.0,3.0
1740996,15/06/2018,Vente,"110150,00",112.0,RUE,0600,DU BARBATRE,51100.0,REIMS,51,454,CZ,387,1,2.0,Appartement,40.0,2.0
1740998,11/06/2018,Vente,"155000,00",40.0,RUE,7310,PRIEUR DE LA MARNE,51100.0,REIMS,51,454,BI,111,2,2.0,Appartement,94.0,5.0
1741015,21/06/2018,Vente,"88500,00",49.0,BD,3950,DU GENERAL LECLERC,51100.0,REIMS,51,454,IM,395,1,2.0,Appartement,29.0,1.0
1741018,27/06/2018,Vente,"143000,00",58.0,RUE,4440,HENRI BARBUSSE,51100.0,REIMS,51,454,CL,356,3,2.0,Appartement,66.0,3.0
1741035,06/06/2018,Vente,"114300,00",65.0,RUE,0600,DU BARBATRE,51100.0,REIMS,51,454,CY,194,2,2.0,Appartement,46.0,2.0
1741038,05/06/2018,Vente en l'état futur d'achèvement,"229500,00",,RUE,5891,MARCEL THIL,51100.0,REIMS,51,454,AV,1082,1,2.0,Appartement,68.0,3.0
1741043,04/06/2018,Vente,"47000,00",70.0,AV,6730,DE PARIS,51100.0,REIMS,51,454,IO,364,1,2.0,Appartement,22.0,1.0
1741046,18/06/2018,Vente,"133500,00",10.0,RUE,5260,LAMOUCHE,51100.0,REIMS,51,454,AV,684,1,2.0,Appartement,81.0,3.0
1741054,07/06/2018,Vente,"100000,00",337.0,AV,5300,DE LAON,51100.0,REIMS,51,454,AN,6,1,2.0,Appartement,132.0,5.0
1741055,06/06/2018,Vente,"96500,00",19.0,BD,4760,JAMIN,51100.0,REIMS,51,454,BI,359,1,2.0,Appartement,58.0,3.0
1741057,11/06/2018,Vente,"86500,00",12.0,RUE,8330,SIMON,51100.0,REIMS,51,454,DM,637,1,2.0,Appartement,74.0,3.0
1741059,06/06/2018,Vente en l'état futur d'achèvement,"245500,00",,RUE,5891,MARCEL THIL,51100.0,REIMS,51,454,AV,1082,1,2.0,Appartement,70.0,3.0
1741061,19/06/2018,Vente,"147600,00",5.0,RUE,4307,GUILLAUME APOLLINAIRE,51100.0,REIMS,51,454,KP,30,1,2.0,Appartement,108.0,5.0
1741065,19/06/2018,Vente,"90000,00",9.0,RUE,4307,GUILLAUME APOLLINAIRE,51100.0,REIMS,51,454,KP,30,1,2.0,Appartement,56.0,2.0
1741069,18/06/2018,Vente,"140000,00",9.0,RUE,4307,GUILLAUME APOLLINAIRE,51100.0,REIMS,51,454,KP,30,1,2.0,Appartement,97.0,4.0
1741075,22/06/2018,Vente,"132000,00",76.0,RUE,8950,DE VENISE,51100.0,REIMS,51,454,IK,329,2,2.0,Appartement,54.0,2.0
1741077,11/06/2018,Vente,"115000,00",6.0,RUE,3987,GEORGES BERNANOS,51100.0,REIMS,51,454,HV,978,2,2.0,Appartement,78.0,4.0
1741084,22/06/2018,Vente en l'état futur d'achèvement,"202954,00",65.0,RUE,6230,DU MONT D ARENE,51100.0,REIMS,51,454,AT,9,1,2.0,Appartement,60.0,3.0
1741088,19/06/2018,Vente,"83000,00",25.0,RUE,3770,FRANCOIS DOR,51100.0,REIMS,51,454,HX,390,2,2.0,Appartement,45.0,2.0
1741103,21/06/2018,Vente,"95000,00",5.0,RUE,3010,DOM PERIGNON,51100.0,REIMS,51,454,CV,1001,2,2.0,Appartement,66.0,3.0
1741104,22/06/2018,Vente,"95000,00",25.0,RUE,7160,PONSARDIN,51100.0,REIMS,51,454,CX,106,2,2.0,Appartement,50.0,2.0
1741120,04/06/2018,Vente,"179000,00",26.0,BD,6750,PASTEUR,51100.0,REIMS,51,454,CY,123,2,2.0,Appartement,80.0,5.0
1741126,13/06/2018,Vente,"65900,00",10.0,RUE,7015,PIERRE DE COUBERTIN,51100.0,REIMS,51,454,AE,292,1,2.0,Appartement,56.0,3.0
1741131,14/06/2018,Vente,"67800,00",10.0,RUE,7015,PIERRE DE COUBERTIN,51100.0,REIMS,51,454,AE,292,1,2.0,Appartement,56.0,3.0
1741138,29/06/2018,Vente,"115000,00",71.0,AV,4900,JEAN JAURES,51100.0,REIMS,51,454,BI,380,1,2.0,Appartement,72.0,3.0
1741148,21/06/2018,Vente,"34000,00",11.0,RUE,0390,ARMAND GUERY,51100.0,REIMS,51,454,AV,789,1,2.0,Appartement,12.0,1.0
1741150,25/06/2018,Vente,"87000,00",13.0,RUE,7015,PIERRE DE COUBERTIN,51100.0,REIMS,51,454,AE,110,2,2.0,Appartement,81.0,4.0
1741151,25/06/2018,Vente,"87000,00",15.0,RUE,7015,PIERRE DE COUBERTIN,51100.0,REIMS,51,454,AE,110,2,2.0,Appartement,81.0,4.0
1741153,31/05/2018,Vente,"150000,00",15.0,RUE,8720,TOURNEBONNEAU,51100.0,REIMS,51,454,DM,630,2,2.0,Appartement,85.0,4.0
1741159,04/06/2018,Vente,"68000,00",9.0,RUE,2975,DR LUCIEN BETTINGER,51100.0,REIMS,51,454,AE,283,2,2.0,Appartement,61.0,3.0
1741162,20/06/2018,Vente,"115000,00",117.0,RUE,0200,D ALSACE LORRAINE,51100.0,REIMS,51,454,CV,96,1,2.0,Appartement,51.0,2.0
1741163,27/06/2018,Vente,"172000,00",10.0,RUE,8230,DES SALINES,51100.0,REIMS,51,454,CZ,180,1,2.0,Appartement,66.0,3.0
1741181,27/06/2018,Vente,"92000,00",9.0,RUE,4360,HANNEQUIN,51100.0,REIMS,51,454,AX,839,2,2.0,Appartement,53.0,2.0
1741188,13/06/2018,Vente,"80000,00",25.0,RUE,3770,FRANCOIS DOR,51100.0,REIMS,51,454,HX,390,2,2.0,Appartement,32.0,2.0
1741189,27/06/2018,Vente,"88000,00",14.0,RUE,3370,DE L ESPERANCE,51100.0,REIMS,51,454,DO,45,1,2.0,Appartement,42.0,2.0
1741194,13/06/2018,Vente,"110250,00",46.0,RUE,4740,JACQUART,51100.0,REIMS,51,454,BI,555,1,2.0,Appartement,23.0,1.0
1741195,13/06/2018,Vente,"110250,00",46.0,RUE,4740,JACQUART,51100.0,REIMS,51,454,BI,555,1,2.0,Appartement,39.0,2.0
1741197,13/06/2018,Vente,"110250,00",46.0,RUE,4740,JACQUART,51100.0,REIMS,51,454,BI,555,1,2.0,Appartement,42.0,2.0
1741204,20/06/2018,Vente,"71000,00",37.0,RUE,3610,FLIN DES OLIVIERS,51100.0,REIMS,51,454,HX,399,1,2.0,Appartement,50.0,2.0
1741218,19/06/2018,Vente,"82000,00",4.0,ALL,3045,DU BELLAY,51100.0,REIMS,51,454,DK,184,1,2.0,Appartement,78.0,4.0
1741219,19/06/2018,Vente,"82000,00",6.0,ALL,3045,DU BELLAY,51100.0,REIMS,51,454,DK,184,1,2.0,Appartement,65.0,3.0
1741222,29/06/2018,Vente,"89000,00",7.0,RUE,1730,CHANTERAINE,51100.0,REIMS,51,454,DM,634,2,2.0,Appartement,67.0,3.0
1741226,20/06/2018,Vente,"73000,00",7.0,RUE,8250,DE SAVOYE,51100.0,REIMS,51,454,BH,580,1,2.0,Appartement,23.0,1.0
1741229,21/06/2018,Vente,"375000,00",8.0,RUE,0400,ARMONVILLE,51100.0,REIMS,51,454,CZ,317,1,2.0,Appartement,95.0,4.0
1741231,21/06/2018,Vente,"304000,00",6.0,RUE,7160,PONSARDIN,51100.0,REIMS,51,454,CX,69,1,2.0,Appartement,88.0,3.0
1741235,19/06/2018,Vente,"62500,00",10.0,RUE,4610,HOURELLE,51100.0,REIMS,51,454,KO,26,2,2.0,Appartement,30.0,2.0
1741236,19/06/2018,Vente,"206000,00",4.0,RUE,1550,CERES,51100.0,REIMS,51,454,CX,39,1,2.0,Appartement,51.0,1.0
1741268,22/06/2018,Vente,"47000,00",66.0,RUE,1670,DU CHAMP DE MARS,51100.0,REIMS,51,454,BI,590,1,2.0,Appartement,15.0,1.0
1741279,20/06/2018,Vente,"95000,00",249.0,RUE,2440,DE COURLANCY,51100.0,REIMS,51,454,DN,217,2,2.0,Appartement,68.0,4.0
1741281,08/06/2018,Vente,"83500,00",3.0,ESP,3590,FLECHAMBAULT,51100.0,REIMS,51,454,DM,636,2,2.0,Appartement,48.0,2.0
1741293,22/06/2018,Vente,"125000,00",22.0,RUE,3000,DOCTEUR THOMAS,51100.0,REIMS,51,454,AW,365,1,2.0,Appartement,58.0,2.0
1741303,22/03/2018,Adjudication,"247000,00",41.0,RUE,0200,D ALSACE LORRAINE,51100.0,REIMS,51,454,CT,594,0,2.0,Appartement,16.0,1.0
1741304,22/03/2018,Adjudication,"247000,00",41.0,RUE,0200,D ALSACE LORRAINE,51100.0,REIMS,51,454,CT,594,0,2.0,Appartement,18.0,1.0
1741305,22/03/2018,Adjudication,"247000,00",41.0,RUE,0200,D ALSACE LORRAINE,51100.0,REIMS,51,454,CT,594,0,2.0,Appartement,16.0,1.0
1741306,22/03/2018,Adjudication,"247000,00",41.0,RUE,0200,D ALSACE LORRAINE,51100.0,REIMS,51,454,CT,594,0,2.0,Appartement,13.0,1.0
1741307,22/03/2018,Adjudication,"247000,00",41.0,RUE,0200,D ALSACE LORRAINE,51100.0,REIMS,51,454,CT,594,0,2.0,Appartement,18.0,1.0
1741308,22/03/2018,Adjudication,"247000,00",41.0,RUE,0200,D ALSACE LORRAINE,51100.0,REIMS,51,454,CT,594,0,2.0,Appartement,13.0,1.0
1741309,22/03/2018,Adjudication,"247000,00",41.0,RUE,0200,D ALSACE LORRAINE,51100.0,REIMS,51,454,CT,594,0,2.0,Appartement,13.0,1.0
1741310,22/03/2018,Adjudication,"247000,00",41.0,RUE,0200,D ALSACE LORRAINE,51100.0,REIMS,51,454,CT,594,0,2.0,Appartement,13.0,1.0
1741311,22/03/2018,Adjudication,"247000,00",41.0,RUE,0200,D ALSACE LORRAINE,51100.0,REIMS,51,454,CT,594,0,2.0,Appartement,20.0,1.0
1741312,22/03/2018,Adjudication,"247000,00",41.0,RUE,0200,D ALSACE LORRAINE,51100.0,REIMS,51,454,CT,594,0,2.0,Appartement,20.0,1.0
1741313,22/03/2018,Adjudication,"247000,00",41.0,RUE,0200,D ALSACE LORRAINE,51100.0,REIMS,51,454,CT,594,0,2.0,Appartement,20.0,1.0
1741315,22/03/2018,Adjudication,"247000,00",41.0,RUE,0200,D ALSACE LORRAINE,51100.0,REIMS,51,454,CT,594,0,2.0,Appartement,20.0,1.0
1741323,03/07/2018,Vente,"400000,00",23.0,RUE,8500,DE TALLEYRAND,51100.0,REIMS,51,454,IL,230,2,2.0,Appartement,199.0,7.0
1741332,15/06/2018,Vente,"96000,00",74.0,RUE,9040,DE VESLE,51100.0,REIMS,51,454,IM,122,1,2.0,Appartement,37.0,2.0
1741335,19/06/2018,Vente,"319300,00",49.0,RUE,1360,CAMILLE LENOIR,51100.0,REIMS,51,454,BH,60,1,2.0,Appartement,97.0,3.0
1741336,14/06/2018,Vente,"147200,00",23.0,BD,6750,PASTEUR,51100.0,REIMS,51,454,CK,310,2,2.0,Appartement,80.0,5.0
1741338,15/06/2018,Vente,"141000,00",80.0,RUE,6330,DES MOULINS,51100.0,REIMS,51,454,CY,617,2,2.0,Appartement,75.0,4.0
1741367,21/06/2018,Vente,"60000,00",6.0,RUE,7010,PIERRE BROSSOLETTE,51100.0,REIMS,51,454,AV,408,1,2.0,Appartement,35.0,1.0
1741368,04/07/2018,Vente,"322413,80",7.0,RUE,6260,MONTLAURENT,51100.0,REIMS,51,454,CY,136,0,2.0,Appartement,36.0,2.0
1741377,04/07/2018,Vente,"322413,80",7.0,RUE,6260,MONTLAURENT,51100.0,REIMS,51,454,CY,136,0,2.0,Appartement,54.0,3.0
1741379,04/07/2018,Vente,"322413,80",7.0,RUE,6260,MONTLAURENT,51100.0,REIMS,51,454,CY,136,0,2.0,Appartement,40.0,2.0
1741393,02/07/2018,Vente,"53000,00",13.0,RUE,7015,PIERRE DE COUBERTIN,51100.0,REIMS,51,454,AE,110,2,2.0,Appartement,81.0,4.0
1741397,29/06/2018,Vente,"99000,00",6.0,RUE,0105,ALFRED DE MUSSET,51100.0,REIMS,51,454,AD,830,2,2.0,Appartement,69.0,3.0
1741400,20/06/2018,Vente,"57200,00",15.0,RUE,5920,M CLEMENCE FOURIAUX,51100.0,REIMS,51,454,AT,84,2,2.0,Appartement,33.0,1.0
1741402,08/06/2018,Vente,"242000,00",25.0,RUE,5520,DES LILAS,51100.0,REIMS,51,454,AT,269,0,2.0,Appartement,17.0,1.0
1741403,08/06/2018,Vente,"242000,00",25.0,RUE,5520,DES LILAS,51100.0,REIMS,51,454,AT,269,0,2.0,Appartement,50.0,3.0
1741405,08/06/2018,Vente,"242000,00",25.0,RUE,5520,DES LILAS,51100.0,REIMS,51,454,AT,269,0,2.0,Appartement,45.0,2.0
1741406,11/06/2018,Vente,"152000,00",20.0,RUE,2120,COLBERT,51100.0,REIMS,51,454,BE,281,2,2.0,Appartement,68.0,4.0
1741409,05/07/2018,Vente,"80430,00",6.0,RUE,5195,KERGUELEN,51100.0,REIMS,51,454,ET,559,2,2.0,Appartement,60.0,3.0
1741411,25/06/2018,Vente,"83500,00",55.0,RUE,7010,PIERRE BROSSOLETTE,51100.0,REIMS,51,454,AR,185,2,2.0,Appartement,62.0,2.0
1741416,28/06/2018,Vente,"118000,00",23.0,RUE,3180,EDOUARD MIGNOT,51100.0,REIMS,51,454,AT,375,1,2.0,Appartement,51.0,2.0
1741420,22/06/2018,Vente,"65500,00",35.0,RUE,2070,CLOVIS,51100.0,REIMS,51,454,IK,623,1,2.0,Appartement,28.0,1.0
1741428,27/06/2018,Vente en l'état futur d'achèvement,"140855,00",49.0,BD,2650,DAUPHINOT,51100.0,REIMS,51,454,CT,610,1,2.0,Appartement,44.0,2.0
1741431,27/06/2018,Vente en l'état futur d'achèvement,"175000,00",49.0,BD,2650,DAUPHINOT,51100.0,REIMS,51,454,CT,610,1,2.0,Appartement,62.0,3.0
1741442,28/06/2018,Vente,"78000,00",16.0,RUE,5050,JULES BRUNEAU,51100.0,REIMS,51,454,DT,658,2,2.0,Appartement,55.0,3.0
1741445,28/06/2018,Vente,"109000,00",43.0,AV,8030,ST POL,51100.0,REIMS,51,454,DM,629,2,2.0,Appartement,75.0,3.0
1741446,28/06/2018,Vente,"279000,00",93.0,RUE,0600,DU BARBATRE,51100.0,REIMS,51,454,CY,733,2,2.0,Appartement,103.0,4.0
1741448,12/06/2018,Vente,"80000,00",25.0,RUE,6830,P VAILLANT COUTURIER,51100.0,REIMS,51,454,AV,228,1,2.0,Appartement,27.0,1.0
1741449,22/06/2018,Vente,"89550,00",39.0,AV,4455,HENRI FARMAN,51100.0,REIMS,51,454,EK,6,1,2.0,Appartement,40.0,2.0
1741452,25/06/2018,Vente,"121000,00",163.0,RUE,1390,DES CAPUCINS,51100.0,REIMS,51,454,IK,252,4,2.0,Appartement,46.0,3.0
1741456,27/06/2018,Vente,"113345,00",6.0,RUE,8603,THEODORE GERICAULT,51100.0,REIMS,51,454,AE,296,1,2.0,Appartement,89.0,4.0
1741468,26/06/2018,Vente,"298000,00",60.0,PL,3040,DROUET D ERLON,51100.0,REIMS,51,454,IL,337,2,2.0,Appartement,88.0,3.0
1741497,27/06/2018,Vente,"62000,00",135.0,RUE,2440,DE COURLANCY,51100.0,REIMS,51,454,HY,161,1,2.0,Appartement,19.0,1.0
1741501,27/06/2018,Vente,"320000,00",4.0,RUE,9090,VICTOR ROGELET,51100.0,REIMS,51,454,AW,203,0,2.0,Appartement,44.0,2.0
1741502,27/06/2018,Vente,"320000,00",4.0,RUE,9090,VICTOR ROGELET,51100.0,REIMS,51,454,AW,203,0,2.0,Appartement,45.0,2.0
1741503,27/06/2018,Vente,"320000,00",4.0,RUE,9090,VICTOR ROGELET,51100.0,REIMS,51,454,AW,203,0,2.0,Appartement,37.0,1.0
1741504,27/06/2018,Vente,"320000,00",4.0,RUE,9090,VICTOR ROGELET,51100.0,REIMS,51,454,AW,203,0,2.0,Appartement,45.0,2.0
1741505,27/06/2018,Vente,"320000,00",4.0,RUE,9090,VICTOR ROGELET,51100.0,REIMS,51,454,AW,203,0,2.0,Appartement,53.0,2.0
1741506,27/06/2018,Vente,"320000,00",4.0,RUE,9090,VICTOR ROGELET,51100.0,REIMS,51,454,AW,203,0,2.0,Appartement,48.0,2.0
1741525,29/06/2018,Vente,"60000,00",298.0,AV,5300,DE LAON,51100.0,REIMS,51,454,AX,751,1,2.0,Appartement,39.0,2.0
1741529,29/06/2018,Vente,"68000,00",31.0,CHS,7970,SAINT MARTIN,51100.0,REIMS,51,454,DN,217,2,2.0,Appartement,42.0,2.0
1741533,27/06/2018,Vente,"99645,00",20.0,RUE,3610,FLIN DES OLIVIERS,51100.0,REIMS,51,454,HX,10,1,2.0,Appartement,45.0,2.0
1741541,13/06/2018,Vente,"285000,00",8.0,RUE,6310,MOULIN BRULE,51100.0,REIMS,51,454,IN,60,0,2.0,Appartement,47.0,2.0
1741543,13/06/2018,Vente,"285000,00",8.0,RUE,6310,MOULIN BRULE,51100.0,REIMS,51,454,IN,60,0,2.0,Appartement,56.0,3.0
1741547,13/06/2018,Vente,"285000,00",8.0,RUE,6310,MOULIN BRULE,51100.0,REIMS,51,454,IN,60,0,2.0,Appartement,54.0,3.0
1741550,27/06/2018,Vente,"101500,00",29.0,RUE,7310,PRIEUR DE LA MARNE,51100.0,REIMS,51,454,BI,105,3,2.0,Appartement,64.0,3.0
1741553,26/06/2018,Vente,"119900,00",171.0,AV,5300,DE LAON,51100.0,REIMS,51,454,AV,40,1,2.0,Appartement,81.0,3.0
1741555,27/06/2018,Vente,"124000,00",2.0,RUE,4150,GOSSET,51100.0,REIMS,51,454,BD,99,1,2.0,Appartement,70.0,3.0
1741561,03/07/2018,Vente,"113500,00",25.0,RUE,3180,EDOUARD MIGNOT,51100.0,REIMS,51,454,AT,374,1,2.0,Appartement,33.0,2.0
1741567,27/06/2018,Vente,"155000,00",2.0,ESP,7433,REMI PELLOT,51100.0,REIMS,51,454,AN,169,1,2.0,Appartement,81.0,4.0
1741569,29/06/2018,Vente,"279900,00",41.0,RUE,6470,DE NEUFCHATEL,51100.0,REIMS,51,454,AX,878,1,2.0,Appartement,16.0,1.0
1741570,29/06/2018,Vente,"279900,00",41.0,RUE,6470,DE NEUFCHATEL,51100.0,REIMS,51,454,AX,878,1,2.0,Appartement,18.0,1.0
1741571,29/06/2018,Vente,"279900,00",41.0,RUE,6470,DE NEUFCHATEL,51100.0,REIMS,51,454,AX,878,1,2.0,Appartement,19.0,1.0
1741572,29/06/2018,Vente,"279900,00",41.0,RUE,6470,DE NEUFCHATEL,51100.0,REIMS,51,454,AX,878,1,2.0,Appartement,15.0,1.0
1741573,29/06/2018,Vente,"279900,00",41.0,RUE,6470,DE NEUFCHATEL,51100.0,REIMS,51,454,AX,878,1,2.0,Appartement,16.0,1.0
1741574,29/06/2018,Vente,"279900,00",41.0,RUE,6470,DE NEUFCHATEL,51100.0,REIMS,51,454,AX,878,1,2.0,Appartement,18.0,1.0
1741575,29/06/2018,Vente,"279900,00",41.0,RUE,6470,DE NEUFCHATEL,51100.0,REIMS,51,454,AX,878,1,2.0,Appartement,15.0,1.0
1741576,29/06/2018,Vente,"279900,00",41.0,RUE,6470,DE NEUFCHATEL,51100.0,REIMS,51,454,AX,878,1,2.0,Appartement,17.0,1.0
1741593,25/06/2018,Vente,"58000,00",6.0,RUE,0254,ANDRE FAIVRE,51100.0,REIMS,51,454,KP,30,1,2.0,Appartement,43.0,2.0
1741595,15/06/2018,Vente,"135000,00",2.0,RUE,7060,PIPER,51100.0,REIMS,51,454,CW,706,1,2.0,Appartement,153.0,1.0
1741596,28/06/2018,Vente,"140000,00",141.0,RUE,9040,DE VESLE,51100.0,REIMS,51,454,IK,824,1,2.0,Appartement,67.0,2.0
1741602,28/06/2018,Vente,"53000,00",50.0,RUE,7040,PIERRET,51100.0,REIMS,51,454,AW,127,1,2.0,Appartement,28.0,1.0
1741603,18/06/2018,Vente,"61000,00",1.0,PAS,8440,SUBE,51100.0,REIMS,51,454,IL,194,2,2.0,Appartement,16.0,1.0
1741605,27/06/2018,Vente en l'état futur d'achèvement,"97000,00",215.0,RUE,6470,DE NEUFCHATEL,51100.0,REIMS,51,454,AH,79,1,2.0,Appartement,45.0,2.0
1741606,29/06/2018,Vente en l'état futur d'achèvement,"171000,00",,RUE,4220,GRANDVAL,51100.0,REIMS,51,454,CL,989,1,2.0,Appartement,43.0,2.0
1741618,10/07/2018,Vente,"196700,00",17.0,RUE,7160,PONSARDIN,51100.0,REIMS,51,454,CX,590,1,2.0,Appartement,97.0,3.0
1741622,15/06/2018,Vente,"88000,00",32.0,RUE,4970,JEANNE D ARC,51100.0,REIMS,51,454,IM,60,2,2.0,Appartement,30.0,2.0
1741625,28/06/2018,Vente,"105000,00",50.0,RUE,1360,CAMILLE LENOIR,51100.0,REIMS,51,454,BH,568,1,2.0,Appartement,48.0,3.0
1741627,09/07/2018,Vente,"330000,00",30.0,RUE,9040,DE VESLE,51100.0,REIMS,51,454,IL,148,2,2.0,Appartement,122.0,5.0
1741629,27/06/2018,Vente,"86000,00",21.0,AV,4455,HENRI FARMAN,51100.0,REIMS,51,454,DH,90,1,2.0,Appartement,17.0,1.0
1741630,27/06/2018,Vente,"86000,00",21.0,AV,4455,HENRI FARMAN,51100.0,REIMS,51,454,DH,90,1,2.0,Appartement,17.0,1.0
1741631,09/07/2018,Vente,"101000,00",1.0,ALL,1725,CH NICOLAS ROLAND,51100.0,REIMS,51,454,DM,239,2,2.0,Appartement,79.0,4.0
1741632,29/06/2018,Vente,"120000,00",15.0,RUE,8720,TOURNEBONNEAU,51100.0,REIMS,51,454,DM,630,1,2.0,Appartement,59.0,2.0
1741635,05/07/2018,Vente,"155000,00",43.0,RUE,6230,DU MONT D ARENE,51100.0,REIMS,51,454,AT,23,1,2.0,Appartement,116.0,7.0
1741639,03/07/2018,Vente,"90000,00",59.0,RUE,1920,DE CHEVIGNE,51100.0,REIMS,51,454,CL,33,2,2.0,Appartement,52.0,2.0
1741650,03/07/2018,Vente,"530000,00",14.0,RUE,8700,DE LA TIRELIRE,51100.0,REIMS,51,454,IL,461,2,2.0,Appartement,137.0,7.0
1741674,03/07/2018,Vente,"210000,00",12.0,RUE,1350,DU CADRAN ST PIERRE,51100.0,REIMS,51,454,IL,265,2,2.0,Appartement,81.0,4.0
1741681,02/07/2018,Vente,"3035607,00",1.0,RUE,8430,DE STRASBOURG,51100.0,REIMS,51,454,CV,583,0,2.0,Appartement,92.0,4.0
1741682,02/07/2018,Vente,"3035607,00",1.0,RUE,8430,DE STRASBOURG,51100.0,REIMS,51,454,CV,583,0,2.0,Appartement,62.0,2.0
1741683,02/07/2018,Vente,"3035607,00",1.0,RUE,8430,DE STRASBOURG,51100.0,REIMS,51,454,CV,583,0,2.0,Appartement,71.0,3.0
1741684,02/07/2018,Vente,"3035607,00",1.0,RUE,8430,DE STRASBOURG,51100.0,REIMS,51,454,CV,583,0,2.0,Appartement,74.0,3.0
1741685,02/07/2018,Vente,"3035607,00",1.0,RUE,8430,DE STRASBOURG,51100.0,REIMS,51,454,CV,583,0,2.0,Appartement,71.0,3.0
1741686,02/07/2018,Vente,"3035607,00",1.0,RUE,8430,DE STRASBOURG,51100.0,REIMS,51,454,CV,583,0,2.0,Appartement,92.0,4.0
1741689,02/07/2018,Vente,"3035607,00",27.0,RUE,1070,BOUCHER DE PERTHES,51100.0,REIMS,51,454,CV,962,0,2.0,Appartement,78.0,3.0
1741690,02/07/2018,Vente,"3035607,00",27.0,RUE,1070,BOUCHER DE PERTHES,51100.0,REIMS,51,454,CV,962,0,2.0,Appartement,68.0,2.0
1741691,02/07/2018,Vente,"3035607,00",27.0,RUE,1070,BOUCHER DE PERTHES,51100.0,REIMS,51,454,CV,962,0,2.0,Appartement,80.0,3.0
1741692,02/07/2018,Vente,"3035607,00",27.0,RUE,1070,BOUCHER DE PERTHES,51100.0,REIMS,51,454,CV,962,0,2.0,Appartement,76.0,3.0
1741693,02/07/2018,Vente,"3035607,00",27.0,RUE,1070,BOUCHER DE PERTHES,51100.0,REIMS,51,454,CV,962,0,2.0,Appartement,78.0,3.0
1741694,02/07/2018,Vente,"3035607,00",27.0,RUE,1070,BOUCHER DE PERTHES,51100.0,REIMS,51,454,CV,962,0,2.0,Appartement,83.0,3.0
1741696,02/07/2018,Vente,"3035607,00",27.0,RUE,1070,BOUCHER DE PERTHES,51100.0,REIMS,51,454,CV,962,0,2.0,Appartement,78.0,3.0
1741702,02/07/2018,Vente,"3035607,00",27.0,RUE,1070,BOUCHER DE PERTHES,51100.0,REIMS,51,454,CV,962,0,2.0,Appartement,78.0,3.0
1741708,02/07/2018,Vente,"3035607,00",27.0,RUE,1070,BOUCHER DE PERTHES,51100.0,REIMS,51,454,CV,962,0,2.0,Appartement,78.0,3.0
1741710,02/07/2018,Vente,"3035607,00",27.0,RUE,1070,BOUCHER DE PERTHES,51100.0,REIMS,51,454,CV,962,0,2.0,Appartement,89.0,3.0
1741711,02/07/2018,Vente,"3035607,00",27.0,RUE,1070,BOUCHER DE PERTHES,51100.0,REIMS,51,454,CV,962,0,2.0,Appartement,78.0,3.0
1741712,02/07/2018,Vente,"3035607,00",27.0,RUE,1070,BOUCHER DE PERTHES,51100.0,REIMS,51,454,CV,962,0,2.0,Appartement,85.0,3.0
1741715,02/07/2018,Vente,"3035607,00",27.0,RUE,1070,BOUCHER DE PERTHES,51100.0,REIMS,51,454,CV,962,0,2.0,Appartement,90.0,3.0
1741718,02/07/2018,Vente,"3035607,00",27.0,RUE,1070,BOUCHER DE PERTHES,51100.0,REIMS,51,454,CV,962,0,2.0,Appartement,81.0,3.0
1741722,02/07/2018,Vente,"3035607,00",27.0,RUE,1070,BOUCHER DE PERTHES,51100.0,REIMS,51,454,CV,962,0,2.0,Appartement,86.0,3.0
1741747,13/07/2018,Vente,"137000,00",23.0,BD,6750,PASTEUR,51100.0,REIMS,51,454,CK,310,2,2.0,Appartement,66.0,4.0
1741761,03/07/2018,Vente,"189790,00",131.0,BD,7140,POMMERY,51100.0,REIMS,51,454,CI,65,2,2.0,Appartement,79.0,3.0
1741763,18/06/2018,Vente,"70000,00",42.0,RUE,2290,COQUEBERT,51100.0,REIMS,51,454,BH,124,1,2.0,Appartement,41.0,2.0
1741764,28/06/2018,Vente,"82700,00",6.0,RUE,6330,DES MOULINS,51100.0,REIMS,51,454,CY,348,2,2.0,Appartement,42.0,1.0
1741767,10/07/2018,Vente en l'état futur d'achèvement,"213000,00",49.0,BD,2650,DAUPHINOT,51100.0,REIMS,51,454,CT,610,1,2.0,Appartement,86.0,4.0
1741775,15/06/2018,Vente,"100000,00",110.0,RUE,1390,DES CAPUCINS,51100.0,REIMS,51,454,IK,267,1,2.0,Appartement,46.0,2.0
1741783,09/07/2018,Vente,"49000,00",17.0,RUE,2430,DE COURCELLES,51100.0,REIMS,51,454,AT,156,1,2.0,Appartement,17.0,1.0
1741787,20/06/2018,Vente,"178900,00",78.0,RUE,6230,DU MONT D ARENE,51100.0,REIMS,51,454,AV,393,1,2.0,Appartement,81.0,3.0
1741789,10/07/2018,Vente,"43000,00",21.0,AV,4455,HENRI FARMAN,51100.0,REIMS,51,454,DH,90,1,2.0,Appartement,17.0,1.0
1741793,12/07/2018,Vente,"189000,00",27.0,RUE,9040,DE VESLE,51100.0,REIMS,51,454,IK,4,2,2.0,Appartement,60.0,3.0
1741795,04/07/2018,Vente,"75950,00",5.0,RUE,7060,PIPER,51100.0,REIMS,51,454,CW,15,2,2.0,Appartement,34.0,1.0
1741796,10/07/2018,Vente,"80374,00",9.0,RUE,5891,MARCEL THIL,51100.0,REIMS,51,454,AV,399,2,2.0,Appartement,54.0,3.0
1741813,16/07/2018,Vente,"55000,00",60.0,RUE,7160,PONSARDIN,51100.0,REIMS,51,454,CX,146,1,2.0,Appartement,31.0,2.0
1741823,13/07/2018,Vente,"152250,00",35.0,RUE,2070,CLOVIS,51100.0,REIMS,51,454,IK,623,1,2.0,Appartement,46.0,1.0
1741837,04/07/2018,Vente,"145000,00",9.0,RUE,7420,REIMBEAU,51100.0,REIMS,51,454,AX,63,2,2.0,Appartement,98.0,5.0
1741844,29/06/2018,Vente,"150800,00",1.0,RUE,2810,DIDEROT,51100.0,REIMS,51,454,CX,128,2,2.0,Appartement,61.0,4.0
1741845,16/07/2018,Vente,"87000,00",52.0,RUE,7790,DE ST BRICE,51100.0,REIMS,51,454,AT,313,1,2.0,Appartement,30.0,1.0
1741856,29/06/2018,Vente,"385000,00",11.0,PL,3040,DROUET D ERLON,51100.0,REIMS,51,454,IM,93,1,2.0,Appartement,201.0,6.0
1741863,02/07/2018,Vente,"215000,00",11.0,RUE,8580,DES TEMPLIERS,51100.0,REIMS,51,454,BH,528,4,2.0,Appartement,81.0,3.0
1741868,26/06/2018,Vente,"190000,00",47.0,AV,8030,ST POL,51100.0,REIMS,51,454,DM,629,2,2.0,Appartement,121.0,6.0
1741875,03/07/2018,Vente,"84000,00",49.0,RUE,8820,DES 3 PILIERS,51100.0,REIMS,51,454,AW,1,1,2.0,Appartement,66.0,3.0
1741879,16/07/2018,Vente,"244640,00",80.0,RUE,6230,DU MONT D ARENE,51100.0,REIMS,51,454,AV,394,1,2.0,Appartement,88.0,2.0
1741882,13/07/2018,Vente,"330000,00",8.0,RUE,7240,DE POUILLY,51100.0,REIMS,51,454,IL,65,2,2.0,Appartement,46.0,2.0
1741883,13/07/2018,Vente,"330000,00",8.0,RUE,7240,DE POUILLY,51100.0,REIMS,51,454,IL,65,2,2.0,Appartement,80.0,3.0
1741886,11/07/2018,Vente,"80000,00",27.0,RUE,1710,DE CHAMPIGNY,51100.0,REIMS,51,454,AR,302,2,2.0,Appartement,69.0,4.0
1741891,13/07/2018,Vente,"72000,00",20.0,RUE,4040,GERBAULT,51100.0,REIMS,51,454,CV,771,2,2.0,Appartement,57.0,1.0
1741894,10/07/2018,Vente,"57000,00",77.0,CHS,7970,SAINT MARTIN,51100.0,REIMS,51,454,DN,285,1,2.0,Appartement,25.0,1.0
1741898,29/06/2018,Vente en l'état futur d'achèvement,"161000,00",29.0,RUE,0150,D ALGER,51100.0,REIMS,51,454,CR,61,1,2.0,Appartement,63.0,3.0
1741902,04/07/2018,Vente,"43200,00",13.0,RUE,0175,ALPHONSE DAUDET,51100.0,REIMS,51,454,HV,978,2,2.0,Appartement,28.0,1.0
1741908,13/07/2018,Vente,"49900,00",115.0,RUE,3570,DE FISMES,51100.0,REIMS,51,454,AR,574,3,2.0,Appartement,41.0,2.0
1741911,04/07/2018,Vente,"78000,00",133.0,RUE,2440,DE COURLANCY,51100.0,REIMS,51,454,HY,161,2,2.0,Appartement,28.0,1.0
1741912,13/07/2018,Vente,"113000,00",53.0,RUE,2070,CLOVIS,51100.0,REIMS,51,454,IK,394,1,2.0,Appartement,40.0,2.0
1741917,06/07/2018,Vente,"125000,00",5.0,RUE,4906,JEAN LE LOUP,51100.0,REIMS,51,454,IK,1348,1,2.0,Appartement,71.0,3.0
1741919,06/07/2018,Vente,"68000,00",27.0,RUE,5440,LEOPOLD CHARPENTIER,51100.0,REIMS,51,454,AE,262,2,2.0,Appartement,48.0,2.0
1741925,13/07/2018,Vente,"40000,00",115.0,RUE,3570,DE FISMES,51100.0,REIMS,51,454,AR,574,3,2.0,Appartement,33.0,2.0
1741927,06/07/2018,Vente,"138000,00",48.0,RUE,5160,DE LA JUSTICE,51100.0,REIMS,51,454,BD,99,1,2.0,Appartement,85.0,4.0
1741929,29/06/2018,Vente,"127400,00",3.0,CHS,7970,SAINT MARTIN,51100.0,REIMS,51,454,DN,587,1,2.0,Appartement,78.0,4.0
1741932,06/07/2018,Vente,"400000,00",35.0,BD,3950,DU GENERAL LECLERC,51100.0,REIMS,51,454,IM,401,0,2.0,Appartement,65.0,2.0
1741933,06/07/2018,Vente,"400000,00",35.0,BD,3950,DU GENERAL LECLERC,51100.0,REIMS,51,454,IM,401,0,2.0,Appartement,130.0,5.0
1741938,29/06/2018,Vente,"186000,00",7.0,RUE,6760,PAUL ADAM,51100.0,REIMS,51,454,IK,1428,2,2.0,Appartement,68.0,2.0
1741939,06/07/2018,Vente,"85000,00",76.0,RUE,8950,DE VENISE,51100.0,REIMS,51,454,IK,329,1,2.0,Appartement,48.0,2.0
1741942,06/07/2018,Vente,"107000,00",2.0,RUE,7720,DU RUISSELET,51100.0,REIMS,51,454,DM,632,2,2.0,Appartement,46.0,2.0
1741944,26/06/2018,Vente,"82000,00",1.0,RUE,6010,MARTIN PELLER,51100.0,REIMS,51,454,HX,105,1,2.0,Appartement,50.0,1.0
1741946,30/06/2018,Vente,"50000,00",45.0,RUE,0200,D ALSACE LORRAINE,51100.0,REIMS,51,454,CT,101,2,2.0,Appartement,33.0,2.0
1741965,28/06/2018,Vente,"135000,00",25.0,RUE,3180,EDOUARD MIGNOT,51100.0,REIMS,51,454,AT,374,1,2.0,Appartement,24.0,1.0
1741966,28/06/2018,Vente,"135000,00",25.0,RUE,3180,EDOUARD MIGNOT,51100.0,REIMS,51,454,AT,374,1,2.0,Appartement,24.0,1.0
1741970,29/06/2018,Vente,"809600,00",5.0,CRS,0250,ANATOLE FRANCE,51100.0,REIMS,51,454,CX,213,2,2.0,Appartement,280.0,5.0
1741972,28/06/2018,Vente,"190000,00",118.0,RUE,6230,DU MONT D ARENE,51100.0,REIMS,51,454,AR,355,1,2.0,Appartement,71.0,3.0
1741975,05/07/2018,Vente,"45900,00",3.0,RUE,4545,HENRI ROYER,51100.0,REIMS,51,454,HV,978,2,2.0,Appartement,29.0,1.0
1741980,09/07/2018,Vente,"82000,00",4.0,RUE,8480,DE TAISSY,51100.0,REIMS,51,454,DK,184,1,2.0,Appartement,65.0,3.0
1741981,09/07/2018,Vente,"82000,00",4.0,RUE,8480,DE TAISSY,51100.0,REIMS,51,454,DK,184,1,2.0,Appartement,65.0,3.0
1741993,05/07/2018,Vente,"116800,00",6.0,RUE,3610,FLIN DES OLIVIERS,51100.0,REIMS,51,454,HX,17,1,2.0,Appartement,47.0,2.0
1741998,09/07/2018,Vente,"71500,00",54.0,RUE,1360,CAMILLE LENOIR,51100.0,REIMS,51,454,BH,151,1,2.0,Appartement,29.0,2.0
1742000,23/07/2018,Vente,"38800,00",78.0,RUE,7610,DES ROMAINS,51100.0,REIMS,51,454,AR,246,2,2.0,Appartement,21.0,1.0
1742008,19/07/2018,Vente,"314000,00",51.0,BD,3950,DU GENERAL LECLERC,51100.0,REIMS,51,454,IM,502,4,2.0,Appartement,126.0,5.0
1742011,20/07/2018,Vente,"82750,00",6.0,AV,4900,JEAN JAURES,51100.0,REIMS,51,454,CW,51,2,2.0,Appartement,28.0,2.0
1742015,03/07/2018,Vente,"55000,00",23.0,RUE,2430,DE COURCELLES,51100.0,REIMS,51,454,AT,334,2,2.0,Appartement,24.0,1.0
1742016,11/07/2018,Vente,"130600,00",2.0,BD,4550,HENRY VASNIER,51100.0,REIMS,51,454,CZ,450,2,2.0,Appartement,80.0,4.0
1742020,10/07/2018,Vente,"435000,00",35.0,RUE,7160,PONSARDIN,51100.0,REIMS,51,454,CK,119,5,2.0,Appartement,235.0,8.0
1742021,12/07/2018,Vente,"54885,00",117.0,RUE,1590,DE CERNAY,51100.0,REIMS,51,454,CV,544,1,2.0,Appartement,30.0,1.0
1742025,27/06/2018,Vente,"196000,00",32.0,RUE,4070,GERUZEZ,51100.0,REIMS,51,454,AR,163,1,2.0,Appartement,65.0,3.0
1742030,27/06/2018,Vente,"57000,00",5.0,RUE,8720,TOURNEBONNEAU,51100.0,REIMS,51,454,DM,628,1,2.0,Appartement,30.0,1.0
1742032,17/07/2018,Vente,"126000,00",9.0,RUE,1730,CHANTERAINE,51100.0,REIMS,51,454,DM,634,2,2.0,Appartement,67.0,3.0
1742037,04/07/2018,Vente,"88000,00",14.0,RUE,7860,SAINT HILAIRE,51100.0,REIMS,51,454,BE,38,2,2.0,Appartement,36.0,1.0
1742038,09/07/2018,Vente,"152000,00",14.0,RUE,7860,SAINT HILAIRE,51100.0,REIMS,51,454,BE,38,2,2.0,Appartement,47.0,2.0
1742041,11/07/2018,Vente,"107000,00",15.0,RUE,1730,CHANTERAINE,51100.0,REIMS,51,454,DM,634,2,2.0,Appartement,79.0,4.0
1742042,17/07/2018,Vente,"40000,00",16.0,RUE,1920,DE CHEVIGNE,51100.0,REIMS,51,454,CW,608,1,2.0,Appartement,22.0,1.0
1742044,09/07/2018,Vente,"206000,00",33.0,AV,5300,DE LAON,51100.0,REIMS,51,454,AT,105,1,2.0,Appartement,100.0,5.0
1742045,06/07/2018,Vente,"345000,00",8.0,RUE,5800,DE MAGNEUX,51100.0,REIMS,51,454,AR,508,0,2.0,Appartement,32.0,2.0
1742046,06/07/2018,Vente,"345000,00",8.0,RUE,5800,DE MAGNEUX,51100.0,REIMS,51,454,AR,508,0,2.0,Appartement,25.0,1.0
1742047,06/07/2018,Vente,"345000,00",8.0,RUE,5800,DE MAGNEUX,51100.0,REIMS,51,454,AR,508,0,2.0,Appartement,78.0,4.0
1742048,06/07/2018,Vente,"345000,00",8.0,RUE,5800,DE MAGNEUX,51100.0,REIMS,51,454,AR,508,0,2.0,Appartement,43.0,2.0
1742049,06/07/2018,Vente,"345000,00",8.0,RUE,5800,DE MAGNEUX,51100.0,REIMS,51,454,AR,508,0,2.0,Appartement,42.0,2.0
1742050,04/07/2018,Vente,"175000,00",47.0,RUE,4740,JACQUART,51100.0,REIMS,51,454,BH,125,2,2.0,Appartement,95.0,5.0
1742054,03/07/2018,Vente en l'état futur d'achèvement,"457000,00",40.0,RUE,7790,DE ST BRICE,51100.0,REIMS,51,454,AT,247,1,2.0,Appartement,122.0,4.0
1742056,02/07/2018,Vente en l'état futur d'achèvement,"109002,00",6.0,RUE,8090,SAINT THIERRY,51100.0,REIMS,51,454,AV,1097,1,2.0,Appartement,26.0,1.0
1742058,12/07/2018,Vente,"220000,00",8.0,RUE,2810,DIDEROT,51100.0,REIMS,51,454,CX,242,1,2.0,Appartement,69.0,4.0
1742062,12/07/2018,Vente,"99000,00",18.0,RUE,4700,DE L ISLE,51100.0,REIMS,51,454,CX,134,2,2.0,Appartement,33.0,1.0
1742069,27/06/2018,Vente,"77000,00",60.0,RUE,7790,DE ST BRICE,51100.0,REIMS,51,454,AT,1,3,2.0,Appartement,36.0,2.0
1742070,10/07/2018,Vente en l'état futur d'achèvement,"129000,00",215.0,RUE,6470,DE NEUFCHATEL,51100.0,REIMS,51,454,AH,79,1,2.0,Appartement,64.0,3.0
1742074,05/07/2018,Vente en l'état futur d'achèvement,"168000,00",29.0,RUE,0150,D ALGER,51100.0,REIMS,51,454,CR,61,1,2.0,Appartement,58.0,3.0
1742077,02/07/2018,Vente,"62000,00",296.0,AV,5300,DE LAON,51100.0,REIMS,51,454,AX,755,1,2.0,Appartement,35.0,1.0
1742080,27/06/2018,Vente,"245000,00",5.0,RUE,6360,DES MURS,51100.0,REIMS,51,454,CX,273,4,2.0,Appartement,76.0,4.0
1742090,16/07/2018,Vente,"237500,00",8.0,PL,4110,GODINOT,51100.0,REIMS,51,454,CX,560,5,2.0,Appartement,164.0,5.0
1742093,12/07/2018,Vente,"90000,00",13.0,RUE,8720,TOURNEBONNEAU,51100.0,REIMS,51,454,DM,630,2,2.0,Appartement,54.0,2.0
1742094,10/07/2018,Vente,"107000,00",17.0,RUE,8570,DU TEMPLE,51100.0,REIMS,51,454,BE,490,2,2.0,Appartement,56.0,2.0
1742095,12/07/2018,Vente,"98000,00",71.0,AV,4900,JEAN JAURES,51100.0,REIMS,51,454,BI,380,2,2.0,Appartement,60.0,2.0
1742097,12/07/2018,Vente,"128000,00",229.0,RUE,2440,DE COURLANCY,51100.0,REIMS,51,454,DN,229,1,2.0,Appartement,71.0,3.0
1742105,29/06/2018,Vente,"149000,00",1.0,RUE,8290,16E ET 22E DRAGONS,51100.0,REIMS,51,454,CK,17,1,2.0,Appartement,58.0,2.0
1742110,02/07/2018,Vente,"166000,00",155.0,RUE,1590,DE CERNAY,51100.0,REIMS,51,454,CV,96,1,2.0,Appartement,67.0,3.0
1742112,05/07/2018,Vente,"292000,00",14.0,RUE,5250,LAGRIVE,51100.0,REIMS,51,454,CK,53,2,2.0,Appartement,118.0,4.0
1742114,11/07/2018,Vente,"100000,00",8.0,RUE,5195,KERGUELEN,51100.0,REIMS,51,454,ET,547,2,2.0,Appartement,92.0,5.0
1742116,13/07/2018,Vente en l'état futur d'achèvement,"283720,00",25.0,RUE,3210,DES ELUS,51100.0,REIMS,51,454,IL,117,1,2.0,Appartement,50.0,2.0
1742122,23/07/2018,Vente,"161000,00",139.0,BD,7140,POMMERY,51100.0,REIMS,51,454,CI,65,2,2.0,Appartement,79.0,3.0
1742126,17/07/2018,Vente,"142800,00",15.0,RUE,8720,TOURNEBONNEAU,51100.0,REIMS,51,454,DM,630,2,2.0,Appartement,74.0,3.0
1742127,11/07/2018,Vente,"68000,00",91.0,BD,4550,HENRY VASNIER,51100.0,REIMS,51,454,CI,68,1,2.0,Appartement,34.0,1.0
1742136,19/07/2018,Vente,"60000,00",36.0,RUE,5920,M CLEMENCE FOURIAUX,51100.0,REIMS,51,454,AV,304,1,2.0,Appartement,24.0,1.0
1742163,20/07/2018,Vente,"75000,00",45.0,RUE,4880,JEAN DE LA FONTAINE,51100.0,REIMS,51,454,CV,428,3,2.0,Appartement,35.0,2.0
1742168,04/07/2018,Vente,"46000,00",86.0,RUE,7010,PIERRE BROSSOLETTE,51100.0,REIMS,51,454,AV,538,2,2.0,Appartement,30.0,1.0
1742178,02/07/2018,Vente,"94000,00",39.0,RUE,5940,MARLOT,51100.0,REIMS,51,454,IK,511,1,2.0,Appartement,29.0,1.0
1742181,02/07/2018,Vente,"97700,00",39.0,RUE,5940,MARLOT,51100.0,REIMS,51,454,IK,511,1,2.0,Appartement,32.0,2.0
1742188,20/07/2018,Vente,"67000,00",61.0,RUE,6830,P VAILLANT COUTURIER,51100.0,REIMS,51,454,AV,861,2,2.0,Appartement,30.0,1.0
1742191,29/06/2018,Vente en l'état futur d'achèvement,"297000,00",14.0,BD,6690,DE LA PAIX,51100.0,REIMS,51,454,CX,534,1,2.0,Appartement,75.0,3.0
1742193,19/07/2018,Vente,"52000,00",195.0,AV,4900,JEAN JAURES,51100.0,REIMS,51,454,BK,334,1,2.0,Appartement,20.0,1.0
1742199,18/07/2018,Vente,"99900,00",8.0,RUE,8430,DE STRASBOURG,51100.0,REIMS,51,454,CV,940,3,2.0,Appartement,43.0,2.0
1742201,27/06/2018,Vente,"59000,00",26.0,RUE,1860,DU CHATELET,51100.0,REIMS,51,454,DM,458,2,2.0,Appartement,36.0,1.0
1742216,23/07/2018,Vente,"50000,00",15.0,RUE,4035,GERARD PHILIPE,51100.0,REIMS,51,454,CI,43,1,2.0,Appartement,17.0,1.0
1742230,19/07/2018,Vente,"171500,00",11.0,RUE,8580,DES TEMPLIERS,51100.0,REIMS,51,454,BH,528,2,2.0,Appartement,94.0,5.0
1742236,05/07/2018,Vente,"125000,00",,RUE,1170,BRANLY,51100.0,REIMS,51,454,HW,420,2,2.0,Appartement,53.0,2.0
1742238,13/07/2018,Vente,"428000,00",12.0,RUE,3210,DES ELUS,51100.0,REIMS,51,454,IL,563,2,2.0,Appartement,151.0,7.0
1742239,09/07/2018,Vente,"100000,00",8.0,RUE,5195,KERGUELEN,51100.0,REIMS,51,454,ET,547,2,2.0,Appartement,60.0,3.0
1742241,02/07/2018,Vente,"92500,00",12.0,RUE,6260,MONTLAURENT,51100.0,REIMS,51,454,CZ,427,1,2.0,Appartement,45.0,2.0
1742249,16/07/2018,Vente,"350000,00",13.0,RUE,8670,DE TINQUEUX,51100.0,REIMS,51,454,IO,391,0,2.0,Appartement,64.0,4.0
1742250,16/07/2018,Vente,"350000,00",13.0,RUE,8670,DE TINQUEUX,51100.0,REIMS,51,454,IO,391,0,2.0,Appartement,64.0,4.0
1742251,16/07/2018,Vente,"350000,00",13.0,RUE,8670,DE TINQUEUX,51100.0,REIMS,51,454,IO,391,0,2.0,Appartement,64.0,4.0
1742252,17/07/2018,Vente,"169000,00",17.0,RUE,5230,LABORI,51100.0,REIMS,51,454,CK,183,2,2.0,Appartement,82.0,4.0
1742276,10/07/2018,Vente,"269000,00",28.0,RUE,3850,GAMBETTA,51100.0,REIMS,51,454,IK,164,2,2.0,Appartement,100.0,5.0
1742277,13/07/2018,Vente,"82000,00",17.0,RUE,7017,PIERRE LAPLACE,51100.0,REIMS,51,454,AE,285,2,2.0,Appartement,74.0,4.0
1742279,09/07/2018,Vente,"45000,00",156.0,RUE,1590,DE CERNAY,51100.0,REIMS,51,454,CV,257,1,2.0,Appartement,24.0,1.0
1742293,19/07/2018,Vente en l'état futur d'achèvement,"112000,00",215.0,RUE,6470,DE NEUFCHATEL,51100.0,REIMS,51,454,AH,79,1,2.0,Appartement,43.0,2.0
1742299,02/07/2018,Vente,"203500,00",10.0,RUE,8230,DES SALINES,51100.0,REIMS,51,454,CZ,180,1,2.0,Appartement,87.0,3.0
1742304,18/07/2018,Vente,"59950,00",22.0,RUE,0740,BELIN,51100.0,REIMS,51,454,AX,276,1,2.0,Appartement,27.0,1.0
1742313,13/07/2018,Vente,"80500,00",114.0,RUE,6230,DU MONT D ARENE,51100.0,REIMS,51,454,AR,353,2,2.0,Appartement,35.0,2.0
1742337,13/07/2018,Vente,"123000,00",61.0,RUE,1640,DU CHALET,51100.0,REIMS,51,454,BK,436,2,2.0,Appartement,108.0,5.0
1742338,17/07/2018,Vente,"126326,00",12.0,RUE,3520,FERRAND DE MONTHELON,51100.0,REIMS,51,454,AD,10,2,2.0,Appartement,86.0,5.0
1742340,18/07/2018,Vente,"175000,00",2.0,AV,3913,DU GENERAL DE GAULLE,51100.0,REIMS,51,454,HX,547,1,2.0,Appartement,88.0,4.0
1742345,13/07/2018,Vente,"110000,00",4.0,ESP,3590,FLECHAMBAULT,51100.0,REIMS,51,454,DM,636,2,2.0,Appartement,83.0,4.0
1742347,18/07/2018,Vente,"102355,37",38.0,RUE,5650,DE LOUVOIS,51100.0,REIMS,51,454,DV,639,2,2.0,Appartement,40.0,1.0
1742350,12/07/2018,Vente,"73000,00",73.0,RUE,7160,PONSARDIN,51100.0,REIMS,51,454,CY,627,1,2.0,Appartement,24.0,1.0
1742351,17/07/2018,Vente,"52000,00",35.0,BD,6690,DE LA PAIX,51100.0,REIMS,51,454,CK,319,1,2.0,Appartement,21.0,1.0
1742353,12/07/2018,Vente,"100000,00",11.0,RUE,0970,BLONDEL,51100.0,REIMS,51,454,AX,148,0,2.0,Appartement,21.0,1.0
1742354,12/07/2018,Vente,"100000,00",11.0,RUE,0970,BLONDEL,51100.0,REIMS,51,454,AX,148,0,2.0,Appartement,21.0,1.0
1742355,12/07/2018,Vente,"100000,00",11.0,RUE,0970,BLONDEL,51100.0,REIMS,51,454,AX,148,0,2.0,Appartement,21.0,1.0
1742356,13/07/2018,Vente,"200000,00",9.0,RUE,7420,REIMBEAU,51100.0,REIMS,51,454,AX,63,2,2.0,Appartement,42.0,2.0
1742357,13/07/2018,Vente,"200000,00",9.0,RUE,7420,REIMBEAU,51100.0,REIMS,51,454,AX,63,3,2.0,Appartement,45.0,2.0
1742358,13/07/2018,Vente,"200000,00",9.0,RUE,7420,REIMBEAU,51100.0,REIMS,51,454,AX,63,2,2.0,Appartement,38.0,3.0
1742368,18/07/2018,Vente en l'état futur d'achèvement,"98000,00",215.0,RUE,6470,DE NEUFCHATEL,51100.0,REIMS,51,454,AH,79,1,2.0,Appartement,45.0,2.0
1742398,26/07/2018,Vente,"89000,00",21.0,RUE,6230,DU MONT D ARENE,51100.0,REIMS,51,454,AT,63,1,2.0,Appartement,54.0,3.0
1742404,03/07/2018,Vente,"122000,00",13.0,CRS,0250,ANATOLE FRANCE,51100.0,REIMS,51,454,CX,555,2,2.0,Appartement,38.0,2.0
1742410,09/07/2018,Vente,"135010,00",37.0,RUE,4160,DE LA GOULETTE,51100.0,REIMS,51,454,BL,624,1,2.0,Appartement,118.0,5.0
1742420,27/07/2018,Vente,"160000,00",28.0,RUE,5780,DE LA MAGDELEINE,51100.0,REIMS,51,454,IM,294,2,2.0,Appartement,66.0,3.0
1742424,06/07/2018,Vente,"193000,00",2.0,ALL,3777,FRANCOIS RABELAIS,51100.0,REIMS,51,454,EX,137,1,2.0,Appartement,98.0,5.0
1742435,20/07/2018,Vente,"312000,00",19.0,RUE,8900,DE L UNIVERSITE,51100.0,REIMS,51,454,CX,293,1,2.0,Appartement,76.0,3.0
1742439,26/07/2018,Vente,"184000,00",16.0,RUE,1920,DE CHEVIGNE,51100.0,REIMS,51,454,CW,608,1,2.0,Appartement,140.0,4.0
1742441,20/07/2018,Vente en l'état futur d'achèvement,"215661,00",65.0,RUE,6230,DU MONT D ARENE,51100.0,REIMS,51,454,AT,9,1,2.0,Appartement,63.0,3.0
1742443,25/07/2018,Vente,"85500,00",2.0,RUE,2590,D ESTIENNE D ORVES,51100.0,REIMS,51,454,DV,481,2,2.0,Appartement,49.0,2.0
1742445,20/07/2018,Vente,"493100,00",24.0,RUE,2670,DAVID,51100.0,REIMS,51,454,CW,207,0,2.0,Appartement,46.0,2.0
1742446,20/07/2018,Vente,"493100,00",24.0,RUE,2670,DAVID,51100.0,REIMS,51,454,CW,207,0,2.0,Appartement,45.0,3.0
1742447,20/07/2018,Vente,"493100,00",24.0,RUE,2670,DAVID,51100.0,REIMS,51,454,CW,207,0,2.0,Appartement,22.0,3.0
1742449,20/07/2018,Vente,"493100,00",24.0,RUE,2670,DAVID,51100.0,REIMS,51,454,CW,207,0,2.0,Appartement,33.0,1.0
1742455,26/07/2018,Vente,"137000,00",36.0,AV,6730,DE PARIS,51100.0,REIMS,51,454,IO,438,1,2.0,Appartement,26.0,1.0
1742456,26/07/2018,Vente,"137000,00",36.0,AV,6730,DE PARIS,51100.0,REIMS,51,454,IO,438,1,2.0,Appartement,26.0,1.0
1742458,12/07/2018,Vente,"75000,00",1.0,RUE,6010,MARTIN PELLER,51100.0,REIMS,51,454,HX,105,1,2.0,Appartement,49.0,1.0
1742463,23/07/2018,Vente,"199200,00",28.0,RUE,5490,LIBERGIER,51100.0,REIMS,51,454,IK,875,1,2.0,Appartement,63.0,3.0
1742466,12/07/2018,Vente,"585000,00",32.0,AV,3320,D EPERNAY,51100.0,REIMS,51,454,HX,377,0,2.0,Appartement,61.0,3.0
1742467,12/07/2018,Vente,"585000,00",32.0,AV,3320,D EPERNAY,51100.0,REIMS,51,454,HX,377,0,2.0,Appartement,67.0,3.0
1742468,12/07/2018,Vente,"585000,00",32.0,AV,3320,D EPERNAY,51100.0,REIMS,51,454,HX,377,0,2.0,Appartement,32.0,1.0
1742470,12/07/2018,Vente,"585000,00",32.0,AV,3320,D EPERNAY,51100.0,REIMS,51,454,HX,377,0,2.0,Appartement,62.0,3.0
1742471,12/07/2018,Vente,"585000,00",32.0,AV,3320,D EPERNAY,51100.0,REIMS,51,454,HX,377,0,2.0,Appartement,62.0,3.0
1742472,12/07/2018,Vente,"585000,00",32.0,AV,3320,D EPERNAY,51100.0,REIMS,51,454,HX,377,0,2.0,Appartement,64.0,3.0
1742473,12/07/2018,Vente,"585000,00",32.0,AV,3320,D EPERNAY,51100.0,REIMS,51,454,HX,377,0,2.0,Appartement,84.0,3.0
1742474,12/07/2018,Vente,"585000,00",32.0,AV,3320,D EPERNAY,51100.0,REIMS,51,454,HX,377,0,2.0,Appartement,32.0,1.0
1742475,12/07/2018,Vente,"585000,00",32.0,AV,3320,D EPERNAY,51100.0,REIMS,51,454,HX,377,0,2.0,Appartement,62.0,3.0
1742476,12/07/2018,Vente,"585000,00",32.0,AV,3320,D EPERNAY,51100.0,REIMS,51,454,HX,377,0,2.0,Appartement,62.0,3.0
1742477,12/07/2018,Vente,"585000,00",32.0,AV,3320,D EPERNAY,51100.0,REIMS,51,454,HX,377,0,2.0,Appartement,55.0,4.0
1742479,12/07/2018,Vente,"585000,00",32.0,AV,3320,D EPERNAY,51100.0,REIMS,51,454,HX,377,0,2.0,Appartement,86.0,3.0
1742480,12/07/2018,Vente,"585000,00",32.0,AV,3320,D EPERNAY,51100.0,REIMS,51,454,HX,377,0,2.0,Appartement,61.0,3.0
1742481,19/07/2018,Vente,"70000,00",59.0,RUE,6230,DU MONT D ARENE,51100.0,REIMS,51,454,AT,16,2,2.0,Appartement,22.0,1.0
1742488,27/07/2018,Vente,"279400,00",22.0,RUE,4700,DE L ISLE,51100.0,REIMS,51,454,CX,106,2,2.0,Appartement,112.0,5.0
1742501,16/07/2018,Vente,"120000,00",17.0,RUE,2710,DEFRANCOIS,51100.0,REIMS,51,454,CK,317,2,2.0,Appartement,67.0,3.0
1742508,16/07/2018,Vente,"143300,00",149.0,RUE,1390,DES CAPUCINS,51100.0,REIMS,51,454,IK,247,2,2.0,Appartement,54.0,3.0
1742512,19/07/2018,Vente,"48020,00",21.0,AV,4455,HENRI FARMAN,51100.0,REIMS,51,454,DH,90,1,2.0,Appartement,17.0,1.0
1742513,18/07/2018,Vente,"125000,00",168.0,RUE,1590,DE CERNAY,51100.0,REIMS,51,454,CV,209,1,2.0,Appartement,65.0,3.0
1742515,20/07/2018,Vente,"111000,00",11.0,RUE,5400,LEON FAUCHER,51100.0,REIMS,51,454,BC,130,3,2.0,Appartement,75.0,4.0
1742518,10/07/2018,Vente en l'état futur d'achèvement,"112000,00",,RUE,5891,MARCEL THIL,51100.0,REIMS,51,454,AV,1091,1,2.0,Appartement,27.0,1.0
1742520,05/07/2018,Vente,"65000,00",3.0,RUE,7420,REIMBEAU,51100.0,REIMS,51,454,AX,60,2,2.0,Appartement,30.0,2.0
1742532,19/07/2018,Vente,"149800,00",69.0,RUE,5891,MARCEL THIL,51100.0,REIMS,51,454,AV,761,2,2.0,Appartement,89.0,5.0
1742539,31/07/2018,Vente,"42000,00",21.0,AV,4455,HENRI FARMAN,51100.0,REIMS,51,454,DH,90,1,2.0,Appartement,17.0,1.0
1742548,17/07/2018,Vente,"86000,00",126.0,RUE,3850,GAMBETTA,51100.0,REIMS,51,454,DM,632,1,2.0,Appartement,46.0,2.0
1742549,17/07/2018,Vente,"86000,00",126.0,RUE,3850,GAMBETTA,51100.0,REIMS,51,454,DM,632,1,2.0,Appartement,46.0,2.0
1742555,23/07/2018,Vente,"58000,00",15.0,PL,5700,LUTON,51100.0,REIMS,51,454,AX,362,1,2.0,Appartement,27.0,1.0
1742558,27/07/2018,Vente,"59000,00",23.0,RUE,0910,DE BEZANNES,51100.0,REIMS,51,454,HW,66,1,2.0,Appartement,28.0,2.0
1742563,11/07/2018,Vente en l'état futur d'achèvement,"278000,00",7.0,RUE,0400,ARMONVILLE,51100.0,REIMS,51,454,CZ,678,1,2.0,Appartement,48.0,2.0
1742564,11/07/2018,Vente en l'état futur d'achèvement,"278000,00",7.0,RUE,0400,ARMONVILLE,51100.0,REIMS,51,454,CZ,678,1,2.0,Appartement,24.0,1.0
1742568,23/07/2018,Vente,"59000,00",15.0,PL,5700,LUTON,51100.0,REIMS,51,454,AX,362,1,2.0,Appartement,29.0,1.0
1742569,19/07/2018,Vente,"109500,00",91.0,BD,3950,DU GENERAL LECLERC,51100.0,REIMS,51,454,IN,22,2,2.0,Appartement,46.0,2.0
1742570,11/07/2018,Vente,"55000,00",11.0,RUE,5830,DE LA MALADRERIE,51100.0,REIMS,51,454,BL,160,1,2.0,Appartement,46.0,2.0
1742573,27/07/2018,Vente,"61910,00",2.0,AV,3913,DU GENERAL DE GAULLE,51100.0,REIMS,51,454,HX,547,1,2.0,Appartement,29.0,1.0
1742574,27/07/2018,Vente,"170000,00",26.0,RUE,9220,VOLTAIRE,51100.0,REIMS,51,454,CX,163,2,2.0,Appartement,86.0,3.0
1742579,20/07/2018,Vente,"72000,00",13.0,RUE,1190,DE BRAZZAVILLE,51100.0,REIMS,51,454,CM,105,1,2.0,Appartement,70.0,3.0
1742582,27/07/2018,Vente,"135500,00",2.0,RUE,6178,MIGUEL DE CERVANTES,51100.0,REIMS,51,454,EX,121,1,2.0,Appartement,83.0,3.0
1742595,30/07/2018,Vente,"150000,00",13.0,AV,4900,JEAN JAURES,51100.0,REIMS,51,454,BH,263,1,2.0,Appartement,50.0,2.0
1742598,27/07/2018,Vente en l'état futur d'achèvement,"229022,00",65.0,RUE,6230,DU MONT D ARENE,51100.0,REIMS,51,454,AT,9,1,2.0,Appartement,62.0,3.0
1742600,16/07/2018,Vente,"210000,00",6.0,RUE,5780,DE LA MAGDELEINE,51100.0,REIMS,51,454,IM,505,1,2.0,Appartement,100.0,3.0
1742603,11/07/2018,Vente,"44000,00",11.0,RUE,5830,DE LA MALADRERIE,51100.0,REIMS,51,454,BL,160,1,2.0,Appartement,55.0,3.0
1742605,27/07/2018,Vente,"100000,00",179.0,AV,4900,JEAN JAURES,51100.0,REIMS,51,454,BK,461,2,2.0,Appartement,53.0,3.0
1742614,27/07/2018,Vente,"145000,00",3.0,RUE,1640,DU CHALET,51100.0,REIMS,51,454,BK,328,1,2.0,Appartement,86.0,4.0
1742616,20/07/2018,Vente,"120000,00",35.0,RUE,6010,MARTIN PELLER,51100.0,REIMS,51,454,HX,545,2,2.0,Appartement,47.0,2.0
1742618,06/07/2018,Vente en l'état futur d'achèvement,"203000,00",,RUE,5891,MARCEL THIL,51100.0,REIMS,51,454,AV,1091,1,2.0,Appartement,56.0,2.0
1742625,12/07/2018,Vente en l'état futur d'achèvement,"240900,00",,RUE,5891,MARCEL THIL,51100.0,REIMS,51,454,AV,1082,1,2.0,Appartement,70.0,3.0
1742627,10/07/2018,Vente en l'état futur d'achèvement,"171900,00",,RUE,5891,MARCEL THIL,51100.0,REIMS,51,454,AV,1091,1,2.0,Appartement,48.0,2.0
1742630,17/07/2018,Vente en l'état futur d'achèvement,"284000,00",104.0,AV,5300,DE LAON,51100.0,REIMS,51,454,AW,515,1,2.0,Appartement,76.0,3.0
1742632,30/07/2018,Vente,"44500,00",21.0,AV,4455,HENRI FARMAN,51100.0,REIMS,51,454,DH,90,1,2.0,Appartement,17.0,1.0
1742633,05/07/2018,Vente,"381700,00",4.0,PL,0380,ARISTIDE BRIAND,51100.0,REIMS,51,454,CX,85,4,2.0,Appartement,155.0,5.0
1742636,11/07/2018,Vente,"82000,00",179.0,AV,4900,JEAN JAURES,51100.0,REIMS,51,454,BK,461,1,2.0,Appartement,45.0,2.0
1742637,26/07/2018,Vente,"81000,00",1.0,RUE,1920,DE CHEVIGNE,51100.0,REIMS,51,454,CL,154,2,2.0,Appartement,51.0,1.0
1742648,18/07/2018,Vente,"89000,00",52.0,RUE,2570,CROUTELLE,51100.0,REIMS,51,454,AV,105,2,2.0,Appartement,40.0,2.0
1742650,05/07/2018,Vente,"105000,00",10.0,RUE,7150,DE LA POMPELLE,51100.0,REIMS,51,454,CL,33,2,2.0,Appartement,74.0,4.0
1742656,05/07/2018,Vente,"147600,00",5.0,RUE,4307,GUILLAUME APOLLINAIRE,51100.0,REIMS,51,454,KP,30,1,2.0,Appartement,108.0,5.0
1742662,26/07/2018,Vente,"93000,00",9.0,RUE,2740,DERODE,51100.0,REIMS,51,454,BI,202,2,2.0,Appartement,55.0,3.0
1742670,01/08/2018,Vente,"39000,00",18.0,RUE,1830,CHARLIER,51100.0,REIMS,51,454,BI,218,2,2.0,Appartement,21.0,1.0
1742672,24/07/2018,Vente,"138000,00",113.0,RUE,5460,LESAGE,51100.0,REIMS,51,454,AY,241,1,2.0,Appartement,61.0,3.0
1742673,24/07/2018,Vente,"191000,00",199.0,RUE,0600,DU BARBATRE,51100.0,REIMS,51,454,CZ,258,1,2.0,Appartement,69.0,3.0
1742713,09/07/2018,Vente,"71500,00",86.0,RUE,4150,GOSSET,51100.0,REIMS,51,454,BC,153,1,2.0,Appartement,40.0,2.0
1742714,03/07/2018,Vente,"150000,00",2.0,RUE,4150,GOSSET,51100.0,REIMS,51,454,BD,99,1,2.0,Appartement,101.0,4.0
1742721,25/07/2018,Vente,"230000,00",2.0,RUE,4730,DES JACOBINS,51100.0,REIMS,51,454,IK,95,1,2.0,Appartement,106.0,3.0
1742724,01/08/2018,Vente,"58000,00",8.0,RUE,6670,DES ORPHELINS,51100.0,REIMS,51,454,CY,224,1,2.0,Appartement,21.0,1.0
1742742,17/07/2018,Vente,"76000,00",15.0,RUE,7015,PIERRE DE COUBERTIN,51100.0,REIMS,51,454,AE,110,2,2.0,Appartement,81.0,4.0
1742752,09/07/2018,Vente,"167000,00",2.0,RUE,0210,AMBROISE PETIT,51100.0,REIMS,51,454,DM,634,2,2.0,Appartement,93.0,5.0
1742755,27/07/2018,Vente,"77500,00",15.0,RUE,1030,DE LA BONNE FEMME,51100.0,REIMS,51,454,DO,242,2,2.0,Appartement,36.0,2.0
1742756,22/03/2018,Adjudication,"172000,00",3.0,RUE,4670,HURTAUT,51100.0,REIMS,51,454,BC,317,0,2.0,Appartement,18.0,1.0
1742757,22/03/2018,Adjudication,"172000,00",3.0,RUE,4670,HURTAUT,51100.0,REIMS,51,454,BC,317,0,2.0,Appartement,18.0,1.0
1742758,22/03/2018,Adjudication,"172000,00",3.0,RUE,4670,HURTAUT,51100.0,REIMS,51,454,BC,317,0,2.0,Appartement,18.0,1.0
1742760,12/07/2018,Vente,"200000,00",11.0,BD,3640,FOCH,51100.0,REIMS,51,454,IL,571,1,2.0,Appartement,88.0,3.0
1742767,20/07/2018,Vente,"78000,00",6.0,RUE,2960,DU DOCTEUR LEFORT,51100.0,REIMS,51,454,DO,602,2,2.0,Appartement,64.0,4.0
1742769,25/07/2018,Vente,"210000,00",20.0,AV,6730,DE PARIS,51100.0,REIMS,51,454,IO,197,0,2.0,Appartement,32.0,2.0
1742770,25/07/2018,Vente,"210000,00",20.0,AV,6730,DE PARIS,51100.0,REIMS,51,454,IO,197,0,2.0,Appartement,30.0,1.0
1742771,25/07/2018,Vente,"210000,00",20.0,AV,6730,DE PARIS,51100.0,REIMS,51,454,IO,197,0,2.0,Appartement,35.0,2.0
1742772,26/07/2018,Vente,"162750,00",61.0,RUE,3360,ERNEST RENAN,51100.0,REIMS,51,454,AR,407,2,2.0,Appartement,62.0,3.0
1742774,24/07/2018,Vente,"138155,00",6.0,RUE,6070,DE MARZILLY,51100.0,REIMS,51,454,AM,695,1,2.0,Appartement,62.0,3.0
1742794,30/07/2018,Vente,"660000,00",5.0,AV,0267,ANDRE MARGOT NEUV,51100.0,REIMS,51,454,KH,139,0,2.0,Appartement,163.0,3.0
1742801,01/08/2018,Vente,"150000,00",32.0,RUE,2290,COQUEBERT,51100.0,REIMS,51,454,BH,109,0,2.0,Appartement,92.0,5.0
1742802,01/08/2018,Vente,"150000,00",32.0,RUE,2290,COQUEBERT,51100.0,REIMS,51,454,BH,109,0,2.0,Appartement,89.0,4.0
1742810,17/07/2018,Vente,"65500,00",192.0,AV,5300,DE LAON,51100.0,REIMS,51,454,AX,847,1,2.0,Appartement,23.0,1.0
1742814,17/07/2018,Vente,"36000,00",11.0,RUE,0630,DU BASTION,51100.0,REIMS,51,454,CW,292,0,2.0,Appartement,55.0,3.0
1742815,17/07/2018,Vente,"36000,00",11.0,RUE,0630,DU BASTION,51100.0,REIMS,51,454,CW,292,0,2.0,Appartement,86.0,4.0
1742819,23/07/2018,Vente,"119000,00",25.0,RUE,3770,FRANCOIS DOR,51100.0,REIMS,51,454,HX,390,2,2.0,Appartement,60.0,3.0
1742822,20/07/2018,Vente,"56000,00",34.0,BD,9070,VICTOR HUGO,51100.0,REIMS,51,454,CZ,190,2,2.0,Appartement,34.0,1.0
1742823,19/07/2018,Vente en l'état futur d'achèvement,"96009,00",6.0,RUE,8090,SAINT THIERRY,51100.0,REIMS,51,454,AV,1097,1,2.0,Appartement,23.0,1.0
1742831,24/07/2018,Vente,"113500,00",104.0,RUE,1640,DU CHALET,51100.0,REIMS,51,454,BK,525,1,2.0,Appartement,60.0,2.0
1742832,10/07/2018,Vente,"249000,00",3.0,RUE,1550,CERES,51100.0,REIMS,51,454,BE,125,1,2.0,Appartement,69.0,4.0
1742833,19/07/2018,Vente,"215000,00",38.0,RUE,6010,MARTIN PELLER,51100.0,REIMS,51,454,HX,55,0,2.0,Appartement,48.0,2.0
1742834,19/07/2018,Vente,"215000,00",38.0,RUE,6010,MARTIN PELLER,51100.0,REIMS,51,454,HX,55,0,2.0,Appartement,54.0,3.0
1742837,17/07/2018,Vente,"80000,00",7.0,RUE,4307,GUILLAUME APOLLINAIRE,51100.0,REIMS,51,454,KP,30,1,2.0,Appartement,55.0,2.0
1742846,24/07/2018,Vente,"237000,00",19.0,RUE,7580,ROGER SALENGRO,51100.0,REIMS,51,454,AX,891,0,2.0,Appartement,22.0,1.0
1742847,24/07/2018,Vente,"237000,00",19.0,RUE,7580,ROGER SALENGRO,51100.0,REIMS,51,454,AX,891,0,2.0,Appartement,42.0,3.0
1742848,24/07/2018,Vente,"237000,00",19.0,RUE,7580,ROGER SALENGRO,51100.0,REIMS,51,454,AX,891,0,2.0,Appartement,21.0,1.0
1742849,24/07/2018,Vente,"237000,00",19.0,RUE,7580,ROGER SALENGRO,51100.0,REIMS,51,454,AX,891,0,2.0,Appartement,24.0,1.0
1742850,30/07/2018,Vente,"2500000,00",9001.0,RUE,1385,CAPORAL CHEF DIVRY,51100.0,REIMS,51,454,CS,148,0,2.0,Appartement,62.0,3.0
1742851,30/07/2018,Vente,"2500000,00",9001.0,RUE,1385,CAPORAL CHEF DIVRY,51100.0,REIMS,51,454,CS,148,0,2.0,Appartement,81.0,4.0
1742852,30/07/2018,Vente,"2500000,00",9001.0,RUE,1385,CAPORAL CHEF DIVRY,51100.0,REIMS,51,454,CS,148,0,2.0,Appartement,78.0,4.0
1742853,30/07/2018,Vente,"2500000,00",9001.0,RUE,1385,CAPORAL CHEF DIVRY,51100.0,REIMS,51,454,CS,148,0,2.0,Appartement,78.0,4.0
1742854,30/07/2018,Vente,"2500000,00",9001.0,RUE,1385,CAPORAL CHEF DIVRY,51100.0,REIMS,51,454,CS,148,0,2.0,Appartement,78.0,4.0
1742855,30/07/2018,Vente,"2500000,00",9001.0,RUE,1385,CAPORAL CHEF DIVRY,51100.0,REIMS,51,454,CS,148,0,2.0,Appartement,62.0,3.0
1742857,30/07/2018,Vente,"2500000,00",9001.0,RUE,1385,CAPORAL CHEF DIVRY,51100.0,REIMS,51,454,CS,148,0,2.0,Appartement,78.0,4.0
1742858,30/07/2018,Vente,"2500000,00",9001.0,RUE,1385,CAPORAL CHEF DIVRY,51100.0,REIMS,51,454,CS,148,0,2.0,Appartement,81.0,4.0
1742859,30/07/2018,Vente,"2500000,00",9001.0,RUE,1385,CAPORAL CHEF DIVRY,51100.0,REIMS,51,454,CS,148,0,2.0,Appartement,62.0,3.0
1742860,30/07/2018,Vente,"2500000,00",9001.0,RUE,1385,CAPORAL CHEF DIVRY,51100.0,REIMS,51,454,CS,148,0,2.0,Appartement,99.0,5.0
1742861,30/07/2018,Vente,"2500000,00",9001.0,RUE,1385,CAPORAL CHEF DIVRY,51100.0,REIMS,51,454,CS,148,0,2.0,Appartement,62.0,3.0
1742862,30/07/2018,Vente,"2500000,00",9001.0,RUE,1385,CAPORAL CHEF DIVRY,51100.0,REIMS,51,454,CS,148,0,2.0,Appartement,81.0,4.0
1742863,30/07/2018,Vente,"2500000,00",9001.0,RUE,1385,CAPORAL CHEF DIVRY,51100.0,REIMS,51,454,CS,148,0,2.0,Appartement,78.0,4.0
1742864,30/07/2018,Vente,"2500000,00",9001.0,RUE,1385,CAPORAL CHEF DIVRY,51100.0,REIMS,51,454,CS,148,0,2.0,Appartement,62.0,3.0
1742865,30/07/2018,Vente,"2500000,00",9001.0,RUE,1385,CAPORAL CHEF DIVRY,51100.0,REIMS,51,454,CS,148,0,2.0,Appartement,78.0,4.0
1742866,30/07/2018,Vente,"2500000,00",9001.0,RUE,1385,CAPORAL CHEF DIVRY,51100.0,REIMS,51,454,CS,148,0,2.0,Appartement,53.0,2.0
1742867,30/07/2018,Vente,"2500000,00",9001.0,RUE,1385,CAPORAL CHEF DIVRY,51100.0,REIMS,51,454,CS,148,0,2.0,Appartement,81.0,4.0
1742868,30/07/2018,Vente,"2500000,00",9001.0,RUE,1385,CAPORAL CHEF DIVRY,51100.0,REIMS,51,454,CS,148,0,2.0,Appartement,78.0,4.0
1742869,30/07/2018,Vente,"2500000,00",9001.0,RUE,1385,CAPORAL CHEF DIVRY,51100.0,REIMS,51,454,CS,148,0,2.0,Appartement,99.0,5.0
1742870,30/07/2018,Vente,"2500000,00",9001.0,RUE,1385,CAPORAL CHEF DIVRY,51100.0,REIMS,51,454,CS,148,0,2.0,Appartement,78.0,4.0
1742871,30/07/2018,Vente,"2500000,00",9001.0,RUE,1385,CAPORAL CHEF DIVRY,51100.0,REIMS,51,454,CS,148,0,2.0,Appartement,99.0,5.0
1742872,30/07/2018,Vente,"2500000,00",9001.0,RUE,1385,CAPORAL CHEF DIVRY,51100.0,REIMS,51,454,CS,148,0,2.0,Appartement,62.0,3.0
1742873,30/07/2018,Vente,"2500000,00",9001.0,RUE,1385,CAPORAL CHEF DIVRY,51100.0,REIMS,51,454,CS,148,0,2.0,Appartement,62.0,3.0
1742874,30/07/2018,Vente,"2500000,00",9001.0,RUE,1385,CAPORAL CHEF DIVRY,51100.0,REIMS,51,454,CS,148,0,2.0,Appartement,62.0,3.0
1742875,30/07/2018,Vente,"2500000,00",9001.0,RUE,1385,CAPORAL CHEF DIVRY,51100.0,REIMS,51,454,CS,148,0,2.0,Appartement,99.0,5.0
1742876,30/07/2018,Vente,"2500000,00",9001.0,RUE,1385,CAPORAL CHEF DIVRY,51100.0,REIMS,51,454,CS,148,0,2.0,Appartement,81.0,4.0
1742877,30/07/2018,Vente,"2500000,00",9001.0,RUE,1385,CAPORAL CHEF DIVRY,51100.0,REIMS,51,454,CS,148,0,2.0,Appartement,99.0,5.0
1742878,30/07/2018,Vente,"2500000,00",9001.0,RUE,1385,CAPORAL CHEF DIVRY,51100.0,REIMS,51,454,CS,148,0,2.0,Appartement,81.0,4.0
1742879,30/07/2018,Vente,"2500000,00",9001.0,RUE,1385,CAPORAL CHEF DIVRY,51100.0,REIMS,51,454,CS,148,0,2.0,Appartement,78.0,4.0
1742880,30/07/2018,Vente,"2500000,00",9001.0,RUE,1385,CAPORAL CHEF DIVRY,51100.0,REIMS,51,454,CS,148,0,2.0,Appartement,62.0,3.0
1742881,30/07/2018,Vente,"2500000,00",9001.0,RUE,1385,CAPORAL CHEF DIVRY,51100.0,REIMS,51,454,CS,148,0,2.0,Appartement,78.0,4.0
1742882,30/07/2018,Vente,"2500000,00",9001.0,RUE,1385,CAPORAL CHEF DIVRY,51100.0,REIMS,51,454,CS,148,0,2.0,Appartement,81.0,4.0
1742883,30/07/2018,Vente,"2500000,00",9001.0,RUE,1385,CAPORAL CHEF DIVRY,51100.0,REIMS,51,454,CS,148,0,2.0,Appartement,62.0,3.0
1742884,30/07/2018,Vente,"2500000,00",9001.0,RUE,1385,CAPORAL CHEF DIVRY,51100.0,REIMS,51,454,CS,148,0,2.0,Appartement,99.0,5.0
1742885,30/07/2018,Vente,"2500000,00",9001.0,RUE,1385,CAPORAL CHEF DIVRY,51100.0,REIMS,51,454,CS,148,0,2.0,Appartement,62.0,3.0
1742886,30/07/2018,Vente,"2500000,00",9001.0,RUE,1385,CAPORAL CHEF DIVRY,51100.0,REIMS,51,454,CS,148,0,2.0,Appartement,99.0,5.0
1742887,30/07/2018,Vente,"2500000,00",9001.0,RUE,1385,CAPORAL CHEF DIVRY,51100.0,REIMS,51,454,CS,148,0,2.0,Appartement,78.0,4.0
1742888,30/07/2018,Vente,"2500000,00",9001.0,RUE,1385,CAPORAL CHEF DIVRY,51100.0,REIMS,51,454,CS,148,0,2.0,Appartement,99.0,5.0
1742889,30/07/2018,Vente,"2500000,00",9001.0,RUE,1385,CAPORAL CHEF DIVRY,51100.0,REIMS,51,454,CS,148,0,2.0,Appartement,81.0,4.0
1742890,30/07/2018,Vente,"2500000,00",9001.0,RUE,1385,CAPORAL CHEF DIVRY,51100.0,REIMS,51,454,CS,148,0,2.0,Appartement,81.0,4.0
1742891,30/07/2018,Vente,"2500000,00",9001.0,RUE,1385,CAPORAL CHEF DIVRY,51100.0,REIMS,51,454,CS,148,0,2.0,Appartement,81.0,4.0
1742892,30/07/2018,Vente,"2500000,00",9001.0,RUE,1385,CAPORAL CHEF DIVRY,51100.0,REIMS,51,454,CS,148,0,2.0,Appartement,99.0,5.0
1742893,30/07/2018,Vente,"2500000,00",9001.0,RUE,1385,CAPORAL CHEF DIVRY,51100.0,REIMS,51,454,CS,148,0,2.0,Appartement,99.0,5.0
1742894,30/07/2018,Vente,"2500000,00",9001.0,RUE,1385,CAPORAL CHEF DIVRY,51100.0,REIMS,51,454,CS,148,0,2.0,Appartement,78.0,4.0
1742900,24/07/2018,Vente,"192260,00",10.0,RUE,7640,ROSSET,51100.0,REIMS,51,454,AM,620,1,2.0,Appartement,82.0,4.0
1742906,30/07/2018,Vente,"94000,00",4.0,RUE,0254,ANDRE FAIVRE,51100.0,REIMS,51,454,KP,30,1,2.0,Appartement,70.0,3.0
1742908,23/07/2018,Vente,"160000,00",1.0,RUE,5250,LAGRIVE,51100.0,REIMS,51,454,CY,123,2,2.0,Appartement,96.0,6.0
1742911,26/07/2018,Vente,"197000,00",14.0,RUE,0470,DES AUGUSTINS,51100.0,REIMS,51,454,CY,79,2,2.0,Appartement,85.0,4.0
1742912,31/07/2018,Vente,"159000,00",2.0,RUE,0254,ANDRE FAIVRE,51100.0,REIMS,51,454,KP,30,1,2.0,Appartement,108.0,5.0
1742914,13/07/2018,Vente,"146000,00",7.0,IMP,1440,DES CARMELITES,51100.0,REIMS,51,454,IK,1347,1,2.0,Appartement,63.0,2.0
1742917,23/07/2018,Vente,"58000,00",9.0,RUE,4307,GUILLAUME APOLLINAIRE,51100.0,REIMS,51,454,KP,30,1,2.0,Appartement,41.0,1.0
1742919,26/07/2018,Vente,"338850,00",26.0,RUE,3340,DE L EQUERRE,51100.0,REIMS,51,454,CY,648,1,2.0,Appartement,123.0,5.0
1742921,25/07/2018,Vente,"239000,00",48.0,RUE,3990,GEORGES BOUSSINESQ,51100.0,REIMS,51,454,CL,880,1,2.0,Appartement,90.0,4.0
1742940,26/07/2018,Vente,"128450,00",37.0,RUE,4160,DE LA GOULETTE,51100.0,REIMS,51,454,BL,624,1,2.0,Appartement,74.0,3.0
1742942,20/07/2018,Vente,"110000,00",55.0,RUE,2590,D ESTIENNE D ORVES,51100.0,REIMS,51,454,DV,407,2,2.0,Appartement,66.0,4.0
1742948,20/07/2018,Vente,"16000,00",31.0,RUE,6850,PAULIN PARIS,51100.0,REIMS,51,454,AW,55,1,2.0,Appartement,28.0,1.0
1742949,20/07/2018,Vente,"16000,00",31.0,RUE,6850,PAULIN PARIS,51100.0,REIMS,51,454,AW,55,1,2.0,Appartement,28.0,1.0
1742951,20/07/2018,Vente,"16000,00",31.0,RUE,6850,PAULIN PARIS,51100.0,REIMS,51,454,AW,55,1,2.0,Appartement,15.0,1.0
1742952,20/07/2018,Vente,"16000,00",31.0,RUE,6850,PAULIN PARIS,51100.0,REIMS,51,454,AW,55,1,2.0,Appartement,33.0,1.0
1742954,20/07/2018,Vente,"16000,00",31.0,RUE,6850,PAULIN PARIS,51100.0,REIMS,51,454,AW,55,1,2.0,Appartement,28.0,2.0
1742958,20/07/2018,Vente,"16000,00",31.0,RUE,6850,PAULIN PARIS,51100.0,REIMS,51,454,AW,55,1,2.0,Appartement,28.0,1.0
1742959,20/07/2018,Vente,"16000,00",31.0,RUE,6850,PAULIN PARIS,51100.0,REIMS,51,454,AW,55,1,2.0,Appartement,15.0,1.0
1742961,20/07/2018,Vente,"16000,00",31.0,RUE,6850,PAULIN PARIS,51100.0,REIMS,51,454,AW,55,1,2.0,Appartement,28.0,1.0
1742962,20/07/2018,Vente,"16000,00",31.0,RUE,6850,PAULIN PARIS,51100.0,REIMS,51,454,AW,55,1,2.0,Appartement,28.0,1.0
1742963,20/07/2018,Vente,"16000,00",31.0,RUE,6850,PAULIN PARIS,51100.0,REIMS,51,454,AW,55,1,2.0,Appartement,28.0,1.0
1742964,20/07/2018,Vente,"16000,00",31.0,RUE,6850,PAULIN PARIS,51100.0,REIMS,51,454,AW,55,1,2.0,Appartement,28.0,1.0
1742966,20/07/2018,Vente,"16000,00",31.0,RUE,6850,PAULIN PARIS,51100.0,REIMS,51,454,AW,55,1,2.0,Appartement,58.0,3.0
1742969,24/07/2018,Vente,"750000,00",7.0,RUE,8500,DE TALLEYRAND,51100.0,REIMS,51,454,IL,143,2,2.0,Appartement,207.0,6.0
1742975,03/08/2018,Vente,"370000,00",77.0,BD,3950,DU GENERAL LECLERC,51100.0,REIMS,51,454,IM,330,4,2.0,Appartement,118.0,5.0
1742978,24/07/2018,Vente,"73500,00",30.0,RUE,5920,M CLEMENCE FOURIAUX,51100.0,REIMS,51,454,AV,353,2,2.0,Appartement,42.0,1.0
1742983,23/07/2018,Vente,"95200,00",8.0,ALL,3165,EDOUARD DEKETELAERE,51100.0,REIMS,51,454,AN,668,1,2.0,Appartement,66.0,4.0
1742988,03/08/2018,Vente,"47500,00",111.0,RUE,1590,DE CERNAY,51100.0,REIMS,51,454,CV,1141,1,2.0,Appartement,22.0,1.0
1743008,31/07/2018,Vente,"44000,00",15.0,BD,1510,CARTERET,51100.0,REIMS,51,454,CV,841,2,2.0,Appartement,16.0,1.0
1743010,24/07/2018,Vente,"106000,00",2.0,RUE,7720,DU RUISSELET,51100.0,REIMS,51,454,DM,632,2,2.0,Appartement,46.0,2.0
1743011,03/08/2018,Vente,"37500,00",13.0,RUE,7015,PIERRE DE COUBERTIN,51100.0,REIMS,51,454,AE,110,2,2.0,Appartement,78.0,4.0
1743012,07/08/2018,Vente,"53000,00",15.0,RUE,0740,BELIN,51100.0,REIMS,51,454,AX,258,1,2.0,Appartement,25.0,2.0
1743022,25/07/2018,Vente en l'état futur d'achèvement,"161000,00",104.0,AV,5300,DE LAON,51100.0,REIMS,51,454,AW,515,1,2.0,Appartement,47.0,2.0
1743027,20/07/2018,Vente,"729440,00",25.0,RUE,3850,GAMBETTA,51100.0,REIMS,51,454,CY,714,2,2.0,Appartement,269.0,4.0
1743028,26/07/2018,Vente,"100000,00",1.0,RUE,5785,MAGELLAN,51100.0,REIMS,51,454,EV,589,2,2.0,Appartement,60.0,3.0
1743029,30/07/2018,Vente,"87500,00",29.0,RUE,9090,VICTOR ROGELET,51100.0,REIMS,51,454,AW,168,2,2.0,Appartement,38.0,2.0
1743030,02/08/2018,Vente,"83407,00",20.0,RUE,6230,DU MONT D ARENE,51100.0,REIMS,51,454,AV,361,1,2.0,Appartement,46.0,2.0
1743033,18/07/2018,Vente,"165000,00",27.0,RUE,0410,DE L ARQUEBUSE,51100.0,REIMS,51,454,IM,299,2,2.0,Appartement,55.0,2.0
1743040,02/08/2018,Vente,"188000,00",22.0,RUE,2260,CONDORCET,51100.0,REIMS,51,454,IL,190,2,2.0,Appartement,75.0,4.0
1743044,02/08/2018,Vente,"275000,00",3.0,RUE,8290,16E ET 22E DRAGONS,51100.0,REIMS,51,454,CK,17,2,2.0,Appartement,104.0,5.0
1743054,06/08/2018,Vente,"153000,00",16.0,RUE,0630,DU BASTION,51100.0,REIMS,51,454,CW,631,2,2.0,Appartement,82.0,4.0
1743070,01/08/2018,Vente,"62500,00",61.0,RUE,6830,P VAILLANT COUTURIER,51100.0,REIMS,51,454,AV,861,2,2.0,Appartement,30.0,1.0
1743080,26/07/2018,Vente en l'état futur d'achèvement,"235000,00",40.0,RUE,7790,DE ST BRICE,51100.0,REIMS,51,454,AT,247,1,2.0,Appartement,65.0,3.0
1743083,26/07/2018,Vente en l'état futur d'achèvement,"143000,00",104.0,AV,5300,DE LAON,51100.0,REIMS,51,454,AW,515,1,2.0,Appartement,44.0,2.0
1743088,26/07/2018,Vente en l'état futur d'achèvement,"218000,00",104.0,AV,5300,DE LAON,51100.0,REIMS,51,454,AW,515,1,2.0,Appartement,64.0,3.0
1743104,31/07/2018,Vente,"221470,00",48.0,BD,1510,CARTERET,51100.0,REIMS,51,454,CW,235,1,2.0,Appartement,77.0,3.0
1743119,27/07/2018,Vente,"430000,00",4.0,RUE,2290,COQUEBERT,51100.0,REIMS,51,454,BH,418,2,2.0,Appartement,136.0,4.0
1743126,09/08/2018,Vente,"89100,00",24.0,RUE,3850,GAMBETTA,51100.0,REIMS,51,454,IK,1397,2,2.0,Appartement,39.0,2.0
1743133,02/08/2018,Vente,"169000,00",166.0,RUE,7160,PONSARDIN,51100.0,REIMS,51,454,CZ,605,2,2.0,Appartement,72.0,3.0
1743137,03/08/2018,Vente,"167000,00",81.0,PL,3040,DROUET D ERLON,51100.0,REIMS,51,454,IM,444,2,2.0,Appartement,100.0,3.0
1743140,01/08/2018,Vente,"100000,00",60.0,RUE,5920,M CLEMENCE FOURIAUX,51100.0,REIMS,51,454,AV,954,2,2.0,Appartement,44.0,2.0
1743142,01/08/2018,Vente,"64000,00",60.0,RUE,5920,M CLEMENCE FOURIAUX,51100.0,REIMS,51,454,AV,954,1,2.0,Appartement,27.0,1.0
1743144,08/02/2018,Adjudication,"127000,00",15.0,RUE,5920,M CLEMENCE FOURIAUX,51100.0,REIMS,51,454,AT,84,2,2.0,Appartement,103.0,4.0
1743146,27/07/2018,Vente,"185000,00",13.0,RUE,0845,BERTRAND DE MUN,51100.0,REIMS,51,454,CM,145,2,2.0,Appartement,73.0,3.0
1743149,30/07/2018,Vente,"250000,00",20.0,RUE,1550,CERES,51100.0,REIMS,51,454,CX,45,2,2.0,Appartement,80.0,4.0
1743150,27/07/2018,Vente,"105000,00",179.0,AV,4900,JEAN JAURES,51100.0,REIMS,51,454,BK,461,2,2.0,Appartement,39.0,2.0
1743154,19/07/2018,Vente,"106000,00",57.0,BD,6790,PAUL DOUMER,51100.0,REIMS,51,454,IK,1348,1,2.0,Appartement,60.0,2.0
1743158,26/07/2018,Vente en l'état futur d'achèvement,"98000,00",215.0,RUE,6470,DE NEUFCHATEL,51100.0,REIMS,51,454,AH,79,1,2.0,Appartement,45.0,3.0
1743159,30/07/2018,Vente,"109000,00",50.0,RUE,7040,PIERRET,51100.0,REIMS,51,454,AW,127,2,2.0,Appartement,58.0,3.0
1743160,31/07/2018,Vente,"59500,00",6.0,RUE,0105,ALFRED DE MUSSET,51100.0,REIMS,51,454,AD,830,2,2.0,Appartement,54.0,2.0
1743166,27/07/2018,Vente,"103355,37",38.0,RUE,5650,DE LOUVOIS,51100.0,REIMS,51,454,DV,639,2,2.0,Appartement,48.0,2.0
1743179,26/07/2018,Vente,"123461,00",9.0,RUE,6670,DES ORPHELINS,51100.0,REIMS,51,454,CY,238,1,2.0,Appartement,69.0,4.0
1743182,01/08/2018,Vente en l'état futur d'achèvement,"174000,00",7.0,RUE,0400,ARMONVILLE,51100.0,REIMS,51,454,CZ,678,1,2.0,Appartement,47.0,2.0
1743199,01/08/2018,Vente,"185000,00",169.0,RUE,6830,P VAILLANT COUTURIER,51100.0,REIMS,51,454,AN,366,1,2.0,Appartement,100.0,3.0
1743208,09/08/2018,Vente en l'état futur d'achèvement,"145000,00",4.0,RUE,5435,LEONE LALIRE,51100.0,REIMS,51,454,CY,749,1,2.0,Appartement,47.0,2.0
1743210,09/08/2018,Vente,"73000,00",5.0,RUE,8670,DE TINQUEUX,51100.0,REIMS,51,454,IO,372,1,2.0,Appartement,39.0,2.0
1743212,30/07/2018,Vente,"56000,00",2.0,RUE,4080,GILBERT,51100.0,REIMS,51,454,AR,224,1,2.0,Appartement,22.0,1.0
1743213,26/07/2018,Vente,"265000,00",62.0,PL,3040,DROUET D ERLON,51100.0,REIMS,51,454,IL,340,2,2.0,Appartement,94.0,3.0
1743215,26/07/2018,Vente,"50500,00",15.0,RUE,7650,DE ROUBAIX,51100.0,REIMS,51,454,DO,364,1,2.0,Appartement,21.0,1.0
1743221,26/07/2018,Vente,"175000,00",7.0,BD,2830,DIEU LUMIERE,51100.0,REIMS,51,454,DM,638,2,2.0,Appartement,98.0,5.0
1743224,07/08/2018,Vente en l'état futur d'achèvement,"182000,00",49.0,BD,2650,DAUPHINOT,51100.0,REIMS,51,454,CT,610,1,2.0,Appartement,60.0,3.0
1743226,03/08/2018,Vente,"125600,00",115.0,RUE,0200,D ALSACE LORRAINE,51100.0,REIMS,51,454,CV,96,1,2.0,Appartement,55.0,2.0
1743232,07/08/2018,Vente en l'état futur d'achèvement,"255000,00",104.0,AV,5300,DE LAON,51100.0,REIMS,51,454,AW,515,1,2.0,Appartement,69.0,3.0
1743234,08/08/2018,Vente,"552000,00",11.0,RUE,1360,CAMILLE LENOIR,51100.0,REIMS,51,454,BH,307,0,2.0,Appartement,12.0,1.0
1743235,08/08/2018,Vente,"552000,00",11.0,RUE,1360,CAMILLE LENOIR,51100.0,REIMS,51,454,BH,307,0,2.0,Appartement,19.0,1.0
1743236,08/08/2018,Vente,"552000,00",11.0,RUE,1360,CAMILLE LENOIR,51100.0,REIMS,51,454,BH,307,0,2.0,Appartement,24.0,1.0
1743237,08/08/2018,Vente,"552000,00",11.0,RUE,1360,CAMILLE LENOIR,51100.0,REIMS,51,454,BH,307,0,2.0,Appartement,16.0,1.0
1743238,08/08/2018,Vente,"552000,00",11.0,RUE,1360,CAMILLE LENOIR,51100.0,REIMS,51,454,BH,307,0,2.0,Appartement,24.0,1.0
1743239,08/08/2018,Vente,"552000,00",11.0,RUE,1360,CAMILLE LENOIR,51100.0,REIMS,51,454,BH,307,0,2.0,Appartement,23.0,1.0
1743240,08/08/2018,Vente,"552000,00",11.0,RUE,1360,CAMILLE LENOIR,51100.0,REIMS,51,454,BH,307,0,2.0,Appartement,18.0,1.0
1743241,08/08/2018,Vente,"552000,00",11.0,RUE,1360,CAMILLE LENOIR,51100.0,REIMS,51,454,BH,307,0,2.0,Appartement,22.0,1.0
1743242,08/08/2018,Vente,"552000,00",11.0,RUE,1360,CAMILLE LENOIR,51100.0,REIMS,51,454,BH,307,0,2.0,Appartement,19.0,1.0
1743243,08/08/2018,Vente,"552000,00",11.0,RUE,1360,CAMILLE LENOIR,51100.0,REIMS,51,454,BH,307,0,2.0,Appartement,25.0,1.0
1743244,08/08/2018,Vente,"552000,00",11.0,RUE,1360,CAMILLE LENOIR,51100.0,REIMS,51,454,BH,307,0,2.0,Appartement,23.0,1.0
1743245,08/08/2018,Vente,"552000,00",11.0,RUE,1360,CAMILLE LENOIR,51100.0,REIMS,51,454,BH,307,0,2.0,Appartement,13.0,1.0
1743248,24/07/2018,Vente,"143500,00",125.0,RUE,9040,DE VESLE,51100.0,REIMS,51,454,IK,1346,1,2.0,Appartement,62.0,2.0
1743251,26/07/2018,Vente,"90000,00",451.0,AV,5300,DE LAON,51100.0,REIMS,51,454,AD,10,2,2.0,Appartement,80.0,4.0
1743270,22/08/2018,Vente,"162000,00",1.0,RUE,1270,BRULART,51100.0,REIMS,51,454,CZ,411,1,2.0,Appartement,67.0,3.0
1743272,02/08/2018,Vente,"675000,00",44.0,RUE,3850,GAMBETTA,51100.0,REIMS,51,454,IK,172,0,2.0,Appartement,44.0,2.0
1743273,02/08/2018,Vente,"675000,00",44.0,RUE,3850,GAMBETTA,51100.0,REIMS,51,454,IK,172,0,2.0,Appartement,44.0,2.0
1743274,02/08/2018,Vente,"675000,00",44.0,RUE,3850,GAMBETTA,51100.0,REIMS,51,454,IK,172,0,2.0,Appartement,21.0,1.0
1743276,02/08/2018,Vente,"675000,00",44.0,RUE,3850,GAMBETTA,51100.0,REIMS,51,454,IK,172,0,2.0,Appartement,44.0,2.0
1743277,02/08/2018,Vente,"675000,00",44.0,RUE,3850,GAMBETTA,51100.0,REIMS,51,454,IK,172,0,2.0,Appartement,27.0,1.0
1743278,02/08/2018,Vente,"675000,00",44.0,RUE,3850,GAMBETTA,51100.0,REIMS,51,454,IK,172,0,2.0,Appartement,27.0,1.0
1743279,02/08/2018,Vente,"675000,00",44.0,RUE,3850,GAMBETTA,51100.0,REIMS,51,454,IK,172,0,2.0,Appartement,27.0,1.0
1743280,10/08/2018,Vente,"50000,00",32.0,RUE,3000,DOCTEUR THOMAS,51100.0,REIMS,51,454,AW,548,1,2.0,Appartement,27.0,1.0
1743282,03/08/2018,Vente,"44500,00",5.0,BD,7960,ST MARCEAUX,51100.0,REIMS,51,454,CW,399,1,2.0,Appartement,27.0,1.0
1743284,03/08/2018,Vente,"38400,00",13.0,RUE,7405,RAYMOND POINCARE,51100.0,REIMS,51,454,AE,117,2,2.0,Appartement,61.0,3.0
1743286,07/08/2018,Vente,"72000,00",16.0,RUE,0970,BLONDEL,51100.0,REIMS,51,454,AX,839,2,2.0,Appartement,47.0,2.0
1743293,14/08/2018,Vente,"63000,00",29.0,RUE,3020,DORIGNY,51100.0,REIMS,51,454,BI,598,1,2.0,Appartement,39.0,1.0
1743294,13/08/2018,Vente,"240000,00",6.0,RUE,4040,GERBAULT,51100.0,REIMS,51,454,CV,765,8,2.0,Appartement,122.0,4.0
1743299,26/07/2018,Vente,"186000,00",23.0,RUE,8270,DE SEBASTOPOL,51100.0,REIMS,51,454,BI,734,1,2.0,Appartement,73.0,3.0
1743302,02/08/2018,Vente,"75000,00",52.0,PL,3040,DROUET D ERLON,51100.0,REIMS,51,454,IL,337,2,2.0,Appartement,27.0,1.0
1743303,10/08/2018,Vente,"202000,00",39.0,RUE,2470,COUTIER MARION,51100.0,REIMS,51,454,CH,178,0,2.0,Appartement,58.0,2.0
1743305,10/08/2018,Vente,"202000,00",39.0,RUE,2470,COUTIER MARION,51100.0,REIMS,51,454,CH,178,0,2.0,Appartement,58.0,3.0
1743306,24/08/2018,Vente en l'état futur d'achèvement,"208671,00",65.0,RUE,6230,DU MONT D ARENE,51100.0,REIMS,51,454,AT,9,1,2.0,Appartement,46.0,2.0
1743310,03/08/2018,Vente,"95000,00",,RUE,1170,BRANLY,51100.0,REIMS,51,454,HW,420,2,2.0,Appartement,45.0,2.0
1743314,10/08/2018,Vente,"97000,00",,RUE,1170,BRANLY,51100.0,REIMS,51,454,HW,420,2,2.0,Appartement,45.0,2.0
1743316,10/08/2018,Vente,"180000,00",111.0,RUE,3280,EMILE ZOLA,51100.0,REIMS,51,454,AX,355,1,2.0,Appartement,65.0,4.0
1743321,30/07/2018,Vente,"73000,00",75.0,AV,4900,JEAN JAURES,51100.0,REIMS,51,454,BI,755,1,2.0,Appartement,32.0,1.0
1743324,13/08/2018,Vente en l'état futur d'achèvement,"195389,00",65.0,RUE,6230,DU MONT D ARENE,51100.0,REIMS,51,454,AT,9,1,2.0,Appartement,44.0,2.0
1743330,03/08/2018,Vente,"89000,00",52.0,PL,3040,DROUET D ERLON,51100.0,REIMS,51,454,IL,337,2,2.0,Appartement,24.0,1.0
1743332,31/07/2018,Vente en l'état futur d'achèvement,"224000,00",,RUE,5891,MARCEL THIL,51100.0,REIMS,51,454,AV,1091,1,2.0,Appartement,55.0,2.0
1743338,13/08/2018,Vente,"21250,00",16.0,RUE,2070,CLOVIS,51100.0,REIMS,51,454,IK,869,1,2.0,Appartement,7.0,1.0
1743347,30/07/2018,Vente,"118170,00",53.0,RUE,2070,CLOVIS,51100.0,REIMS,51,454,IK,394,1,2.0,Appartement,40.0,2.0
1743350,03/08/2018,Vente en l'état futur d'achèvement,"202000,00",,RUE,5891,MARCEL THIL,51100.0,REIMS,51,454,AV,1082,1,2.0,Appartement,52.0,2.0
1743353,21/08/2018,Vente,"300000,00",44.0,RUE,1390,DES CAPUCINS,51100.0,REIMS,51,454,IK,606,2,2.0,Appartement,127.0,5.0
1743354,16/08/2018,Vente,"157000,00",81.0,BD,4760,JAMIN,51100.0,REIMS,51,454,BI,664,4,2.0,Appartement,75.0,4.0
1743355,08/08/2018,Vente,"57000,00",193.0,AV,5300,DE LAON,51100.0,REIMS,51,454,AV,25,2,2.0,Appartement,26.0,1.0
1743361,02/08/2018,Vente,"111000,00",35.0,RUE,6480,DE LA NEUVILLETTE,51100.0,REIMS,51,454,AX,396,2,2.0,Appartement,60.0,3.0
1743364,10/08/2018,Vente,"247000,00",8.0,COUR,3110,DES ECHELLES,51100.0,REIMS,51,454,CW,81,1,2.0,Appartement,70.0,3.0
1743365,22/08/2018,Vente,"98200,00",15.0,RUE,3420,EUGENE BOURGOIN,51100.0,REIMS,51,454,AN,511,2,2.0,Appartement,47.0,2.0
1743368,21/08/2018,Vente,"89875,00",7.0,RUE,2760,DESBUREAUX,51100.0,REIMS,51,454,AL,419,1,2.0,Appartement,79.0,4.0
1743369,03/08/2018,Vente,"57000,00",86.0,RUE,7010,PIERRE BROSSOLETTE,51100.0,REIMS,51,454,AV,538,2,2.0,Appartement,30.0,1.0
1743370,02/08/2018,Vente,"111500,00",45.0,RUE,8320,DE SILLERY,51100.0,REIMS,51,454,CL,662,2,2.0,Appartement,51.0,2.0
1743372,03/08/2018,Vente,"154000,00",44.0,RUE,1670,DU CHAMP DE MARS,51100.0,REIMS,51,454,BH,1,2,2.0,Appartement,80.0,5.0
1743375,23/08/2018,Vente,"289000,00",2.0,RUE,0375,ARLETTE REMIA,51100.0,REIMS,51,454,HZ,183,1,2.0,Appartement,105.0,4.0
1743382,10/08/2018,Vente,"84000,00",139.0,RUE,7010,PIERRE BROSSOLETTE,51100.0,REIMS,51,454,AO,426,2,2.0,Appartement,44.0,2.0
1743384,31/07/2018,Vente,"55000,00",64.0,RUE,2290,COQUEBERT,51100.0,REIMS,51,454,BI,495,1,2.0,Appartement,36.0,1.0
1743402,03/08/2018,Vente en l'état futur d'achèvement,"171000,00",7.0,RUE,0400,ARMONVILLE,51100.0,REIMS,51,454,CZ,678,1,2.0,Appartement,46.0,2.0
1743403,08/08/2018,Vente,"59000,00",23.0,RUE,6160,DE METZ,51100.0,REIMS,51,454,CV,495,1,2.0,Appartement,27.0,1.0
1743404,09/08/2018,Vente,"95000,00",52.0,RUE,1550,CERES,51100.0,REIMS,51,454,CX,78,1,2.0,Appartement,49.0,2.0
1743412,09/08/2018,Vente,"122000,00",2.0,RUE,4150,GOSSET,51100.0,REIMS,51,454,BD,99,1,2.0,Appartement,69.0,3.0
1743420,03/08/2018,Vente en l'état futur d'achèvement,"194500,00",,RUE,5891,MARCEL THIL,51100.0,REIMS,51,454,AV,1091,1,2.0,Appartement,52.0,2.0
1743421,21/08/2018,Vente,"120000,00",28.0,RUE,0820,DE BERRU,51100.0,REIMS,51,454,CW,357,1,2.0,Appartement,53.0,3.0
1743423,02/08/2018,Vente,"219000,00",6.0,RUE,5540,LINGUET,51100.0,REIMS,51,454,BE,241,2,2.0,Appartement,76.0,3.0
1743426,03/08/2018,Vente,"59000,00",23.0,RUE,0910,DE BEZANNES,51100.0,REIMS,51,454,HW,66,1,2.0,Appartement,30.0,1.0
1743427,03/08/2018,Vente,"58000,00",124.0,RUE,3280,EMILE ZOLA,51100.0,REIMS,51,454,AX,842,1,2.0,Appartement,25.0,1.0
1743430,21/08/2018,Vente,"40000,00",21.0,RUE,3280,EMILE ZOLA,51100.0,REIMS,51,454,AW,540,1,2.0,Appartement,11.0,1.0
1743431,07/07/2018,Vente,"60000,00",14.0,RUE,5650,DE LOUVOIS,51100.0,REIMS,51,454,DV,672,1,2.0,Appartement,25.0,1.0
1743445,01/08/2018,Vente,"31000,00",154.0,RUE,0600,DU BARBATRE,51100.0,REIMS,51,454,CZ,275,1,2.0,Appartement,26.0,1.0
1743453,13/08/2018,Vente,"118000,00",24.0,RUE,8640,DE THILLOIS,51100.0,REIMS,51,454,IM,104,2,2.0,Appartement,38.0,2.0
1743479,06/08/2018,Vente,"48360,00",7.0,RUE,7320,DE LA PRISON DU BAILLIAGE,51100.0,REIMS,51,454,BE,488,1,2.0,Appartement,32.0,1.0
1743480,06/08/2018,Vente,"48360,00",7.0,RUE,7320,DE LA PRISON DU BAILLIAGE,51100.0,REIMS,51,454,BE,488,1,2.0,Appartement,33.0,1.0
1743482,21/08/2018,Vente,"278342,00",71.0,RUE,9040,DE VESLE,51100.0,REIMS,51,454,IK,922,1,2.0,Appartement,109.0,4.0
1743491,03/08/2018,Vente,"185150,00",32.0,RUE,6740,PASSE DEMOISELLES,51100.0,REIMS,51,454,HY,89,1,2.0,Appartement,96.0,4.0
1743494,31/08/2018,Vente,"52000,00",1.0,RUE,2250,DE LA CONCORDE,51100.0,REIMS,51,454,IO,16,1,2.0,Appartement,26.0,1.0
1743495,02/08/2018,Vente,"116000,00",245.0,AV,4900,JEAN JAURES,51100.0,REIMS,51,454,BL,745,1,2.0,Appartement,122.0,4.0
1743509,17/08/2018,Vente,"63500,00",79.0,RUE,6160,DE METZ,51100.0,REIMS,51,454,CV,474,1,2.0,Appartement,32.0,2.0
1743510,03/08/2018,Vente,"334950,00",2.0,RUE,4730,DES JACOBINS,51100.0,REIMS,51,454,IK,95,1,2.0,Appartement,117.0,4.0
1743513,13/08/2018,Vente,"130000,00",3.0,RUE,6740,PASSE DEMOISELLES,51100.0,REIMS,51,454,HX,441,2,2.0,Appartement,72.0,3.0
1743518,03/08/2018,Vente,"127000,00",35.0,RUE,4770,DU JARD,51100.0,REIMS,51,454,IK,231,4,2.0,Appartement,78.0,3.0
1743523,03/08/2018,Vente,"76500,00",205.0,RUE,6830,P VAILLANT COUTURIER,51100.0,REIMS,51,454,AD,868,1,2.0,Appartement,36.0,2.0
1743525,03/08/2018,Vente,"101000,00",21.0,RUE,9210,DE WITRY,51100.0,REIMS,51,454,CT,186,2,2.0,Appartement,63.0,3.0
1743531,10/08/2018,Vente,"337000,00",60.0,PL,3040,DROUET D ERLON,51100.0,REIMS,51,454,IL,337,5,2.0,Appartement,138.0,6.0
1743537,22/08/2018,Vente,"102000,00",23.0,RUE,6230,DU MONT D ARENE,51100.0,REIMS,51,454,AT,322,2,2.0,Appartement,50.0,3.0
1743540,30/08/2018,Vente,"112000,00",33.0,RUE,2790,DEVILLE,51100.0,REIMS,51,454,AV,112,1,2.0,Appartement,40.0,3.0
1743547,30/08/2018,Vente,"88000,00",37.0,RUE,3610,FLIN DES OLIVIERS,51100.0,REIMS,51,454,HX,399,1,2.0,Appartement,60.0,3.0
1743558,23/08/2018,Vente en l'état futur d'achèvement,"202209,00",,RUE,4220,GRANDVAL,51100.0,REIMS,51,454,CL,989,2,2.0,Appartement,63.0,3.0
1743580,27/08/2018,Vente,"1350000,00",47.0,RUE,8500,DE TALLEYRAND,51100.0,REIMS,51,454,IL,552,1,2.0,Appartement,170.0,3.0
1743581,27/08/2018,Vente,"1350000,00",47.0,RUE,8500,DE TALLEYRAND,51100.0,REIMS,51,454,IL,552,1,2.0,Appartement,170.0,3.0
1743583,17/08/2018,Vente,"54000,00",7.0,RUE,1980,DE CLAIRMARAIS,51100.0,REIMS,51,454,AT,165,1,2.0,Appartement,23.0,1.0
1743598,28/08/2018,Vente,"142000,00",40.0,RUE,1920,DE CHEVIGNE,51100.0,REIMS,51,454,CK,10,1,2.0,Appartement,20.0,1.0
1743599,28/08/2018,Vente,"142000,00",40.0,RUE,1920,DE CHEVIGNE,51100.0,REIMS,51,454,CK,10,1,2.0,Appartement,23.0,1.0
1743600,28/08/2018,Vente,"142000,00",40.0,RUE,1920,DE CHEVIGNE,51100.0,REIMS,51,454,CK,10,1,2.0,Appartement,20.0,1.0
1743603,28/08/2018,Vente,"260000,00",7.0,RUE,4740,JACQUART,51100.0,REIMS,51,454,BH,197,1,2.0,Appartement,75.0,3.0
1743609,04/09/2018,Vente,"49000,00",35.0,RUE,5940,MARLOT,51100.0,REIMS,51,454,IK,513,1,2.0,Appartement,38.0,2.0
1743610,28/08/2018,Vente,"55000,00",70.0,RUE,3850,GAMBETTA,51100.0,REIMS,51,454,CY,304,1,2.0,Appartement,21.0,2.0
1743612,17/08/2018,Vente,"320000,00",14.0,RUE,1890,DU CHEMIN VERT,51100.0,REIMS,51,454,CI,137,1,2.0,Appartement,129.0,5.0
1743613,28/08/2018,Vente,"55000,00",3.0,RUE,5930,MARIE STUART,51100.0,REIMS,51,454,CX,254,1,2.0,Appartement,17.0,1.0
1743620,22/08/2018,Vente,"122000,00",2.0,RUE,4150,GOSSET,51100.0,REIMS,51,454,BD,99,1,2.0,Appartement,83.0,3.0
1743623,23/08/2018,Vente,"144150,00",2.0,RUE,5090,JULES GUICHARD,51100.0,REIMS,51,454,AV,154,2,2.0,Appartement,71.0,3.0
1743625,17/08/2018,Vente,"147500,00",125.0,RUE,9040,DE VESLE,51100.0,REIMS,51,454,IK,1346,1,2.0,Appartement,62.0,2.0
1743626,09/08/2018,Vente,"137000,00",24.0,RUE,4700,DE L ISLE,51100.0,REIMS,51,454,CX,106,2,2.0,Appartement,59.0,2.0
1743630,30/08/2018,Vente,"85900,00",4.0,ALL,3165,EDOUARD DEKETELAERE,51100.0,REIMS,51,454,AN,668,1,2.0,Appartement,56.0,3.0
1743639,06/08/2018,Vente,"175000,00",125.0,RUE,9040,DE VESLE,51100.0,REIMS,51,454,IK,1346,1,2.0,Appartement,55.0,2.0
1743641,21/08/2018,Vente,"67000,00",27.0,RUE,3770,FRANCOIS DOR,51100.0,REIMS,51,454,HW,390,1,2.0,Appartement,20.0,1.0
1743644,31/08/2018,Vente,"92000,00",11.0,RUE,1730,CHANTERAINE,51100.0,REIMS,51,454,DM,634,2,2.0,Appartement,67.0,3.0
1743651,27/08/2018,Vente,"213000,00",60.0,RUE,4100,DES GOBELINS,51100.0,REIMS,51,454,CV,1048,1,2.0,Appartement,75.0,3.0
1743660,23/08/2018,Vente,"157400,00",89.0,RUE,0200,D ALSACE LORRAINE,51100.0,REIMS,51,454,CV,96,1,2.0,Appartement,69.0,3.0
1743673,27/08/2018,Vente,"119000,00",8.0,RUE,5195,KERGUELEN,51100.0,REIMS,51,454,ET,547,2,2.0,Appartement,72.0,4.0
1743679,06/09/2018,Vente,"59000,00",8.0,RUE,6670,DES ORPHELINS,51100.0,REIMS,51,454,CY,224,1,2.0,Appartement,20.0,1.0
1743684,30/08/2018,Vente en l'état futur d'achèvement,"241500,00",,RUE,5891,MARCEL THIL,51100.0,REIMS,51,454,AV,1082,1,2.0,Appartement,70.0,3.0
1743685,28/08/2018,Vente,"130000,00",24.0,BD,2800,DIANCOURT,51100.0,REIMS,51,454,DE,25,2,2.0,Appartement,74.0,3.0
1743692,27/08/2018,Vente,"91000,00",29.0,RUE,9090,VICTOR ROGELET,51100.0,REIMS,51,454,AW,168,3,2.0,Appartement,48.0,3.0
1743693,29/08/2018,Vente,"299000,00",74.0,RUE,1830,CHARLIER,51100.0,REIMS,51,454,BI,87,0,2.0,Appartement,47.0,3.0
1743695,29/08/2018,Vente,"299000,00",74.0,RUE,1830,CHARLIER,51100.0,REIMS,51,454,BI,87,0,2.0,Appartement,46.0,2.0
1743696,28/08/2018,Vente,"103000,00",13.0,RUE,1640,DU CHALET,51100.0,REIMS,51,454,BK,323,2,2.0,Appartement,52.0,3.0
1743697,27/08/2018,Vente,"199000,00",8.0,RUE,7610,DES ROMAINS,51100.0,REIMS,51,454,AT,71,1,2.0,Appartement,45.0,2.0
1743698,27/08/2018,Vente,"199000,00",8.0,RUE,7610,DES ROMAINS,51100.0,REIMS,51,454,AT,71,2,2.0,Appartement,45.0,2.0
1743700,31/08/2018,Vente,"60000,00",29.0,CHS,7970,SAINT MARTIN,51100.0,REIMS,51,454,DN,217,2,2.0,Appartement,42.0,2.0
1743701,23/08/2018,Vente,"288500,00",3.0,RUE,2170,DU COLONEL FABIEN,51100.0,REIMS,51,454,HZ,101,3,2.0,Appartement,88.0,4.0
1743702,29/08/2018,Vente,"122000,00",41.0,RUE,5340,LECOINTRE,51100.0,REIMS,51,454,AV,681,2,2.0,Appartement,73.0,4.0
1743707,31/08/2018,Vente,"51800,00",29.0,RUE,6760,PAUL ADAM,51100.0,REIMS,51,454,IK,198,1,2.0,Appartement,29.0,2.0
1743708,31/08/2018,Vente,"58000,00",145.0,RUE,9040,DE VESLE,51100.0,REIMS,51,454,IK,823,3,2.0,Appartement,30.0,1.0
1743711,09/08/2018,Vente,"100000,00",22.0,RUE,1830,CHARLIER,51100.0,REIMS,51,454,BI,220,2,2.0,Appartement,80.0,4.0
1743712,09/08/2018,Vente,"100000,00",22.0,RUE,1830,CHARLIER,51100.0,REIMS,51,454,BI,220,1,2.0,Appartement,37.0,2.0
1743715,16/08/2018,Vente,"92000,00",32.0,RUE,6740,PASSE DEMOISELLES,51100.0,REIMS,51,454,HY,89,2,2.0,Appartement,45.0,2.0
1743717,30/08/2018,Vente,"131000,00",137.0,BD,7140,POMMERY,51100.0,REIMS,51,454,CI,65,1,2.0,Appartement,57.0,2.0
1743720,30/08/2018,Vente,"49500,00",68.0,RUE,4740,JACQUART,51100.0,REIMS,51,454,BI,574,1,2.0,Appartement,27.0,1.0
1743725,31/08/2018,Vente,"120000,00",86.0,RUE,3000,DOCTEUR THOMAS,51100.0,REIMS,51,454,AW,266,3,2.0,Appartement,54.0,3.0
1743726,31/08/2018,Vente,"50000,00",29.0,RUE,3770,FRANCOIS DOR,51100.0,REIMS,51,454,HW,390,1,2.0,Appartement,25.0,1.0
1743728,29/08/2018,Vente,"140000,00",34.0,RUE,3280,EMILE ZOLA,51100.0,REIMS,51,454,AW,403,1,2.0,Appartement,75.0,3.0
1743729,24/08/2018,Vente,"200000,00",32.0,RUE,4070,GERUZEZ,51100.0,REIMS,51,454,AR,163,1,2.0,Appartement,69.0,3.0
1743740,28/08/2018,Vente,"380000,00",51.0,BD,4550,HENRY VASNIER,51100.0,REIMS,51,454,CI,77,2,2.0,Appartement,100.0,4.0
1743742,03/09/2018,Vente,"65000,00",27.0,RUE,3850,GAMBETTA,51100.0,REIMS,51,454,CY,571,2,2.0,Appartement,29.0,2.0
1743745,05/09/2018,Vente,"123710,00",271.0,AV,5300,DE LAON,51100.0,REIMS,51,454,AN,695,1,2.0,Appartement,55.0,2.0
1743747,31/08/2018,Vente,"123500,00",27.0,BD,6690,DE LA PAIX,51100.0,REIMS,51,454,CK,128,2,2.0,Appartement,53.0,2.0
1743749,03/09/2018,Vente,"55000,00",17.0,RUE,7405,RAYMOND POINCARE,51100.0,REIMS,51,454,AE,117,2,2.0,Appartement,70.0,4.0
1743750,30/08/2018,Vente,"64000,00",25.0,RUE,3770,FRANCOIS DOR,51100.0,REIMS,51,454,HX,390,2,2.0,Appartement,28.0,1.0
1743753,06/09/2018,Vente,"100000,00",10.0,RUE,4290,GUERNIER,51100.0,REIMS,51,454,BI,627,2,2.0,Appartement,63.0,3.0
1743760,21/08/2018,Vente,"70000,00",41.0,RUE,6470,DE NEUFCHATEL,51100.0,REIMS,51,454,AX,878,2,2.0,Appartement,41.0,2.0
1743763,24/08/2018,Vente,"77000,00",60.0,RUE,6210,DES MOISSONS,51100.0,REIMS,51,454,CK,128,2,2.0,Appartement,35.0,1.0
1743766,24/08/2018,Vente,"71954,37",38.0,RUE,5650,DE LOUVOIS,51100.0,REIMS,51,454,DV,639,1,2.0,Appartement,45.0,1.0
1743768,24/08/2018,Vente,"88100,00",11.0,RUE,6210,DES MOISSONS,51100.0,REIMS,51,454,CW,637,1,2.0,Appartement,33.0,1.0
1743769,22/08/2018,Vente,"90000,00",1.0,ALL,1725,CH NICOLAS ROLAND,51100.0,REIMS,51,454,DM,239,2,2.0,Appartement,69.0,3.0
1743771,24/08/2018,Vente,"115000,00",25.0,RUE,2480,DES COUTURES,51100.0,REIMS,51,454,CI,10,2,2.0,Appartement,52.0,2.0
1743772,04/09/2018,Vente,"195000,00",80.0,RUE,1740,CHANZY,51100.0,REIMS,51,454,IK,120,2,2.0,Appartement,75.0,3.0
1743784,03/09/2018,Vente,"49560,00",37.0,RUE,6920,PETIT DELBOURG,51100.0,REIMS,51,454,CL,608,1,2.0,Appartement,23.0,1.0
1743790,07/09/2018,Vente,"71000,00",27.0,RUE,0390,ARMAND GUERY,51100.0,REIMS,51,454,AV,837,2,2.0,Appartement,66.0,3.0
1743792,30/08/2018,Vente,"130500,00",1.0,RUE,0410,DE L ARQUEBUSE,51100.0,REIMS,51,454,IM,312,1,2.0,Appartement,54.0,2.0
1743793,30/08/2018,Vente,"145000,00",1.0,RUE,8200,STE GENEVIEVE,51100.0,REIMS,51,454,HX,143,1,2.0,Appartement,76.0,3.0
1743795,24/08/2018,Vente,"116350,00",255.0,RUE,2440,DE COURLANCY,51100.0,REIMS,51,454,DN,547,4,2.0,Appartement,52.0,3.0
1743796,22/08/2018,Vente,"94000,00",122.0,BD,7960,ST MARCEAUX,51100.0,REIMS,51,454,CK,176,2,2.0,Appartement,52.0,2.0
1743808,24/08/2018,Vente en l'état futur d'achèvement,"153900,00",,RUE,4220,GRANDVAL,51100.0,REIMS,51,454,CL,989,1,2.0,Appartement,43.0,2.0
1743823,24/08/2018,Vente,"119800,00",65.0,RUE,4770,DU JARD,51100.0,REIMS,51,454,IK,288,2,2.0,Appartement,79.0,4.0
1743826,27/08/2018,Vente en l'état futur d'achèvement,"175500,00",7.0,RUE,0400,ARMONVILLE,51100.0,REIMS,51,454,CZ,678,1,2.0,Appartement,48.0,2.0
1743828,07/09/2018,Vente,"260000,00",14.0,RUE,1290,BRUNET,51100.0,REIMS,51,454,AY,59,0,2.0,Appartement,28.0,2.0
1743829,07/09/2018,Vente,"260000,00",14.0,RUE,1290,BRUNET,51100.0,REIMS,51,454,AY,59,0,2.0,Appartement,59.0,5.0
1743832,24/08/2018,Vente,"138000,00",143.0,RUE,2440,DE COURLANCY,51100.0,REIMS,51,454,HY,38,1,2.0,Appartement,76.0,3.0
1743838,28/08/2018,Vente,"49000,00",61.0,RUE,3160,EDME MOREAU,51100.0,REIMS,51,454,AI,154,1,2.0,Appartement,25.0,1.0
1743845,27/08/2018,Vente,"53000,00",17.0,RUE,7405,RAYMOND POINCARE,51100.0,REIMS,51,454,AE,117,2,2.0,Appartement,47.0,2.0
1743848,31/08/2018,Vente en l'état futur d'achèvement,"263262,00",7.0,RUE,0400,ARMONVILLE,51100.0,REIMS,51,454,CZ,678,1,2.0,Appartement,69.0,3.0
1743850,28/08/2018,Vente,"63000,00",1.0,PL,5894,MAL DE LATTRE DE TASSIGNY,51100.0,REIMS,51,454,CO,415,2,2.0,Appartement,54.0,3.0
1743851,27/08/2018,Vente,"238000,00",118.0,BD,7960,ST MARCEAUX,51100.0,REIMS,51,454,CK,182,4,2.0,Appartement,129.0,5.0
1743874,05/09/2018,Vente,"365000,00",70.0,RUE,7160,PONSARDIN,51100.0,REIMS,51,454,CX,617,2,2.0,Appartement,120.0,7.0
1743891,05/09/2018,Vente,"75000,00",65.0,RUE,4770,DU JARD,51100.0,REIMS,51,454,IK,288,2,2.0,Appartement,32.0,1.0
1743898,31/08/2018,Vente,"76000,00",9.0,BD,2830,DIEU LUMIERE,51100.0,REIMS,51,454,DM,638,2,2.0,Appartement,67.0,3.0
1743899,05/09/2018,Vente,"330000,00",3.0,RUE,8290,16E ET 22E DRAGONS,51100.0,REIMS,51,454,CK,17,2,2.0,Appartement,130.0,6.0
1743910,14/09/2018,Vente,"112000,00",2.0,BD,4550,HENRY VASNIER,51100.0,REIMS,51,454,CZ,450,2,2.0,Appartement,56.0,3.0
1743911,06/09/2018,Vente,"153000,00",36.0,RUE,1360,CAMILLE LENOIR,51100.0,REIMS,51,454,BH,162,2,2.0,Appartement,76.0,3.0
1743913,28/08/2018,Vente,"138000,00",19.0,AV,3320,D EPERNAY,51100.0,REIMS,51,454,DP,460,2,2.0,Appartement,90.0,4.0
1743917,07/09/2018,Vente,"130000,00",68.0,RUE,6330,DES MOULINS,51100.0,REIMS,51,454,CY,411,1,2.0,Appartement,56.0,2.0
1743921,07/09/2018,Vente,"161400,00",10.0,PL,4600,DE L HOTEL DE VILLE,51100.0,REIMS,51,454,BE,292,2,2.0,Appartement,50.0,1.0
1743924,30/08/2018,Vente,"79500,00",1.0,AV,7295,DU PRESIDENT KENNEDY,51100.0,REIMS,51,454,KN,16,2,2.0,Appartement,49.0,2.0
1743926,14/09/2018,Vente,"119500,00",213.0,AV,4900,JEAN JAURES,51100.0,REIMS,51,454,BK,274,2,2.0,Appartement,62.0,3.0
1743928,05/09/2018,Vente,"362000,00",23.0,RUE,4620,HOUZEAU MUIRON,51100.0,REIMS,51,454,CW,516,2,2.0,Appartement,133.0,6.0
1743957,13/09/2018,Vente,"176300,00",6.0,RUE,6740,PASSE DEMOISELLES,51100.0,REIMS,51,454,HX,436,2,2.0,Appartement,88.0,4.0
1743965,06/09/2018,Vente,"102200,00",1.0,RUE,5785,MAGELLAN,51100.0,REIMS,51,454,EV,589,2,2.0,Appartement,60.0,3.0
1743971,03/09/2018,Vente,"110000,00",7.0,RUE,0450,AUGER,51100.0,REIMS,51,454,AI,222,2,2.0,Appartement,71.0,4.0
1743973,24/08/2018,Vente,"155800,00",9.0,RUE,2440,DE COURLANCY,51100.0,REIMS,51,454,HX,554,1,2.0,Appartement,65.0,3.0
1743977,31/08/2018,Vente,"66000,00",17.0,RUE,2560,CROIX ST MARC,51100.0,REIMS,51,454,CV,1015,1,2.0,Appartement,33.0,1.0
1743985,24/08/2018,Vente,"270000,00",45.0,RUE,4740,JACQUART,51100.0,REIMS,51,454,BH,126,1,2.0,Appartement,170.0,5.0
1743987,28/08/2018,Vente,"155000,00",60.0,RUE,4560,HINCMAR,51100.0,REIMS,51,454,IK,758,1,2.0,Appartement,46.0,3.0
1743988,28/08/2018,Vente,"155000,00",60.0,RUE,4560,HINCMAR,51100.0,REIMS,51,454,IK,758,1,2.0,Appartement,46.0,3.0
1744039,12/09/2018,Vente,"4000,00",34.0,RUE,3280,EMILE ZOLA,51100.0,REIMS,51,454,AW,403,1,2.0,Appartement,21.0,1.0
1744042,10/09/2018,Vente,"53500,00",213.0,AV,5300,DE LAON,51100.0,REIMS,51,454,AV,845,1,2.0,Appartement,24.0,1.0
1744043,28/08/2018,Vente,"67000,00",23.0,BD,1800,CHARLES ARNOULD,51100.0,REIMS,51,454,AV,16,3,2.0,Appartement,39.0,2.0
1744044,30/08/2018,Vente,"108000,00",24.0,CRS,4850,J B LANGLET,51100.0,REIMS,51,454,IL,71,1,2.0,Appartement,24.0,1.0
1744046,07/09/2018,Vente en l'état futur d'achèvement,"114500,00",40.0,RUE,7790,DE ST BRICE,51100.0,REIMS,51,454,AT,247,1,2.0,Appartement,23.0,1.0
1744049,31/08/2018,Vente,"105500,00",29.0,RUE,7100,DES POISSONNIERS,51100.0,REIMS,51,454,IM,219,2,2.0,Appartement,61.0,2.0
1744058,17/09/2018,Vente,"123500,00",27.0,CHS,7970,SAINT MARTIN,51100.0,REIMS,51,454,DN,217,2,2.0,Appartement,42.0,2.0
1744066,31/08/2018,Vente,"86000,00",18.0,RUE,5920,M CLEMENCE FOURIAUX,51100.0,REIMS,51,454,AV,367,2,2.0,Appartement,43.0,2.0
1744068,21/08/2018,Vente en l'état futur d'achèvement,"220000,00",36.0,RUE,7580,ROGER SALENGRO,51100.0,REIMS,51,454,AX,43,1,2.0,Appartement,66.0,3.0
1744070,31/08/2018,Vente,"49000,00",65.0,BD,2990,DOCTEUR ROUX,51100.0,REIMS,51,454,KO,20,1,2.0,Appartement,33.0,2.0
1744071,28/08/2018,Vente en l'état futur d'achèvement,"304000,00",90.0,RUE,7160,PONSARDIN,51100.0,REIMS,51,454,CY,755,1,2.0,Appartement,84.0,4.0
1744073,31/08/2018,Vente,"199000,00",51.0,RUE,1550,CERES,51100.0,REIMS,51,454,BE,67,1,2.0,Appartement,76.0,4.0
1744074,13/09/2018,Vente,"75990,00",44.0,RUE,2290,COQUEBERT,51100.0,REIMS,51,454,BI,556,1,2.0,Appartement,28.0,1.0
1744077,30/08/2018,Vente,"120000,00",61.0,RUE,4770,DU JARD,51100.0,REIMS,51,454,IK,288,2,2.0,Appartement,56.0,2.0
1744079,31/08/2018,Vente,"109800,00",7.0,RUE,8580,DES TEMPLIERS,51100.0,REIMS,51,454,BH,346,2,2.0,Appartement,44.0,2.0
1744081,30/08/2018,Vente,"128700,00",5.0,RUE,8720,TOURNEBONNEAU,51100.0,REIMS,51,454,DM,628,1,2.0,Appartement,64.0,3.0
1744084,30/08/2018,Vente en l'état futur d'achèvement,"302000,00",90.0,RUE,7160,PONSARDIN,51100.0,REIMS,51,454,CY,755,1,2.0,Appartement,81.0,4.0
1744087,28/08/2018,Vente en l'état futur d'achèvement,"310000,00",90.0,RUE,7160,PONSARDIN,51100.0,REIMS,51,454,CY,755,1,2.0,Appartement,84.0,4.0
1744097,30/08/2018,Vente,"105000,00",3.0,RUE,5940,MARLOT,51100.0,REIMS,51,454,IK,548,1,2.0,Appartement,36.0,2.0
1744102,06/09/2018,Vente,"80000,00",41.0,AV,5300,DE LAON,51100.0,REIMS,51,454,AT,101,1,2.0,Appartement,36.0,2.0
1744112,14/09/2018,Vente,"127500,00",2.0,RUE,8603,THEODORE GERICAULT,51100.0,REIMS,51,454,AE,296,2,2.0,Appartement,71.0,3.0
1744136,20/08/2018,Vente,"146000,00",29.0,RUE,0550,BACQUENOIS,51100.0,REIMS,51,454,IM,471,1,2.0,Appartement,64.0,3.0
1744138,04/09/2018,Vente en l'état futur d'achèvement,"142000,00",215.0,RUE,6470,DE NEUFCHATEL,51100.0,REIMS,51,454,AH,79,1,2.0,Appartement,68.0,3.0
1744144,12/09/2018,Vente,"150000,00",19.0,AV,3320,D EPERNAY,51100.0,REIMS,51,454,DP,460,2,2.0,Appartement,90.0,4.0
1744148,11/09/2018,Vente,"181000,00",13.0,RUE,0845,BERTRAND DE MUN,51100.0,REIMS,51,454,CM,145,2,2.0,Appartement,73.0,3.0
1744150,12/09/2018,Vente,"78500,00",1.0,PL,5370,LENONCOURT,51100.0,REIMS,51,454,DM,629,2,2.0,Appartement,33.0,1.0
1744152,13/09/2018,Vente,"136000,00",23.0,RUE,4620,HOUZEAU MUIRON,51100.0,REIMS,51,454,CW,516,1,2.0,Appartement,46.0,2.0
1744154,14/09/2018,Vente,"68000,00",23.0,RUE,2430,DE COURCELLES,51100.0,REIMS,51,454,AT,334,2,2.0,Appartement,23.0,1.0
1744162,17/07/2018,Vente,"280000,00",3.0,RUE,2260,CONDORCET,51100.0,REIMS,51,454,IL,171,1,2.0,Appartement,107.0,5.0
1744163,11/09/2018,Vente en l'état futur d'achèvement,"172500,00",104.0,AV,5300,DE LAON,51100.0,REIMS,51,454,AW,515,1,2.0,Appartement,47.0,2.0
1744165,11/09/2018,Vente,"55000,00",33.0,RUE,4440,HENRI BARBUSSE,51100.0,REIMS,51,454,CW,370,1,2.0,Appartement,19.0,1.0
1744166,31/08/2018,Vente,"117500,00",54.0,RUE,2430,DE COURCELLES,51100.0,REIMS,51,454,AR,808,1,2.0,Appartement,73.0,3.0
1744176,30/08/2018,Vente,"240000,00",6.0,RUE,5780,DE LA MAGDELEINE,51100.0,REIMS,51,454,IM,505,1,2.0,Appartement,128.0,4.0
1744179,06/09/2018,Vente,"35000,00",19.0,RUE,3850,GAMBETTA,51100.0,REIMS,51,454,CY,12,1,2.0,Appartement,11.0,1.0
1744192,21/09/2018,Vente,"84000,00",25.0,BD,6690,DE LA PAIX,51100.0,REIMS,51,454,CK,128,2,2.0,Appartement,33.0,1.0
1744197,10/09/2018,Vente,"52000,00",25.0,RUE,6830,P VAILLANT COUTURIER,51100.0,REIMS,51,454,AV,228,1,2.0,Appartement,20.0,1.0
1744198,31/08/2018,Vente,"139000,00",5.0,AV,5300,DE LAON,51100.0,REIMS,51,454,AT,117,7,2.0,Appartement,114.0,4.0
1744201,05/09/2018,Vente,"69900,00",19.0,RUE,0820,DE BERRU,51100.0,REIMS,51,454,CV,808,1,2.0,Appartement,33.0,2.0
1744205,05/09/2018,Vente,"129000,00",19.0,RUE,0820,DE BERRU,51100.0,REIMS,51,454,CV,808,1,2.0,Appartement,34.0,2.0
1744206,05/09/2018,Vente,"129000,00",19.0,RUE,0820,DE BERRU,51100.0,REIMS,51,454,CV,808,1,2.0,Appartement,31.0,2.0
1744210,19/09/2018,Vente,"95000,00",6.0,RUE,5195,KERGUELEN,51100.0,REIMS,51,454,ET,559,2,2.0,Appartement,72.0,4.0
1744236,31/08/2018,Vente,"92200,00",16.0,RUE,1920,DE CHEVIGNE,51100.0,REIMS,51,454,CW,608,1,2.0,Appartement,35.0,1.0
1744237,03/09/2018,Vente,"100000,00",47.0,RUE,6160,DE METZ,51100.0,REIMS,51,454,CV,486,2,2.0,Appartement,74.0,3.0
1744238,03/09/2018,Vente,"179000,00",37.0,RUE,6470,DE NEUFCHATEL,51100.0,REIMS,51,454,AX,804,2,2.0,Appartement,134.0,5.0
1744243,11/09/2018,Vente,"64000,00",14.0,RUE,3300,DES EPARGES,51100.0,REIMS,51,454,CL,898,1,2.0,Appartement,19.0,1.0
1744257,03/09/2018,Vente,"105000,00",2.0,RUE,0254,ANDRE FAIVRE,51100.0,REIMS,51,454,KP,30,1,2.0,Appartement,70.0,3.0
1744261,18/09/2018,Vente,"62000,00",16.0,RUE,5050,JULES BRUNEAU,51100.0,REIMS,51,454,DT,658,2,2.0,Appartement,35.0,1.0
1744263,04/09/2018,Vente en l'état futur d'achèvement,"202000,00",49.0,BD,2650,DAUPHINOT,51100.0,REIMS,51,454,CT,610,1,2.0,Appartement,79.0,4.0
1744264,10/09/2018,Vente,"89000,00",7.0,RUE,5650,DE LOUVOIS,51100.0,REIMS,51,454,DL,141,1,2.0,Appartement,48.0,2.0
1744266,29/08/2018,Vente,"102500,00",1.0,RUE,1830,CHARLIER,51100.0,REIMS,51,454,BI,241,1,2.0,Appartement,56.0,3.0
1744268,12/09/2018,Vente,"64000,00",22.0,RUE,8480,DE TAISSY,51100.0,REIMS,51,454,DK,235,2,2.0,Appartement,59.0,3.0
1744270,28/08/2018,Vente,"102300,00",14.0,RUE,2192,COMMANDANT ARNAUD,51100.0,REIMS,51,454,AL,419,2,2.0,Appartement,72.0,4.0
1744274,17/09/2018,Vente,"50000,00",9.0,RUE,2975,DR LUCIEN BETTINGER,51100.0,REIMS,51,454,AE,283,2,2.0,Appartement,61.0,3.0
1744276,10/09/2018,Vente en l'état futur d'achèvement,"245000,00",90.0,RUE,7160,PONSARDIN,51100.0,REIMS,51,454,CY,755,1,2.0,Appartement,66.0,3.0
1744279,03/09/2018,Vente,"108100,00",27.0,RUE,1710,DE CHAMPIGNY,51100.0,REIMS,51,454,AR,302,2,2.0,Appartement,50.0,3.0
1744280,18/09/2018,Vente,"66000,00",160.0,RUE,0600,DU BARBATRE,51100.0,REIMS,51,454,CZ,277,1,2.0,Appartement,31.0,1.0
1744287,13/09/2018,Vente,"109000,00",134.0,RUE,7010,PIERRE BROSSOLETTE,51100.0,REIMS,51,454,AO,739,2,2.0,Appartement,63.0,3.0
1744288,17/09/2018,Vente,"97000,00",230.0,AV,4900,JEAN JAURES,51100.0,REIMS,51,454,CT,256,1,2.0,Appartement,55.0,3.0
1744292,13/09/2018,Vente,"85000,00",134.0,RUE,7010,PIERRE BROSSOLETTE,51100.0,REIMS,51,454,AO,739,2,2.0,Appartement,52.0,2.0
1744293,18/09/2018,Vente,"49000,00",17.0,RUE,3280,EMILE ZOLA,51100.0,REIMS,51,454,AW,426,1,2.0,Appartement,18.0,1.0
1744297,12/09/2018,Vente,"70500,00",34.0,RUE,6160,DE METZ,51100.0,REIMS,51,454,CV,521,1,2.0,Appartement,52.0,2.0
1744301,12/09/2018,Vente,"150000,00",60.0,ESP,3590,FLECHAMBAULT,51100.0,REIMS,51,454,DM,458,2,2.0,Appartement,70.0,3.0
1744303,06/09/2018,Vente,"89000,00",4.0,RUE,7720,DU RUISSELET,51100.0,REIMS,51,454,DM,632,2,2.0,Appartement,28.0,1.0
1744305,18/09/2018,Vente,"20000,00",6.0,RUE,0150,D ALGER,51100.0,REIMS,51,454,CS,25,1,2.0,Appartement,32.0,2.0
1744311,14/09/2018,Vente en l'état futur d'achèvement,"264500,00",,RUE,5891,MARCEL THIL,51100.0,REIMS,51,454,AV,1091,1,2.0,Appartement,70.0,3.0
1744319,11/09/2018,Vente,"109000,00",127.0,BD,1800,CHARLES ARNOULD,51100.0,REIMS,51,454,AO,851,2,2.0,Appartement,48.0,3.0
1744323,07/09/2018,Vente,"77500,00",15.0,RUE,2710,DEFRANCOIS,51100.0,REIMS,51,454,CK,317,2,2.0,Appartement,35.0,1.0
1744327,12/09/2018,Vente,"160000,00",52.0,RUE,1390,DES CAPUCINS,51100.0,REIMS,51,454,IK,1361,1,2.0,Appartement,57.0,2.0
1744329,25/09/2018,Vente,"63800,00",7.0,RUE,2790,DEVILLE,51100.0,REIMS,51,454,AV,140,3,2.0,Appartement,28.0,2.0
1744334,12/09/2018,Vente,"107000,00",13.0,RUE,8720,TOURNEBONNEAU,51100.0,REIMS,51,454,DM,630,2,2.0,Appartement,52.0,2.0
1744337,10/09/2018,Vente,"295000,00",126.0,RUE,3850,GAMBETTA,51100.0,REIMS,51,454,DM,632,2,2.0,Appartement,46.0,2.0
1744338,10/09/2018,Vente,"295000,00",126.0,RUE,3850,GAMBETTA,51100.0,REIMS,51,454,DM,632,2,2.0,Appartement,46.0,2.0
1744339,10/09/2018,Vente,"295000,00",124.0,RUE,3850,GAMBETTA,51100.0,REIMS,51,454,DM,632,2,2.0,Appartement,46.0,2.0
1744340,10/09/2018,Vente en l'état futur d'achèvement,"250000,00",36.0,RUE,7580,ROGER SALENGRO,51100.0,REIMS,51,454,AX,43,1,2.0,Appartement,88.0,4.0
1744344,17/09/2018,Vente,"130996,00",50.0,RUE,6830,P VAILLANT COUTURIER,51100.0,REIMS,51,454,AV,775,1,2.0,Appartement,69.0,3.0
1744347,12/09/2018,Vente en l'état futur d'achèvement,"197500,00",6.0,RUE,0123,CAPITAINE ALFRED DREYFUS,51100.0,REIMS,51,454,AV,1082,1,2.0,Appartement,56.0,2.0
1744352,12/09/2018,Vente,"315000,00",8.0,RUE,8480,DE TAISSY,51100.0,REIMS,51,454,DK,275,1,2.0,Appartement,109.0,4.0
1744357,14/09/2018,Vente,"88000,00",10.0,RUE,0254,ANDRE FAIVRE,51100.0,REIMS,51,454,KP,16,1,2.0,Appartement,56.0,2.0
1744359,03/09/2018,Vente,"105000,00",5.0,RUE,4307,GUILLAUME APOLLINAIRE,51100.0,REIMS,51,454,KP,30,1,2.0,Appartement,70.0,3.0
1744366,13/09/2018,Vente,"90000,00",36.0,RUE,2080,CLOVIS CHEZEL,51100.0,REIMS,51,454,DN,549,1,2.0,Appartement,45.0,2.0
1744368,14/09/2018,Vente,"105000,00",43.0,AV,6730,DE PARIS,51100.0,REIMS,51,454,HX,17,1,2.0,Appartement,40.0,2.0
1744369,13/09/2018,Vente,"66000,00",53.0,RUE,2070,CLOVIS,51100.0,REIMS,51,454,IK,394,1,2.0,Appartement,20.0,1.0
1744374,05/09/2018,Vente,"143000,00",149.0,RUE,1390,DES CAPUCINS,51100.0,REIMS,51,454,IK,247,1,2.0,Appartement,49.0,2.0
1744378,07/09/2018,Vente,"45500,00",81.0,RUE,6470,DE NEUFCHATEL,51100.0,REIMS,51,454,AM,723,1,2.0,Appartement,20.0,1.0
1744380,05/09/2018,Vente,"80000,00",179.0,AV,4900,JEAN JAURES,51100.0,REIMS,51,454,BK,461,2,2.0,Appartement,80.0,3.0
1744382,03/09/2018,Vente en l'état futur d'achèvement,"147000,00",7.0,RUE,0400,ARMONVILLE,51100.0,REIMS,51,454,CZ,678,1,2.0,Appartement,34.0,1.0
1744383,07/09/2018,Vente,"220000,00",10.0,RUE,1020,BONHOMME,51100.0,REIMS,51,454,BE,88,2,2.0,Appartement,65.0,3.0
1744385,14/09/2018,Vente,"308000,00",11.0,BD,3640,FOCH,51100.0,REIMS,51,454,IL,571,1,2.0,Appartement,88.0,3.0
1744405,12/09/2018,Vente,"47200,00",21.0,AV,4455,HENRI FARMAN,51100.0,REIMS,51,454,DH,90,1,2.0,Appartement,17.0,1.0
1744406,19/09/2018,Vente,"176500,00",3.0,RUE,1640,DU CHALET,51100.0,REIMS,51,454,BK,328,1,2.0,Appartement,97.0,4.0
1744408,10/09/2018,Vente,"106000,00",3.0,AV,4010,GEORGES CLEMENCEAU,51100.0,REIMS,51,454,CK,29,2,2.0,Appartement,60.0,3.0
1744411,31/08/2018,Vente en l'état futur d'achèvement,"135500,00",78.0,AV,1809,CHARLES FANDRE,51100.0,REIMS,51,454,CT,606,1,2.0,Appartement,54.0,2.0
1744412,18/09/2018,Vente,"230000,00",26.0,RUE,9220,VOLTAIRE,51100.0,REIMS,51,454,CX,163,2,2.0,Appartement,86.0,3.0
1744417,14/09/2018,Vente,"65000,00",16.0,RUE,1460,DES CARMES,51100.0,REIMS,51,454,CY,626,1,2.0,Appartement,27.0,1.0
1744419,25/09/2018,Vente,"185000,00",80.0,RUE,6230,DU MONT D ARENE,51100.0,REIMS,51,454,AV,394,1,2.0,Appartement,70.0,3.0
1744435,07/09/2018,Vente,"690000,00",2.0,RUE,0910,DE BEZANNES,51100.0,REIMS,51,454,HX,362,0,2.0,Appartement,57.0,2.0
1744436,07/09/2018,Vente,"690000,00",2.0,RUE,0910,DE BEZANNES,51100.0,REIMS,51,454,HX,362,0,2.0,Appartement,37.0,2.0
1744437,07/09/2018,Vente,"690000,00",2.0,RUE,0910,DE BEZANNES,51100.0,REIMS,51,454,HX,362,0,2.0,Appartement,21.0,1.0
1744438,07/09/2018,Vente,"690000,00",2.0,RUE,0910,DE BEZANNES,51100.0,REIMS,51,454,HX,362,0,2.0,Appartement,31.0,2.0
1744440,07/09/2018,Vente,"690000,00",2.0,RUE,0910,DE BEZANNES,51100.0,REIMS,51,454,HX,362,0,2.0,Appartement,26.0,2.0
1744443,07/09/2018,Vente,"690000,00",2.0,RUE,0910,DE BEZANNES,51100.0,REIMS,51,454,HX,362,0,2.0,Appartement,58.0,3.0
1744452,14/09/2018,Vente,"250000,00",49.0,AV,4900,JEAN JAURES,51100.0,REIMS,51,454,BH,537,1,2.0,Appartement,119.0,6.0
1744458,14/09/2018,Vente,"175000,00",2.0,RUE,4560,HINCMAR,51100.0,REIMS,51,454,IK,75,2,2.0,Appartement,85.0,4.0
1744459,20/09/2018,Vente,"81950,00",44.0,RUE,5090,JULES GUICHARD,51100.0,REIMS,51,454,AV,936,2,2.0,Appartement,39.0,2.0
1744472,18/09/2018,Vente,"390000,00",11.0,BD,3640,FOCH,51100.0,REIMS,51,454,IL,571,1,2.0,Appartement,121.0,5.0
1744478,13/09/2018,Vente en l'état futur d'achèvement,"171000,00",,RUE,4220,GRANDVAL,51100.0,REIMS,51,454,CL,989,1,2.0,Appartement,45.0,2.0
1744480,07/09/2018,Vente,"75000,00",58.0,RUE,1260,DE LA BRIQUETERIE,51100.0,REIMS,51,454,DV,407,2,2.0,Appartement,55.0,3.0
1744482,13/09/2018,Vente,"70000,00",76.0,RUE,6230,DU MONT D ARENE,51100.0,REIMS,51,454,AV,392,1,2.0,Appartement,38.0,2.0
1744486,12/07/2018,Vente,"67250,00",76.0,RUE,6230,DU MONT D ARENE,51100.0,REIMS,51,454,AV,392,1,2.0,Appartement,35.0,2.0
1744493,18/09/2018,Vente,"87900,00",143.0,RUE,2430,DE COURCELLES,51100.0,REIMS,51,454,AR,336,1,2.0,Appartement,40.0,2.0
1744495,17/09/2018,Vente,"120000,00",41.0,BD,2930,DOCTEUR HENRI HENROT,51100.0,REIMS,51,454,DM,663,2,2.0,Appartement,75.0,4.0
1744498,19/09/2018,Vente,"95000,00",91.0,BD,3950,DU GENERAL LECLERC,51100.0,REIMS,51,454,IN,22,2,2.0,Appartement,42.0,2.0
1744517,12/09/2018,Vente,"140000,00",151.0,RUE,9040,DE VESLE,51100.0,REIMS,51,454,IK,819,1,2.0,Appartement,60.0,3.0
1744527,27/09/2018,Vente,"150000,00",16.0,RUE,8950,DE VENISE,51100.0,REIMS,51,454,IK,1401,1,2.0,Appartement,58.0,2.0
1744540,27/09/2018,Vente,"102000,00",7.0,RUE,8580,DES TEMPLIERS,51100.0,REIMS,51,454,BH,346,2,2.0,Appartement,44.0,2.0
1744542,26/09/2018,Vente,"105400,00",1.0,RUE,8290,16E ET 22E DRAGONS,51100.0,REIMS,51,454,CK,17,1,2.0,Appartement,58.0,2.0
1744543,24/09/2018,Vente,"250000,00",135.0,RUE,1590,DE CERNAY,51100.0,REIMS,51,454,CV,357,0,2.0,Appartement,44.0,2.0
1744544,24/09/2018,Vente,"250000,00",135.0,RUE,1590,DE CERNAY,51100.0,REIMS,51,454,CV,357,0,2.0,Appartement,59.0,2.0
1744545,24/09/2018,Vente,"250000,00",135.0,RUE,1590,DE CERNAY,51100.0,REIMS,51,454,CV,357,0,2.0,Appartement,26.0,1.0
1744546,24/09/2018,Vente,"250000,00",135.0,RUE,1590,DE CERNAY,51100.0,REIMS,51,454,CV,357,0,2.0,Appartement,31.0,2.0
1744548,24/09/2018,Vente,"250000,00",135.0,RUE,1590,DE CERNAY,51100.0,REIMS,51,454,CV,357,0,2.0,Appartement,31.0,2.0
1744549,24/09/2018,Vente,"250000,00",135.0,RUE,1590,DE CERNAY,51100.0,REIMS,51,454,CV,357,0,2.0,Appartement,44.0,2.0
1744558,18/09/2018,Vente,"85000,00",53.0,RUE,1670,DU CHAMP DE MARS,51100.0,REIMS,51,454,BI,25,1,2.0,Appartement,52.0,2.0
1744560,18/09/2018,Vente,"105000,00",26.0,RUE,7190,DE PONTGIVART,51100.0,REIMS,51,454,AY,412,2,2.0,Appartement,67.0,3.0
1744564,20/09/2018,Vente,"108000,00",43.0,BD,2930,DOCTEUR HENRI HENROT,51100.0,REIMS,51,454,DM,383,2,2.0,Appartement,47.0,2.0
1744570,07/09/2018,Vente,"235000,00",22.0,RUE,7610,DES ROMAINS,51100.0,REIMS,51,454,AT,33,0,2.0,Appartement,49.0,2.0
1744571,07/09/2018,Vente,"235000,00",22.0,RUE,7610,DES ROMAINS,51100.0,REIMS,51,454,AT,33,0,2.0,Appartement,43.0,2.0
1744572,07/09/2018,Vente,"235000,00",22.0,RUE,7610,DES ROMAINS,51100.0,REIMS,51,454,AT,33,0,2.0,Appartement,32.0,1.0
1744577,06/09/2018,Vente,"182600,00",66.0,RUE,0600,DU BARBATRE,51100.0,REIMS,51,454,CY,251,2,2.0,Appartement,86.0,4.0
1744579,07/09/2018,Vente,"58700,00",179.0,AV,5300,DE LAON,51100.0,REIMS,51,454,AV,819,1,2.0,Appartement,20.0,2.0
1744580,10/09/2018,Vente,"189000,00",19.0,RUE,6010,MARTIN PELLER,51100.0,REIMS,51,454,HX,99,1,2.0,Appartement,77.0,3.0
1744582,13/09/2018,Vente en l'état futur d'achèvement,"143000,00",215.0,RUE,6470,DE NEUFCHATEL,51100.0,REIMS,51,454,AH,79,1,2.0,Appartement,66.0,3.0
1744586,13/09/2018,Vente,"197800,00",22.0,CHS,0980,BOCQUAINE,51100.0,REIMS,51,454,HZ,183,1,2.0,Appartement,72.0,3.0
1744589,19/09/2018,Vente,"62000,00",5.0,PL,5894,MAL DE LATTRE DE TASSIGNY,51100.0,REIMS,51,454,CO,415,2,2.0,Appartement,64.0,4.0
1744592,17/09/2018,Vente,"37000,00",14.0,RUE,3370,DE L ESPERANCE,51100.0,REIMS,51,454,DO,45,1,2.0,Appartement,14.0,1.0
1744593,14/09/2018,Vente en l'état futur d'achèvement,"399000,00",21.0,RUE,4540,HENRI IV,51100.0,REIMS,51,454,IL,3,2,2.0,Appartement,79.0,3.0
1744600,17/09/2018,Vente,"59000,00",28.0,RUE,2080,CLOVIS CHEZEL,51100.0,REIMS,51,454,DN,395,1,2.0,Appartement,35.0,2.0
1744614,14/09/2018,Vente,"197500,00",26.0,RUE,4890,JEAN JACQUES ROUSSEAU,51100.0,REIMS,51,454,BE,183,2,2.0,Appartement,66.0,3.0
1744618,13/09/2018,Vente,"100000,00",32.0,BD,4760,JAMIN,51100.0,REIMS,51,454,BI,854,1,2.0,Appartement,46.0,2.0
1744621,18/09/2018,Vente,"90000,00",89.0,RUE,8270,DE SEBASTOPOL,51100.0,REIMS,51,454,BI,75,2,2.0,Appartement,72.0,3.0
1744623,28/09/2018,Vente,"75000,00",38.0,RUE,8980,VERNOUILLET,51100.0,REIMS,51,454,AT,237,2,2.0,Appartement,35.0,2.0
1744629,14/09/2018,Vente,"99950,00",82.0,BD,7960,ST MARCEAUX,51100.0,REIMS,51,454,CK,326,1,2.0,Appartement,55.0,3.0
1744633,26/09/2018,Vente,"147000,00",27.0,RUE,1710,DE CHAMPIGNY,51100.0,REIMS,51,454,AR,302,2,2.0,Appartement,84.0,5.0
1744639,20/09/2018,Vente,"68500,00",22.0,RUE,3048,DUMONT D URVILLE,51100.0,REIMS,51,454,ET,199,2,2.0,Appartement,87.0,4.0
1744642,24/09/2018,Vente,"130000,00",2.0,ESP,7433,REMI PELLOT,51100.0,REIMS,51,454,AN,169,1,2.0,Appartement,74.0,3.0
1744644,21/09/2018,Vente en l'état futur d'achèvement,"261000,00",40.0,RUE,7790,DE ST BRICE,51100.0,REIMS,51,454,AT,247,1,2.0,Appartement,82.0,3.0
1744646,15/09/2018,Vente,"227500,00",73.0,RUE,6160,DE METZ,51100.0,REIMS,51,454,CV,477,2,2.0,Appartement,80.0,4.0
1744647,15/09/2018,Vente,"227500,00",73.0,RUE,6160,DE METZ,51100.0,REIMS,51,454,CV,477,2,2.0,Appartement,34.0,2.0
1744653,21/09/2018,Vente,"110000,00",27.0,RUE,5440,LEOPOLD CHARPENTIER,51100.0,REIMS,51,454,AE,262,2,2.0,Appartement,76.0,4.0
1744655,01/10/2018,Vente,"65000,00",19.0,RUE,0820,DE BERRU,51100.0,REIMS,51,454,CV,808,1,2.0,Appartement,36.0,2.0
1744656,21/09/2018,Vente,"78500,00",35.0,BD,6690,DE LA PAIX,51100.0,REIMS,51,454,CK,319,1,2.0,Appartement,36.0,1.0
1744657,07/09/2018,Vente,"125500,00",5.0,RUE,1620,CHABAUD,51100.0,REIMS,51,454,IK,1029,3,2.0,Appartement,44.0,3.0
1744658,26/09/2018,Vente,"127000,00",24.0,RUE,1920,DE CHEVIGNE,51100.0,REIMS,51,454,CK,344,1,2.0,Appartement,40.0,2.0
1744661,06/09/2018,Vente,"235000,00",17.0,RUE,8570,DU TEMPLE,51100.0,REIMS,51,454,BE,490,2,2.0,Appartement,107.0,4.0
1744667,22/09/2018,Vente,"46000,00",60.0,RUE,5920,M CLEMENCE FOURIAUX,51100.0,REIMS,51,454,AV,954,1,2.0,Appartement,16.0,1.0
1744677,24/09/2018,Vente,"79000,00",2.0,RUE,5260,LAMOUCHE,51100.0,REIMS,51,454,AV,681,1,2.0,Appartement,60.0,3.0
1744679,27/09/2018,Vente,"86900,00",249.0,RUE,2440,DE COURLANCY,51100.0,REIMS,51,454,DN,217,2,2.0,Appartement,42.0,2.0
1744680,27/09/2018,Vente,"73000,00",12.0,RUE,7610,DES ROMAINS,51100.0,REIMS,51,454,AT,69,1,2.0,Appartement,26.0,1.0
1744683,21/09/2018,Vente en l'état futur d'achèvement,"356280,00",13.0,ALL,5425,LEON MICHAUD,51100.0,REIMS,51,454,CL,6,1,2.0,Appartement,49.0,2.0
1744684,21/09/2018,Vente en l'état futur d'achèvement,"356280,00",13.0,ALL,5425,LEON MICHAUD,51100.0,REIMS,51,454,CL,6,1,2.0,Appartement,49.0,2.0
1744686,21/09/2018,Vente en l'état futur d'achèvement,"356280,00",13.0,ALL,5425,LEON MICHAUD,51100.0,REIMS,51,454,CL,6,1,2.0,Appartement,48.0,2.0
1744697,26/09/2018,Vente,"105000,00",49.0,BD,2930,DOCTEUR HENRI HENROT,51100.0,REIMS,51,454,DM,383,2,2.0,Appartement,95.0,4.0
1744705,25/09/2018,Vente,"228000,00",1.0,RUE,0830,BERTIN,51100.0,REIMS,51,454,BE,139,2,2.0,Appartement,79.0,3.0
1744707,21/09/2018,Vente,"450000,00",16.0,RUE,8950,DE VENISE,51100.0,REIMS,51,454,IK,1401,1,2.0,Appartement,166.0,7.0
1744709,21/09/2018,Vente,"58000,00",17.0,RUE,8820,DES 3 PILIERS,51100.0,REIMS,51,454,AW,32,3,2.0,Appartement,26.0,1.0
1744710,19/09/2018,Vente,"80700,00",33.0,RUE,7800,SAINT BRUNO,51100.0,REIMS,51,454,CV,344,2,2.0,Appartement,46.0,3.0
1744717,20/09/2018,Vente,"250700,00",30.0,RUE,7100,DES POISSONNIERS,51100.0,REIMS,51,454,IM,207,4,2.0,Appartement,89.0,4.0
1744721,11/09/2018,Vente,"267250,00",14.0,RUE,1550,CERES,51100.0,REIMS,51,454,CX,43,2,2.0,Appartement,98.0,3.0
1744730,14/09/2018,Vente,"380000,00",8.0,BD,5680,LUNDY,51100.0,REIMS,51,454,BH,309,2,2.0,Appartement,143.0,4.0
1744737,21/09/2018,Vente en l'état futur d'achèvement,"171900,00",,RUE,5891,MARCEL THIL,51100.0,REIMS,51,454,AV,1091,1,2.0,Appartement,48.0,2.0
1744770,21/09/2018,Vente en l'état futur d'achèvement,"186900,00",,RUE,5891,MARCEL THIL,51100.0,REIMS,51,454,AV,1091,1,2.0,Appartement,52.0,2.0
1744771,21/09/2018,Vente en l'état futur d'achèvement,"133900,00",,RUE,5891,MARCEL THIL,51100.0,REIMS,51,454,AV,1091,1,2.0,Appartement,40.0,2.0
1744775,26/09/2018,Vente,"133000,00",13.0,RUE,4120,GOIOT,51100.0,REIMS,51,454,CZ,607,2,2.0,Appartement,56.0,2.0
1744780,28/09/2018,Vente,"57000,00",39.0,AV,4455,HENRI FARMAN,51100.0,REIMS,51,454,EK,6,1,2.0,Appartement,21.0,1.0
1744781,26/09/2018,Vente,"72000,00",13.0,RUE,5400,LEON FAUCHER,51100.0,REIMS,51,454,BC,129,1,2.0,Appartement,24.0,2.0
1744783,19/09/2018,Vente,"112500,00",56.0,RUE,4560,HINCMAR,51100.0,REIMS,51,454,IK,756,2,2.0,Appartement,56.0,4.0
1744786,19/09/2018,Vente,"132100,00",3.0,AV,4010,GEORGES CLEMENCEAU,51100.0,REIMS,51,454,CK,29,2,2.0,Appartement,61.0,3.0
1744789,24/09/2018,Vente,"45850,00",1.0,RUE,5360,LEGENDRE,51100.0,REIMS,51,454,BE,81,1,2.0,Appartement,14.0,2.0
1744791,21/09/2018,Vente,"75000,00",62.0,RUE,4560,HINCMAR,51100.0,REIMS,51,454,IK,759,1,2.0,Appartement,30.0,1.0
1744793,28/09/2018,Vente,"97500,00",115.0,RUE,0200,D ALSACE LORRAINE,51100.0,REIMS,51,454,CV,96,1,2.0,Appartement,40.0,2.0
1744794,18/09/2018,Vente,"137500,00",121.0,RUE,0600,DU BARBATRE,51100.0,REIMS,51,454,CY,465,1,2.0,Appartement,78.0,4.0
1744802,19/09/2018,Vente,"138000,00",43.0,RUE,2570,CROUTELLE,51100.0,REIMS,51,454,AV,186,1,2.0,Appartement,45.0,2.0
1744809,26/09/2018,Vente,"195000,00",3.0,PL,3870,GASTON POITEVIN,51100.0,REIMS,51,454,IK,387,1,2.0,Appartement,72.0,4.0
1744814,05/10/2018,Vente,"117000,00",67.0,RUE,1830,CHARLIER,51100.0,REIMS,51,454,BI,627,2,2.0,Appartement,63.0,3.0
1744816,21/09/2018,Vente en l'état futur d'achèvement,"152935,00",6.0,RUE,8090,SAINT THIERRY,51100.0,REIMS,51,454,AV,1097,1,2.0,Appartement,33.0,2.0
1744821,25/09/2018,Vente,"78000,00",5.0,RUE,6330,DES MOULINS,51100.0,REIMS,51,454,DM,633,2,2.0,Appartement,32.0,1.0
1744830,27/09/2018,Vente,"75000,00",52.0,RUE,4770,DU JARD,51100.0,REIMS,51,454,IK,509,1,2.0,Appartement,29.0,2.0
1744831,26/09/2018,Vente en l'état futur d'achèvement,"125000,00",13.0,ALL,5425,LEON MICHAUD,51100.0,REIMS,51,454,CL,6,1,2.0,Appartement,44.0,2.0
1744835,24/09/2018,Vente,"60000,00",40.0,RUE,7710,RUINART DE BRIMONT,51100.0,REIMS,51,454,CW,716,1,2.0,Appartement,72.0,1.0
1744849,24/09/2018,Vente,"45500,00",245.0,AV,4900,JEAN JAURES,51100.0,REIMS,51,454,BL,745,1,2.0,Appartement,25.0,1.0
1744865,09/10/2018,Vente,"72000,00",97.0,RUE,8430,DE STRASBOURG,51100.0,REIMS,51,454,CV,647,1,2.0,Appartement,33.0,2.0
1744868,28/09/2018,Vente,"180000,00",32.0,BD,4760,JAMIN,51100.0,REIMS,51,454,BI,854,1,2.0,Appartement,95.0,5.0
1744879,27/09/2018,Vente,"49400,00",21.0,AV,4455,HENRI FARMAN,51100.0,REIMS,51,454,DH,90,1,2.0,Appartement,17.0,1.0
1744880,21/09/2018,Vente,"43000,00",17.0,RUE,2430,DE COURCELLES,51100.0,REIMS,51,454,AT,156,1,2.0,Appartement,15.0,1.0
1744882,18/09/2018,Vente,"257800,00",12.0,RUE,1280,BRULEE,51100.0,REIMS,51,454,IK,924,3,2.0,Appartement,80.0,4.0
1744885,24/09/2018,Vente en l'état futur d'achèvement,"1120000,00",25.0,RUE,3210,DES ELUS,51100.0,REIMS,51,454,IL,117,1,2.0,Appartement,140.0,4.0
1744886,17/09/2018,Vente,"200000,00",6.0,RUE,7160,PONSARDIN,51100.0,REIMS,51,454,CX,69,1,2.0,Appartement,59.0,2.0
1744887,26/09/2018,Vente,"100000,00",91.0,BD,4550,HENRY VASNIER,51100.0,REIMS,51,454,CI,68,1,2.0,Appartement,43.0,2.0
1744891,26/09/2018,Vente,"85000,00",8.0,RUE,5195,KERGUELEN,51100.0,REIMS,51,454,ET,547,2,2.0,Appartement,72.0,4.0
1744893,27/09/2018,Vente,"157000,00",1.0,RUE,8720,TOURNEBONNEAU,51100.0,REIMS,51,454,DM,628,1,2.0,Appartement,64.0,3.0
1744897,26/09/2018,Vente,"155000,00",10.0,ALL,3045,DU BELLAY,51100.0,REIMS,51,454,DK,184,2,2.0,Appartement,78.0,4.0
1744903,28/09/2018,Vente,"310000,00",10.0,RUE,5930,MARIE STUART,51100.0,REIMS,51,454,CX,617,2,2.0,Appartement,130.0,6.0
1744912,01/10/2018,Vente,"105000,00",11.0,PL,0120,ALFRED BROUETTE,51100.0,REIMS,51,454,BI,364,2,2.0,Appartement,39.0,2.0
1744915,29/09/2018,Vente,"128420,00",30.0,RUE,4080,GILBERT,51100.0,REIMS,51,454,AR,193,0,2.0,Appartement,24.0,1.0
1744916,29/09/2018,Vente,"128420,00",30.0,RUE,4080,GILBERT,51100.0,REIMS,51,454,AR,193,0,2.0,Appartement,28.0,1.0
1744921,26/09/2018,Vente,"165000,00",2.0,RUE,6040,MARX DORMOY,51100.0,REIMS,51,454,IL,152,1,2.0,Appartement,73.0,1.0
1744923,25/09/2018,Vente,"29000,00",14.0,RUE,9240,WARNIER,51100.0,REIMS,51,454,BH,276,2,2.0,Appartement,23.0,1.0
1744929,27/09/2018,Vente,"128000,00",3.0,RUE,6740,PASSE DEMOISELLES,51100.0,REIMS,51,454,HX,441,2,2.0,Appartement,72.0,3.0
1744931,20/09/2018,Vente,"51000,00",324.0,AV,5300,DE LAON,51100.0,REIMS,51,454,AM,672,2,2.0,Appartement,45.0,2.0
1744933,24/09/2018,Vente,"66000,00",17.0,RUE,4650,HUGUES KRAFFT,51100.0,REIMS,51,454,AM,570,2,2.0,Appartement,64.0,4.0
1744947,27/09/2018,Vente,"105500,00",40.0,RUE,7710,RUINART DE BRIMONT,51100.0,REIMS,51,454,CW,716,1,2.0,Appartement,49.0,1.0
1744972,18/09/2018,Vente,"195000,00",7.0,BD,2830,DIEU LUMIERE,51100.0,REIMS,51,454,DM,638,2,2.0,Appartement,81.0,4.0
1744975,25/09/2018,Vente,"310000,00",44.0,RUE,3370,DE L ESPERANCE,51100.0,REIMS,51,454,DO,27,0,2.0,Appartement,16.0,1.0
1744976,25/09/2018,Vente,"310000,00",44.0,RUE,3370,DE L ESPERANCE,51100.0,REIMS,51,454,DO,27,0,2.0,Appartement,21.0,1.0
1744977,25/09/2018,Vente,"310000,00",44.0,RUE,3370,DE L ESPERANCE,51100.0,REIMS,51,454,DO,27,0,2.0,Appartement,17.0,1.0
1744978,25/09/2018,Vente,"310000,00",44.0,RUE,3370,DE L ESPERANCE,51100.0,REIMS,51,454,DO,27,0,2.0,Appartement,25.0,1.0
1744979,25/09/2018,Vente,"310000,00",44.0,RUE,3370,DE L ESPERANCE,51100.0,REIMS,51,454,DO,27,0,2.0,Appartement,26.0,1.0
1744980,25/09/2018,Vente,"310000,00",44.0,RUE,3370,DE L ESPERANCE,51100.0,REIMS,51,454,DO,27,0,2.0,Appartement,13.0,1.0
1744981,25/09/2018,Vente,"310000,00",44.0,RUE,3370,DE L ESPERANCE,51100.0,REIMS,51,454,DO,27,0,2.0,Appartement,17.0,1.0
1744982,25/09/2018,Vente,"310000,00",44.0,RUE,3370,DE L ESPERANCE,51100.0,REIMS,51,454,DO,27,0,2.0,Appartement,24.0,1.0
1744983,19/09/2018,Vente,"145000,00",13.0,RUE,4120,GOIOT,51100.0,REIMS,51,454,CZ,607,2,2.0,Appartement,84.0,4.0
1744990,26/09/2018,Vente,"94000,00",18.0,CRS,4850,J B LANGLET,51100.0,REIMS,51,454,IL,501,1,2.0,Appartement,21.0,1.0
1744992,26/09/2018,Vente,"289500,00",24.0,RUE,3150,DE L ECU,51100.0,REIMS,51,454,CW,653,2,2.0,Appartement,94.0,4.0
1744994,04/10/2018,Vente,"68500,00",32.0,RUE,6580,DE LA NOUE SAINT ANTOINE,51100.0,REIMS,51,454,AR,129,2,2.0,Appartement,47.0,2.0
1745001,25/09/2018,Vente,"95000,00",14.0,RUE,7015,PIERRE DE COUBERTIN,51100.0,REIMS,51,454,AE,292,2,2.0,Appartement,72.0,4.0
1745004,21/09/2018,Vente,"97500,00",37.0,BD,3950,DU GENERAL LECLERC,51100.0,REIMS,51,454,IM,400,2,2.0,Appartement,37.0,3.0
1745005,03/10/2018,Vente,"118900,00",30.0,RUE,2740,DERODE,51100.0,REIMS,51,454,BI,150,2,2.0,Appartement,51.0,3.0
1745006,01/10/2018,Vente,"198500,00",24.0,RUE,4880,JEAN DE LA FONTAINE,51100.0,REIMS,51,454,CV,459,0,2.0,Appartement,24.0,1.0
1745007,01/10/2018,Vente,"198500,00",24.0,RUE,4880,JEAN DE LA FONTAINE,51100.0,REIMS,51,454,CV,459,0,2.0,Appartement,17.0,1.0
1745008,01/10/2018,Vente,"198500,00",24.0,RUE,4880,JEAN DE LA FONTAINE,51100.0,REIMS,51,454,CV,459,0,2.0,Appartement,14.0,1.0
1745009,01/10/2018,Vente,"198500,00",24.0,RUE,4880,JEAN DE LA FONTAINE,51100.0,REIMS,51,454,CV,459,0,2.0,Appartement,19.0,1.0
1745010,01/10/2018,Vente,"198500,00",24.0,RUE,4880,JEAN DE LA FONTAINE,51100.0,REIMS,51,454,CV,459,0,2.0,Appartement,20.0,1.0
1745011,01/10/2018,Vente,"198500,00",24.0,RUE,4880,JEAN DE LA FONTAINE,51100.0,REIMS,51,454,CV,459,0,2.0,Appartement,15.0,1.0
1745013,24/09/2018,Vente,"50000,00",30.0,RUE,7010,PIERRE BROSSOLETTE,51100.0,REIMS,51,454,AV,416,1,2.0,Appartement,29.0,1.0
1745018,05/10/2018,Vente,"385000,00",11.0,RUE,7860,SAINT HILAIRE,51100.0,REIMS,51,454,BE,230,0,2.0,Appartement,45.0,2.0
1745019,05/10/2018,Vente,"385000,00",11.0,RUE,7860,SAINT HILAIRE,51100.0,REIMS,51,454,BE,230,0,2.0,Appartement,131.0,5.0
1745027,20/09/2018,Vente,"109000,00",43.0,ESP,3590,FLECHAMBAULT,51100.0,REIMS,51,454,DM,631,2,2.0,Appartement,73.0,3.0
1745042,01/10/2018,Vente,"245550,00",27.0,BD,6690,DE LA PAIX,51100.0,REIMS,51,454,CK,128,2,2.0,Appartement,141.0,6.0
1745044,01/10/2018,Vente,"245550,00",27.0,BD,6690,DE LA PAIX,51100.0,REIMS,51,454,CK,128,1,2.0,Appartement,88.0,4.0
1745055,01/10/2018,Vente,"66000,00",40.0,RUE,7710,RUINART DE BRIMONT,51100.0,REIMS,51,454,CW,716,1,2.0,Appartement,30.0,1.0
1745056,01/10/2018,Vente,"70000,00",40.0,RUE,7710,RUINART DE BRIMONT,51100.0,REIMS,51,454,CW,716,1,2.0,Appartement,51.0,1.0
1745060,01/10/2018,Vente,"122500,00",1.0,RUE,4545,HENRI ROYER,51100.0,REIMS,51,454,HV,978,2,2.0,Appartement,81.0,4.0
1745061,27/09/2018,Vente,"89800,00",134.0,RUE,7010,PIERRE BROSSOLETTE,51100.0,REIMS,51,454,AO,739,2,2.0,Appartement,52.0,2.0
1745063,03/10/2018,Vente,"280000,00",25.0,RUE,8500,DE TALLEYRAND,51100.0,REIMS,51,454,IL,229,1,2.0,Appartement,101.0,4.0
1745066,26/09/2018,Vente,"84200,00",134.0,RUE,7010,PIERRE BROSSOLETTE,51100.0,REIMS,51,454,AO,739,2,2.0,Appartement,52.0,2.0
1745068,28/09/2018,Vente en l'état futur d'achèvement,"98000,00",7.0,RUE,0400,ARMONVILLE,51100.0,REIMS,51,454,CZ,678,1,2.0,Appartement,24.0,1.0
1745070,04/10/2018,Vente,"110000,00",59.0,BD,2930,DOCTEUR HENRI HENROT,51100.0,REIMS,51,454,DM,239,2,2.0,Appartement,79.0,4.0
1745071,02/10/2018,Vente,"80400,00",26.0,RUE,8480,DE TAISSY,51100.0,REIMS,51,454,DK,235,2,2.0,Appartement,45.0,2.0
1745084,28/09/2018,Vente,"329500,00",2.0,RUE,4730,DES JACOBINS,51100.0,REIMS,51,454,IK,95,2,2.0,Appartement,103.0,4.0
1745091,08/10/2018,Vente,"110000,00",3.0,RUE,4690,IRENEE LELIEVRE,51100.0,REIMS,51,454,HZ,200,1,2.0,Appartement,38.0,2.0
1745093,28/09/2018,Vente en l'état futur d'achèvement,"221000,00",,RUE,5891,MARCEL THIL,51100.0,REIMS,51,454,AV,1082,1,2.0,Appartement,68.0,3.0
1745094,02/10/2018,Vente,"100350,00",153.0,AV,5300,DE LAON,51100.0,REIMS,51,454,AV,1086,2,2.0,Appartement,63.0,2.0
1745106,02/10/2018,Vente,"155000,00",6.0,RUE,3100,DE L ECAILLE,51100.0,REIMS,51,454,DM,629,2,2.0,Appartement,89.0,4.0
1745110,01/10/2018,Vente,"73500,00",61.0,RUE,6940,PETIT HUTIN,51100.0,REIMS,51,454,CL,398,3,2.0,Appartement,33.0,2.0
1745112,03/10/2018,Vente,"93000,00",22.0,RUE,6720,DE PARGNY,51100.0,REIMS,51,454,HW,390,1,2.0,Appartement,44.0,2.0
1745116,21/09/2018,Vente,"229750,00",24.0,BD,2800,DIANCOURT,51100.0,REIMS,51,454,DE,25,2,2.0,Appartement,113.0,5.0
1745135,28/09/2018,Vente,"225000,00",18.0,BD,6690,DE LA PAIX,51100.0,REIMS,51,454,CX,561,2,2.0,Appartement,80.0,3.0
1745145,04/10/2018,Vente,"136000,00",35.0,BD,3640,FOCH,51100.0,REIMS,51,454,IL,472,2,2.0,Appartement,47.0,2.0
1745151,02/10/2018,Vente,"118000,00",51.0,RUE,7710,RUINART DE BRIMONT,51100.0,REIMS,51,454,CW,422,2,2.0,Appartement,44.0,2.0
1745158,10/10/2018,Vente,"102000,00",82.0,AV,4010,GEORGES CLEMENCEAU,51100.0,REIMS,51,454,CL,690,2,2.0,Appartement,66.0,3.0
1745163,01/10/2018,Vente,"98000,00",24.0,RUE,5780,DE LA MAGDELEINE,51100.0,REIMS,51,454,IM,255,1,2.0,Appartement,44.0,1.0
1745170,28/09/2018,Vente,"131000,00",36.0,ALL,4337,GUY DE MAUPASSANT,51100.0,REIMS,51,454,HK,1287,1,2.0,Appartement,83.0,4.0
1745173,02/10/2018,Vente,"118000,00",2.0,RUE,4150,GOSSET,51100.0,REIMS,51,454,BD,99,1,2.0,Appartement,69.0,3.0
1745176,01/10/2018,Vente,"102000,00",4.0,RUE,0035,DE L ADRIATIQUE,51100.0,REIMS,51,454,CN,577,2,2.0,Appartement,113.0,5.0
1745178,20/09/2018,Vente,"89000,00",232.0,AV,5300,DE LAON,51100.0,REIMS,51,454,AX,455,1,2.0,Appartement,36.0,2.0
1745180,28/09/2018,Vente,"240715,00",444.0,AV,5300,DE LAON,51100.0,REIMS,51,454,AE,270,0,2.0,Appartement,62.0,3.0
1745181,28/09/2018,Vente,"240715,00",444.0,AV,5300,DE LAON,51100.0,REIMS,51,454,AE,270,0,2.0,Appartement,27.0,1.0
1745182,28/09/2018,Vente,"240715,00",444.0,AV,5300,DE LAON,51100.0,REIMS,51,454,AE,270,0,2.0,Appartement,21.0,1.0
1745183,28/09/2018,Vente,"240715,00",444.0,AV,5300,DE LAON,51100.0,REIMS,51,454,AE,270,0,2.0,Appartement,58.0,3.0
1745184,28/09/2018,Vente,"240715,00",444.0,AV,5300,DE LAON,51100.0,REIMS,51,454,AE,270,0,2.0,Appartement,52.0,2.0
1745185,28/09/2018,Vente,"120000,00",39.0,RUE,6940,PETIT HUTIN,51100.0,REIMS,51,454,CL,429,1,2.0,Appartement,70.0,4.0
1745186,28/09/2018,Vente,"120000,00",39.0,RUE,6940,PETIT HUTIN,51100.0,REIMS,51,454,CL,429,1,2.0,Appartement,48.0,2.0
1745188,04/10/2018,Vente,"191000,00",15.0,RUE,1360,CAMILLE LENOIR,51100.0,REIMS,51,454,BH,305,1,2.0,Appartement,65.0,3.0
1745190,20/09/2018,Vente,"104000,00",16.0,RUE,7015,PIERRE DE COUBERTIN,51100.0,REIMS,51,454,AE,292,2,2.0,Appartement,72.0,4.0
1745193,05/10/2018,Vente,"117000,00",71.0,RUE,8950,DE VENISE,51100.0,REIMS,51,454,CY,440,2,2.0,Appartement,46.0,3.0
1745206,08/10/2018,Vente,"78000,00",15.0,RUE,7015,PIERRE DE COUBERTIN,51100.0,REIMS,51,454,AE,110,2,2.0,Appartement,90.0,5.0
1745207,05/10/2018,Vente,"225000,00",20.0,RUE,2120,COLBERT,51100.0,REIMS,51,454,BE,281,2,2.0,Appartement,68.0,4.0
1745208,26/09/2018,Vente,"178300,00",6.0,RUE,3100,DE L ECAILLE,51100.0,REIMS,51,454,DM,629,2,2.0,Appartement,89.0,4.0
1745210,19/09/2018,Vente,"75000,00",14.0,RUE,4100,DES GOBELINS,51100.0,REIMS,51,454,CV,582,1,2.0,Appartement,45.0,2.0
1745211,03/10/2018,Vente,"95000,00",21.0,RUE,3280,EMILE ZOLA,51100.0,REIMS,51,454,AW,540,1,2.0,Appartement,60.0,3.0
1745224,08/10/2018,Vente,"78000,00",30.0,BD,9070,VICTOR HUGO,51100.0,REIMS,51,454,CZ,194,2,2.0,Appartement,37.0,2.0
1745225,26/09/2018,Vente,"128000,00",,RUE,1170,BRANLY,51100.0,REIMS,51,454,HW,420,2,2.0,Appartement,55.0,2.0
1745228,02/10/2018,Vente,"130000,00",3.0,AV,4010,GEORGES CLEMENCEAU,51100.0,REIMS,51,454,CK,29,2,2.0,Appartement,59.0,3.0
1745239,05/09/2018,Vente,"746900,00",19.0,RUE,8900,DE L UNIVERSITE,51100.0,REIMS,51,454,CX,293,1,2.0,Appartement,188.0,5.0
1745241,04/10/2018,Vente,"149000,00",15.0,RUE,0950,BLAVIER,51100.0,REIMS,51,454,AX,763,4,2.0,Appartement,117.0,4.0
1745248,19/10/2018,Vente,"147900,00",2.0,BD,1510,CARTERET,51100.0,REIMS,51,454,CW,303,2,2.0,Appartement,106.0,4.0
1745278,03/10/2018,Vente,"99000,00",3.0,RUE,1710,DE CHAMPIGNY,51100.0,REIMS,51,454,AR,321,2,2.0,Appartement,70.0,2.0
1745309,08/10/2018,Vente,"84691,00",5.0,RUE,7070,DU PISTOLET,51100.0,REIMS,51,454,DM,632,2,2.0,Appartement,28.0,1.0
1745315,01/10/2018,Vente,"94000,00",26.0,RUE,8430,DE STRASBOURG,51100.0,REIMS,51,454,CV,950,2,2.0,Appartement,40.0,2.0
1745317,05/10/2018,Vente,"124300,00",14.0,AV,3455,DE L EUROPE,51100.0,REIMS,51,454,CN,577,2,2.0,Appartement,91.0,4.0
1745322,08/10/2018,Vente,"80000,00",12.0,RUE,2480,DES COUTURES,51100.0,REIMS,51,454,CK,60,2,2.0,Appartement,46.0,2.0
1745339,04/10/2018,Vente,"136000,00",86.0,RUE,1390,DES CAPUCINS,51100.0,REIMS,51,454,IK,278,3,2.0,Appartement,50.0,2.0
1745340,08/10/2018,Vente,"100500,00",51.0,RUE,2290,COQUEBERT,51100.0,REIMS,51,454,BH,496,1,2.0,Appartement,55.0,2.0
1745343,09/10/2018,Vente,"133000,00",27.0,RUE,5840,MALDAN,51100.0,REIMS,51,454,AR,965,2,2.0,Appartement,56.0,3.0
1745344,10/10/2018,Vente,"130700,00",8.0,RUE,1880,CHAVAILLIAUD,51100.0,REIMS,51,454,CV,606,1,2.0,Appartement,41.0,2.0
1745345,10/10/2018,Vente,"130700,00",8.0,RUE,1880,CHAVAILLIAUD,51100.0,REIMS,51,454,CV,606,1,2.0,Appartement,34.0,2.0
1745359,08/10/2018,Vente,"61000,00",40.0,RUE,7710,RUINART DE BRIMONT,51100.0,REIMS,51,454,CW,716,1,2.0,Appartement,26.0,1.0
1745362,08/10/2018,Vente,"245500,00",51.0,RUE,2290,COQUEBERT,51100.0,REIMS,51,454,BH,496,1,2.0,Appartement,170.0,3.0
1745368,04/10/2018,Vente,"59076,00",1.0,RUE,9260,WERLE,51100.0,REIMS,51,454,BH,530,1,2.0,Appartement,21.0,1.0
1745371,04/10/2018,Vente en l'état futur d'achèvement,"174000,00",7.0,RUE,0400,ARMONVILLE,51100.0,REIMS,51,454,CZ,678,1,2.0,Appartement,47.0,2.0
1745372,18/10/2018,Vente,"174000,00",7.0,RUE,5650,DE LOUVOIS,51100.0,REIMS,51,454,DL,141,1,2.0,Appartement,99.0,4.0
1745374,24/09/2018,Vente,"90500,00",117.0,RUE,3570,DE FISMES,51100.0,REIMS,51,454,AR,802,1,2.0,Appartement,51.0,3.0
1745377,12/10/2018,Vente,"45500,00",66.0,RUE,9040,DE VESLE,51100.0,REIMS,51,454,IM,119,1,2.0,Appartement,14.0,1.0
1745385,15/10/2018,Vente,"350000,00",10.0,RUE,3140,DE L ECREVISSE,51100.0,REIMS,51,454,IL,485,2,2.0,Appartement,124.0,5.0
1745388,04/10/2018,Vente,"185250,00",23.0,RUE,8270,DE SEBASTOPOL,51100.0,REIMS,51,454,BI,734,1,2.0,Appartement,73.0,3.0
1745389,09/10/2018,Vente,"203000,00",192.0,RUE,9040,DE VESLE,51100.0,REIMS,51,454,IN,36,1,2.0,Appartement,90.0,3.0
1745394,09/10/2018,Vente,"69000,00",3.0,RUE,7010,PIERRE BROSSOLETTE,51100.0,REIMS,51,454,AR,225,2,2.0,Appartement,35.0,2.0
1745408,17/10/2018,Vente,"230000,00",42.0,RUE,5920,M CLEMENCE FOURIAUX,51100.0,REIMS,51,454,AV,297,0,2.0,Appartement,47.0,3.0
1745409,17/10/2018,Vente,"230000,00",42.0,RUE,5920,M CLEMENCE FOURIAUX,51100.0,REIMS,51,454,AV,297,0,2.0,Appartement,39.0,2.0
1745410,17/10/2018,Vente,"230000,00",42.0,RUE,5920,M CLEMENCE FOURIAUX,51100.0,REIMS,51,454,AV,297,0,2.0,Appartement,47.0,3.0
1745413,02/10/2018,Vente,"53000,00",38.0,RUE,2570,CROUTELLE,51100.0,REIMS,51,454,AV,111,1,2.0,Appartement,30.0,2.0
1745416,05/10/2018,Vente,"158000,00",43.0,RUE,6740,PASSE DEMOISELLES,51100.0,REIMS,51,454,HY,152,1,2.0,Appartement,69.0,3.0
1745418,10/10/2018,Vente,"80000,00",32.0,RUE,3000,DOCTEUR THOMAS,51100.0,REIMS,51,454,AW,548,1,2.0,Appartement,26.0,1.0
1745423,10/10/2018,Vente,"130000,00",35.0,BD,2930,DOCTEUR HENRI HENROT,51100.0,REIMS,51,454,DM,663,2,2.0,Appartement,78.0,4.0
1745428,10/10/2018,Vente,"170000,00",60.0,PL,3040,DROUET D ERLON,51100.0,REIMS,51,454,IL,337,1,2.0,Appartement,57.0,2.0
1745430,12/10/2018,Vente,"88000,00",1.0,RUE,0108,ALFRED DE VIGNY,51100.0,REIMS,51,454,AD,566,2,2.0,Appartement,58.0,3.0
1745437,24/10/2018,Vente,"45000,00",46.0,RUE,2290,COQUEBERT,51100.0,REIMS,51,454,BI,557,1,2.0,Appartement,25.0,1.0
1745438,27/09/2018,Vente,"30000,00",4.0,RUE,1270,BRULART,51100.0,REIMS,51,454,CZ,266,1,2.0,Appartement,50.0,1.0
1745440,12/10/2018,Vente en l'état futur d'achèvement,"165000,00",7.0,RUE,0400,ARMONVILLE,51100.0,REIMS,51,454,CZ,678,1,2.0,Appartement,42.0,2.0
1745441,10/10/2018,Vente,"61500,00",54.0,RUE,1830,CHARLIER,51100.0,REIMS,51,454,BI,97,2,2.0,Appartement,26.0,1.0
1745443,10/10/2018,Vente,"175400,00",2.0,RUE,8603,THEODORE GERICAULT,51100.0,REIMS,51,454,AE,296,2,2.0,Appartement,88.0,4.0
1745447,09/10/2018,Vente,"50000,00",135.0,RUE,2440,DE COURLANCY,51100.0,REIMS,51,454,HY,161,1,2.0,Appartement,25.0,1.0
1745453,24/09/2018,Vente,"232000,00",30.0,RUE,6080,MAUCROIX,51100.0,REIMS,51,454,AT,57,0,2.0,Appartement,40.0,3.0
1745454,24/09/2018,Vente,"232000,00",30.0,RUE,6080,MAUCROIX,51100.0,REIMS,51,454,AT,57,0,2.0,Appartement,50.0,3.0
1745456,24/09/2018,Vente,"232000,00",30.0,RUE,6080,MAUCROIX,51100.0,REIMS,51,454,AT,57,0,2.0,Appartement,50.0,2.0
1745457,05/10/2018,Vente,"90000,00",39.0,RUE,6940,PETIT HUTIN,51100.0,REIMS,51,454,CL,429,2,2.0,Appartement,47.0,2.0
1745467,05/10/2018,Vente,"177100,00",8.0,RUE,8297,DES SERGIERS,51100.0,REIMS,51,454,CT,533,1,2.0,Appartement,70.0,3.0
1745470,24/10/2018,Vente,"45000,00",46.0,RUE,2290,COQUEBERT,51100.0,REIMS,51,454,BI,557,1,2.0,Appartement,25.0,1.0
1745471,24/10/2018,Vente,"45000,00",46.0,RUE,2290,COQUEBERT,51100.0,REIMS,51,454,BI,557,1,2.0,Appartement,27.0,1.0
1745479,08/10/2018,Vente en l'état futur d'achèvement,"128000,00",215.0,RUE,6470,DE NEUFCHATEL,51100.0,REIMS,51,454,AH,79,1,2.0,Appartement,64.0,3.0
1745481,10/10/2018,Vente,"110000,00",17.0,RUE,1730,CHANTERAINE,51100.0,REIMS,51,454,DM,634,2,2.0,Appartement,67.0,3.0
1745482,05/10/2018,Vente,"122200,00",271.0,AV,5300,DE LAON,51100.0,REIMS,51,454,AN,695,2,2.0,Appartement,48.0,2.0
1745493,18/10/2018,Vente,"44750,00",21.0,AV,4455,HENRI FARMAN,51100.0,REIMS,51,454,DH,90,1,2.0,Appartement,17.0,1.0
1745511,09/10/2018,Vente,"120000,00",5.0,RUE,4690,IRENEE LELIEVRE,51100.0,REIMS,51,454,HZ,10,2,2.0,Appartement,48.0,2.0
1745513,01/10/2018,Vente,"210000,00",11.0,PL,1770,DU CHAPITRE,51100.0,REIMS,51,454,CX,28,2,2.0,Appartement,74.0,3.0
1745517,10/09/2018,Vente,"150000,00",19.0,AV,3320,D EPERNAY,51100.0,REIMS,51,454,DP,460,2,2.0,Appartement,90.0,4.0
1745521,12/10/2018,Vente,"228900,00",9.0,RUE,4310,GUILLAUME DE MACHAULT,51100.0,REIMS,51,454,CX,13,1,2.0,Appartement,80.0,2.0
1745523,10/10/2018,Vente en l'état futur d'achèvement,"210000,00",37.0,RUE,1670,DU CHAMP DE MARS,51100.0,REIMS,51,454,BD,16,1,2.0,Appartement,50.0,2.0
1745525,01/10/2018,Vente,"240570,00",72.0,RUE,7160,PONSARDIN,51100.0,REIMS,51,454,CX,554,4,2.0,Appartement,134.0,4.0
1745531,11/10/2018,Vente,"94600,00",3.0,RUE,4000,GEORGES CHARBONNEAUX,51100.0,REIMS,51,454,AY,34,2,2.0,Appartement,54.0,3.0
1745534,10/10/2018,Vente en l'état futur d'achèvement,"264500,00",37.0,RUE,1670,DU CHAMP DE MARS,51100.0,REIMS,51,454,BD,16,1,2.0,Appartement,63.0,2.0
1745550,18/10/2018,Vente,"6000,00",28.0,RUE,4050,GERBERT,51100.0,REIMS,51,454,CY,693,1,2.0,Appartement,93.0,4.0
1745553,12/10/2018,Vente,"65000,00",40.0,RUE,7710,RUINART DE BRIMONT,51100.0,REIMS,51,454,CW,716,1,2.0,Appartement,27.0,1.0
1745554,15/10/2018,Vente,"128000,00",9.0,ALL,1725,CH NICOLAS ROLAND,51100.0,REIMS,51,454,DM,239,2,2.0,Appartement,69.0,3.0
1745555,12/10/2018,Vente,"84000,00",40.0,RUE,7710,RUINART DE BRIMONT,51100.0,REIMS,51,454,CW,716,1,2.0,Appartement,39.0,1.0
1745567,11/10/2018,Vente en l'état futur d'achèvement,"96009,00",6.0,RUE,8090,SAINT THIERRY,51100.0,REIMS,51,454,AV,1097,1,2.0,Appartement,23.0,1.0
1745568,12/10/2018,Vente,"125000,00",10.0,RUE,4120,GOIOT,51100.0,REIMS,51,454,CZ,695,1,2.0,Appartement,64.0,1.0
1745573,12/10/2018,Vente,"58000,00",10.0,RUE,0254,ANDRE FAIVRE,51100.0,REIMS,51,454,KP,16,1,2.0,Appartement,41.0,1.0
1745582,25/10/2018,Vente,"115000,00",23.0,RUE,0910,DE BEZANNES,51100.0,REIMS,51,454,HW,66,1,2.0,Appartement,50.0,3.0
1745584,16/10/2018,Vente,"60000,00",40.0,RUE,7710,RUINART DE BRIMONT,51100.0,REIMS,51,454,CW,716,1,2.0,Appartement,29.0,1.0
1745600,13/10/2018,Vente,"82000,00",43.0,RUE,6740,PASSE DEMOISELLES,51100.0,REIMS,51,454,HY,152,1,2.0,Appartement,24.0,1.0
1745608,28/09/2018,Vente,"116500,00",24.0,RUE,1860,DU CHATELET,51100.0,REIMS,51,454,DM,458,2,2.0,Appartement,64.0,3.0
1745609,23/10/2018,Vente,"46000,00",60.0,RUE,5920,M CLEMENCE FOURIAUX,51100.0,REIMS,51,454,AV,954,1,2.0,Appartement,16.0,1.0
1745610,23/10/2018,Vente,"46000,00",60.0,RUE,5920,M CLEMENCE FOURIAUX,51100.0,REIMS,51,454,AV,954,1,2.0,Appartement,21.0,1.0
1745635,10/10/2018,Vente,"246000,00",9.0,RUE,3210,DES ELUS,51100.0,REIMS,51,454,IL,503,1,2.0,Appartement,92.0,3.0
1745637,16/10/2018,Vente,"108800,00",7.0,ESP,7433,REMI PELLOT,51100.0,REIMS,51,454,AN,169,1,2.0,Appartement,62.0,2.0
1745649,12/10/2018,Vente,"77000,00",5.0,RUE,8720,TOURNEBONNEAU,51100.0,REIMS,51,454,DM,628,1,2.0,Appartement,30.0,1.0
1745651,15/10/2018,Vente,"342920,00",25.0,RUE,8570,DU TEMPLE,51100.0,REIMS,51,454,BE,447,2,2.0,Appartement,105.0,3.0
1745652,05/10/2018,Vente,"119000,00",33.0,RUE,0600,DU BARBATRE,51100.0,REIMS,51,454,CY,213,2,2.0,Appartement,90.0,2.0
1745654,16/10/2018,Vente,"251000,00",3.0,RUE,8290,16E ET 22E DRAGONS,51100.0,REIMS,51,454,CK,17,2,2.0,Appartement,130.0,6.0
1745659,03/10/2018,Vente,"121510,00",63.0,RUE,1640,DU CHALET,51100.0,REIMS,51,454,BK,436,2,2.0,Appartement,109.0,5.0
1745660,23/10/2018,Vente,"292000,00",52.0,PL,3040,DROUET D ERLON,51100.0,REIMS,51,454,IL,337,4,2.0,Appartement,115.0,4.0
1745671,12/10/2018,Vente en l'état futur d'achèvement,"266500,00",,RUE,5891,MARCEL THIL,51100.0,REIMS,51,454,AV,1082,1,2.0,Appartement,70.0,3.0
1745677,05/10/2018,Vente,"60000,00",15.0,PL,8711,TOULOUSE LAUTREC,51100.0,REIMS,51,454,KR,29,2,2.0,Appartement,30.0,1.0
1745681,19/10/2018,Vente,"99000,00",27.0,RUE,3770,FRANCOIS DOR,51100.0,REIMS,51,454,HW,390,1,2.0,Appartement,54.0,2.0
1745682,12/10/2018,Vente,"62000,00",12.0,BD,2830,DIEU LUMIERE,51100.0,REIMS,51,454,DK,269,2,2.0,Appartement,33.0,1.0
1745684,12/10/2018,Vente en l'état futur d'achèvement,"241000,00",,RUE,5891,MARCEL THIL,51100.0,REIMS,51,454,AV,1091,1,2.0,Appartement,70.0,3.0
1745686,05/10/2018,Vente,"75000,00",143.0,RUE,2440,DE COURLANCY,51100.0,REIMS,51,454,HY,38,1,2.0,Appartement,33.0,1.0
1745687,19/10/2018,Vente,"146500,00",14.0,RUE,2310,COQUILLARD,51100.0,REIMS,51,454,CZ,599,3,2.0,Appartement,91.0,4.0
1745690,18/10/2018,Vente,"100000,00",40.0,RUE,7710,RUINART DE BRIMONT,51100.0,REIMS,51,454,CW,716,1,2.0,Appartement,43.0,1.0
1745692,09/10/2018,Vente,"110000,00",13.0,RUE,8670,DE TINQUEUX,51100.0,REIMS,51,454,IO,391,1,2.0,Appartement,64.0,4.0
1745694,29/10/2018,Vente,"135000,00",100.0,AV,4010,GEORGES CLEMENCEAU,51100.0,REIMS,51,454,CL,875,2,2.0,Appartement,88.0,4.0
1745699,22/10/2018,Vente en l'état futur d'achèvement,"253500,00",,RUE,5891,MARCEL THIL,51100.0,REIMS,51,454,AV,1091,1,2.0,Appartement,70.0,3.0
1745700,15/10/2018,Vente,"103500,00",10.0,RUE,4120,GOIOT,51100.0,REIMS,51,454,CZ,695,1,2.0,Appartement,61.0,1.0
1745706,18/10/2018,Vente,"80500,00",1.0,RUE,8260,SCULPTEURS JACQUES,51100.0,REIMS,51,454,HW,278,1,2.0,Appartement,55.0,3.0
1745707,04/10/2018,Vente,"78000,00",10.0,RUE,4120,GOIOT,51100.0,REIMS,51,454,CZ,695,1,2.0,Appartement,40.0,1.0
1745714,30/10/2018,Vente,"55000,00",7.0,RUE,0200,D ALSACE LORRAINE,51100.0,REIMS,51,454,CT,125,1,2.0,Appartement,21.0,1.0
1745715,26/10/2018,Vente,"860000,00",9.0,RUE,4730,DES JACOBINS,51100.0,REIMS,51,454,IK,107,1,2.0,Appartement,269.0,7.0
1745716,22/10/2018,Vente,"52500,00",1.0,RUE,5360,LEGENDRE,51100.0,REIMS,51,454,BE,81,1,2.0,Appartement,18.0,2.0
1745721,19/10/2018,Vente,"44700,00",3.0,RUE,4545,HENRI ROYER,51100.0,REIMS,51,454,HV,978,2,2.0,Appartement,29.0,1.0
1745723,19/10/2018,Vente,"95600,00",113.0,RUE,9040,DE VESLE,51100.0,REIMS,51,454,IK,1347,1,2.0,Appartement,29.0,1.0
1745730,25/10/2018,Vente,"90000,00",179.0,AV,5300,DE LAON,51100.0,REIMS,51,454,AV,819,1,2.0,Appartement,31.0,2.0
1745731,25/10/2018,Vente,"90000,00",179.0,AV,5300,DE LAON,51100.0,REIMS,51,454,AV,819,1,2.0,Appartement,20.0,2.0
1745732,25/10/2018,Vente,"57000,00",36.0,RUE,7710,RUINART DE BRIMONT,51100.0,REIMS,51,454,CW,111,1,2.0,Appartement,30.0,1.0
1745734,17/10/2018,Vente,"95000,00",20.0,RUE,2840,DIEU LUMIERE,51100.0,REIMS,51,454,DM,641,1,2.0,Appartement,41.0,2.0
1745741,25/10/2018,Vente,"107000,00",134.0,RUE,7010,PIERRE BROSSOLETTE,51100.0,REIMS,51,454,AO,739,1,2.0,Appartement,63.0,3.0
1745780,10/10/2018,Vente,"100000,00",1.0,AV,7295,DU PRESIDENT KENNEDY,51100.0,REIMS,51,454,KN,16,2,2.0,Appartement,66.0,3.0
1745786,22/10/2018,Vente en l'état futur d'achèvement,"178000,00",40.0,RUE,7790,DE ST BRICE,51100.0,REIMS,51,454,AT,247,1,2.0,Appartement,46.0,2.0
1745790,26/10/2018,Vente,"63850,00",24.0,RUE,4440,HENRI BARBUSSE,51100.0,REIMS,51,454,CL,225,2,2.0,Appartement,49.0,2.0
1745792,25/10/2018,Vente,"69600,00",2.0,RUE,1980,DE CLAIRMARAIS,51100.0,REIMS,51,454,AT,210,1,2.0,Appartement,48.0,2.0
1745794,22/10/2018,Vente,"82500,00",16.0,RUE,1460,DES CARMES,51100.0,REIMS,51,454,CY,626,1,2.0,Appartement,30.0,1.0
1745796,22/10/2018,Vente,"83800,00",23.0,RUE,2170,DU COLONEL FABIEN,51100.0,REIMS,51,454,HZ,89,1,2.0,Appartement,30.0,1.0
1745810,16/10/2018,Vente,"119000,00",56.0,RUE,4740,JACQUART,51100.0,REIMS,51,454,BI,569,2,2.0,Appartement,60.0,3.0
1745811,24/10/2018,Vente,"210000,00",16.0,RUE,0700,DE BELFORT,51100.0,REIMS,51,454,CW,392,0,2.0,Appartement,49.0,3.0
1745812,24/10/2018,Vente,"210000,00",16.0,RUE,0700,DE BELFORT,51100.0,REIMS,51,454,CW,392,0,2.0,Appartement,54.0,3.0
1745813,24/10/2018,Vente,"210000,00",16.0,RUE,0700,DE BELFORT,51100.0,REIMS,51,454,CW,392,0,2.0,Appartement,54.0,3.0
1745819,15/10/2018,Vente,"43000,00",275.0,AV,5300,DE LAON,51100.0,REIMS,51,454,AN,145,1,2.0,Appartement,62.0,4.0
1745821,12/10/2018,Vente en l'état futur d'achèvement,"150000,00",37.0,RUE,1670,DU CHAMP DE MARS,51100.0,REIMS,51,454,BD,16,1,2.0,Appartement,44.0,2.0
1745824,12/10/2018,Vente en l'état futur d'achèvement,"264500,00",37.0,RUE,1670,DU CHAMP DE MARS,51100.0,REIMS,51,454,BD,16,1,2.0,Appartement,63.0,3.0
1745829,15/10/2018,Vente,"74800,00",331.0,AV,5300,DE LAON,51100.0,REIMS,51,454,AN,654,2,2.0,Appartement,79.0,4.0
1745831,31/10/2018,Vente,"107900,00",15.0,RUE,2760,DESBUREAUX,51100.0,REIMS,51,454,AL,419,2,2.0,Appartement,79.0,4.0
1745832,31/10/2018,Vente en l'état futur d'achèvement,"193000,00",37.0,RUE,1670,DU CHAMP DE MARS,51100.0,REIMS,51,454,BD,16,1,2.0,Appartement,50.0,2.0
1745834,19/10/2018,Vente,"110000,00",39.0,RUE,1590,DE CERNAY,51100.0,REIMS,51,454,CW,167,2,2.0,Appartement,50.0,3.0
1745841,15/10/2018,Vente,"35000,00",1.0,RUE,7230,DE POUILLON,51100.0,REIMS,51,454,AN,145,1,2.0,Appartement,59.0,3.0
1745842,15/10/2018,Vente,"35000,00",1.0,RUE,7230,DE POUILLON,51100.0,REIMS,51,454,AN,145,1,2.0,Appartement,35.0,1.0
1745856,18/10/2018,Vente,"230000,00",17.0,RUE,8500,DE TALLEYRAND,51100.0,REIMS,51,454,IL,174,1,2.0,Appartement,104.0,4.0
1745859,29/10/2018,Vente,"172000,00",87.0,RUE,6230,DU MONT D ARENE,51100.0,REIMS,51,454,AT,9,1,2.0,Appartement,66.0,3.0
1745862,29/10/2018,Vente,"110700,00",36.0,BD,4760,JAMIN,51100.0,REIMS,51,454,BI,705,2,2.0,Appartement,48.0,2.0
1745865,30/10/2018,Vente,"179500,00",3.0,RUE,1640,DU CHALET,51100.0,REIMS,51,454,BK,328,1,2.0,Appartement,96.0,4.0
1745867,29/10/2018,Vente,"98000,00",,RUE,1170,BRANLY,51100.0,REIMS,51,454,HW,420,2,2.0,Appartement,45.0,2.0
1745872,08/10/2018,Vente,"70000,00",161.0,RUE,1590,DE CERNAY,51100.0,REIMS,51,454,CV,1215,1,2.0,Appartement,17.0,1.0
1745873,08/10/2018,Vente,"70000,00",161.0,RUE,1590,DE CERNAY,51100.0,REIMS,51,454,CV,1215,1,2.0,Appartement,32.0,2.0
1745880,17/10/2018,Vente,"129000,00",48.0,RUE,5160,DE LA JUSTICE,51100.0,REIMS,51,454,BD,99,1,2.0,Appartement,85.0,4.0
1745882,23/10/2018,Vente,"53700,00",40.0,RUE,7710,RUINART DE BRIMONT,51100.0,REIMS,51,454,CW,716,1,2.0,Appartement,18.0,1.0
1745884,18/10/2018,Vente,"58000,00",4.0,RUE,0035,DE L ADRIATIQUE,51100.0,REIMS,51,454,CN,577,1,2.0,Appartement,56.0,2.0
1745885,16/10/2018,Vente,"145680,00",24.0,RUE,3360,ERNEST RENAN,51100.0,REIMS,51,454,AR,484,1,2.0,Appartement,26.0,1.0
1745886,16/10/2018,Vente,"145680,00",24.0,RUE,3360,ERNEST RENAN,51100.0,REIMS,51,454,AR,484,1,2.0,Appartement,60.0,3.0
1745887,16/10/2018,Vente,"145680,00",24.0,RUE,3360,ERNEST RENAN,51100.0,REIMS,51,454,AR,484,1,2.0,Appartement,36.0,1.0
1745888,16/10/2018,Vente,"145680,00",24.0,RUE,3360,ERNEST RENAN,51100.0,REIMS,51,454,AR,484,1,2.0,Appartement,26.0,1.0
1745889,16/10/2018,Vente,"145680,00",24.0,RUE,3360,ERNEST RENAN,51100.0,REIMS,51,454,AR,484,1,2.0,Appartement,26.0,1.0
1745897,31/10/2018,Vente,"274300,00",50.0,BD,4760,JAMIN,51100.0,REIMS,51,454,BI,288,3,2.0,Appartement,102.0,5.0
1745903,06/11/2018,Vente,"138000,00",8.0,RUE,7605,ROLAND DORGELES,51100.0,REIMS,51,454,AN,609,2,2.0,Appartement,75.0,3.0
1745906,24/10/2018,Vente,"280000,00",28.0,RUE,3850,GAMBETTA,51100.0,REIMS,51,454,IK,164,2,2.0,Appartement,100.0,4.0
1745907,24/10/2018,Vente,"160350,00",33.0,BD,7960,ST MARCEAUX,51100.0,REIMS,51,454,CK,98,2,2.0,Appartement,67.0,5.0
1745926,23/10/2018,Vente,"93000,00",3.0,RUE,1730,CHANTERAINE,51100.0,REIMS,51,454,DM,634,2,2.0,Appartement,67.0,3.0
1745984,25/10/2018,Vente,"75000,00",64.0,AV,4900,JEAN JAURES,51100.0,REIMS,51,454,CW,647,1,2.0,Appartement,42.0,2.0
1745987,23/10/2018,Vente,"130000,00",9.0,RUE,7420,REIMBEAU,51100.0,REIMS,51,454,AX,63,2,2.0,Appartement,98.0,5.0
1745992,16/10/2018,Vente,"185000,00",61.0,RUE,0330,ANTOINE GOUSSIEZ,51100.0,REIMS,51,454,AM,318,3,2.0,Appartement,97.0,5.0
1745994,18/10/2018,Vente,"410000,00",12.0,RUE,5540,LINGUET,51100.0,REIMS,51,454,BE,235,0,2.0,Appartement,60.0,3.0
1745995,18/10/2018,Vente,"410000,00",12.0,RUE,5540,LINGUET,51100.0,REIMS,51,454,BE,235,0,2.0,Appartement,56.0,3.0
1745996,18/10/2018,Vente,"410000,00",12.0,RUE,5540,LINGUET,51100.0,REIMS,51,454,BE,235,0,2.0,Appartement,40.0,2.0
1746004,19/10/2018,Vente,"243500,00",60.0,RUE,3000,DOCTEUR THOMAS,51100.0,REIMS,51,454,AW,277,0,2.0,Appartement,39.0,2.0
1746006,19/10/2018,Vente,"243500,00",60.0,RUE,3000,DOCTEUR THOMAS,51100.0,REIMS,51,454,AW,277,0,2.0,Appartement,42.0,3.0
1746007,19/10/2018,Vente,"243500,00",60.0,RUE,3000,DOCTEUR THOMAS,51100.0,REIMS,51,454,AW,277,0,2.0,Appartement,42.0,3.0
1746011,05/11/2018,Vente,"206350,00",60.0,RUE,2080,CLOVIS CHEZEL,51100.0,REIMS,51,454,DN,444,1,2.0,Appartement,80.0,3.0
1746027,18/10/2018,Vente,"290000,00",16.0,RUE,0470,DES AUGUSTINS,51100.0,REIMS,51,454,CY,78,0,2.0,Appartement,77.0,4.0
1746029,18/10/2018,Vente,"290000,00",16.0,RUE,0470,DES AUGUSTINS,51100.0,REIMS,51,454,CY,78,0,2.0,Appartement,43.0,3.0
1746031,16/10/2018,Vente,"140000,00",143.0,RUE,2440,DE COURLANCY,51100.0,REIMS,51,454,HY,38,1,2.0,Appartement,55.0,2.0
1746034,06/11/2018,Vente,"56000,00",13.0,RUE,1420,DU CARDINAL GOUSSET,51100.0,REIMS,51,454,BH,540,1,2.0,Appartement,23.0,1.0
1746036,22/10/2018,Vente,"319300,00",18.0,RUE,4035,GERARD PHILIPE,51100.0,REIMS,51,454,CI,67,2,2.0,Appartement,110.0,5.0
1746038,22/10/2018,Vente,"149000,00",65.0,RUE,4770,DU JARD,51100.0,REIMS,51,454,IK,288,2,2.0,Appartement,76.0,3.0
1746041,06/11/2018,Vente,"196000,00",65.0,RUE,6230,DU MONT D ARENE,51100.0,REIMS,51,454,AT,9,1,2.0,Appartement,60.0,3.0
1746043,06/11/2018,Vente,"96000,00",21.0,RUE,3280,EMILE ZOLA,51100.0,REIMS,51,454,AW,540,1,2.0,Appartement,50.0,3.0
1746052,15/10/2018,Vente,"220000,00",125.0,RUE,9040,DE VESLE,51100.0,REIMS,51,454,IK,1346,1,2.0,Appartement,59.0,2.0
1746055,22/10/2018,Vente,"152000,00",21.0,RUE,6740,PASSE DEMOISELLES,51100.0,REIMS,51,454,HY,184,1,2.0,Appartement,56.0,2.0
1746061,26/10/2018,Vente,"117500,00",32.0,RUE,4070,GERUZEZ,51100.0,REIMS,51,454,AR,163,1,2.0,Appartement,50.0,2.0
1746068,15/10/2018,Vente,"157000,00",35.0,RUE,5520,DES LILAS,51100.0,REIMS,51,454,AS,45,1,2.0,Appartement,60.0,3.0
1746070,29/10/2018,Vente,"152000,00",10.0,RUE,6740,PASSE DEMOISELLES,51100.0,REIMS,51,454,HX,92,1,2.0,Appartement,86.0,3.0
1746082,29/10/2018,Vente,"58000,00",10.0,RUE,4120,GOIOT,51100.0,REIMS,51,454,CZ,695,1,2.0,Appartement,30.0,1.0
1746088,26/10/2018,Vente,"50000,00",9.0,RUE,3370,DE L ESPERANCE,51100.0,REIMS,51,454,DO,539,1,2.0,Appartement,28.0,1.0
1746097,18/10/2018,Vente,"74000,00",36.0,RUE,2080,CLOVIS CHEZEL,51100.0,REIMS,51,454,DN,549,1,2.0,Appartement,28.0,1.0
1746098,24/10/2018,Vente,"155000,00",13.0,RUE,8670,DE TINQUEUX,51100.0,REIMS,51,454,IO,391,1,2.0,Appartement,64.0,4.0
1746107,26/10/2018,Vente,,22.0,RUE,5460,LESAGE,51100.0,REIMS,51,454,AW,239,1,2.0,Appartement,68.0,4.0
1746108,26/10/2018,Vente,,22.0,RUE,5460,LESAGE,51100.0,REIMS,51,454,AW,239,1,2.0,Appartement,67.0,4.0
1746113,26/10/2018,Vente,,22.0,RUE,5460,LESAGE,51100.0,REIMS,51,454,AW,239,1,2.0,Appartement,66.0,4.0
1746119,26/10/2018,Vente,"660000,00",22.0,RUE,5460,LESAGE,51100.0,REIMS,51,454,AW,239,1,2.0,Appartement,67.0,4.0
1746120,26/10/2018,Vente,"660000,00",22.0,RUE,5460,LESAGE,51100.0,REIMS,51,454,AW,239,1,2.0,Appartement,67.0,4.0
1746125,26/10/2018,Vente,"660000,00",22.0,RUE,5460,LESAGE,51100.0,REIMS,51,454,AW,239,1,2.0,Appartement,68.0,4.0
1746127,18/10/2018,Vente,"71500,00",26.0,RUE,2450,COURMEAUX,51100.0,REIMS,51,454,BE,72,1,2.0,Appartement,21.0,1.0
1746130,30/10/2018,Vente,"67000,00",60.0,RUE,7790,DE ST BRICE,51100.0,REIMS,51,454,AT,1,1,2.0,Appartement,45.0,3.0
1746134,06/11/2018,Vente,"176100,00",24.0,RUE,8620,THIERS,51100.0,REIMS,51,454,IL,470,2,2.0,Appartement,57.0,2.0
1746140,30/10/2018,Vente,"58000,00",10.0,RUE,0254,ANDRE FAIVRE,51100.0,REIMS,51,454,KP,16,1,2.0,Appartement,42.0,1.0
1746141,26/10/2018,Vente,"116000,00",2.0,BD,4550,HENRY VASNIER,51100.0,REIMS,51,454,CZ,450,2,2.0,Appartement,80.0,5.0
1746148,26/10/2018,Vente,"28000,00",34.0,RUE,6230,DU MONT D ARENE,51100.0,REIMS,51,454,AV,370,1,2.0,Appartement,15.0,1.0
1746149,25/10/2018,Vente,"172950,00",1.0,RUE,6310,MOULIN BRULE,51100.0,REIMS,51,454,IO,168,2,2.0,Appartement,76.0,3.0
1746155,15/10/2018,Vente,"115000,00",10.0,RUE,2192,COMMANDANT ARNAUD,51100.0,REIMS,51,454,AL,402,2,2.0,Appartement,71.0,3.0
1746161,29/10/2018,Vente,"152000,00",3.0,RUE,8290,16E ET 22E DRAGONS,51100.0,REIMS,51,454,CK,17,2,2.0,Appartement,85.0,4.0
1746167,26/10/2018,Vente,"133000,00",27.0,RUE,6330,DES MOULINS,51100.0,REIMS,51,454,DM,663,2,2.0,Appartement,67.0,3.0
1746177,07/11/2018,Vente en l'état futur d'achèvement,"251678,00",87.0,RUE,6230,DU MONT D ARENE,51100.0,REIMS,51,454,AT,9,1,2.0,Appartement,66.0,3.0
1746181,23/10/2018,Vente,"80000,00",6.0,RUE,0100,ALEXANDRE HENROT,51100.0,REIMS,51,454,AV,562,2,2.0,Appartement,50.0,2.0
1746201,07/11/2018,Vente,"164127,00",87.0,RUE,6230,DU MONT D ARENE,51100.0,REIMS,51,454,AT,9,1,2.0,Appartement,40.0,2.0
1746202,07/11/2018,Vente,"168560,00",87.0,RUE,6230,DU MONT D ARENE,51100.0,REIMS,51,454,AT,9,1,2.0,Appartement,44.0,2.0
1746207,29/10/2018,Vente,"140000,00",43.0,RUE,6740,PASSE DEMOISELLES,51100.0,REIMS,51,454,HY,152,1,2.0,Appartement,55.0,2.0
1746209,22/10/2018,Vente,"122500,00",6.0,RUE,0100,ALEXANDRE HENROT,51100.0,REIMS,51,454,AV,562,2,2.0,Appartement,94.0,4.0
1746214,18/10/2018,Vente,"51500,00",10.0,RUE,4610,HOURELLE,51100.0,REIMS,51,454,KO,26,2,2.0,Appartement,30.0,2.0
1746226,29/10/2018,Vente,"78000,00",1.0,RUE,5950,DES MARMOUZETS,51100.0,REIMS,51,454,CX,55,2,2.0,Appartement,39.0,2.0
1746230,02/03/2018,Vente,"102000,00",31.0,RUE,6850,PAULIN PARIS,51100.0,REIMS,51,454,AW,55,1,2.0,Appartement,28.0,1.0
1746231,02/03/2018,Vente,"102000,00",31.0,RUE,6850,PAULIN PARIS,51100.0,REIMS,51,454,AW,55,1,2.0,Appartement,28.0,1.0
1746232,23/01/2018,Vente,"59500,00",31.0,RUE,6850,PAULIN PARIS,51100.0,REIMS,51,454,AW,55,1,2.0,Appartement,28.0,1.0
1746234,07/11/2018,Vente,"110000,00",77.0,RUE,8950,DE VENISE,51100.0,REIMS,51,454,CY,434,2,2.0,Appartement,54.0,2.0
1746250,29/10/2018,Vente,"58000,00",20.0,RUE,2840,DIEU LUMIERE,51100.0,REIMS,51,454,DM,641,1,2.0,Appartement,21.0,1.0
1746253,29/10/2018,Vente,"133000,00",113.0,RUE,9040,DE VESLE,51100.0,REIMS,51,454,IK,1347,1,2.0,Appartement,39.0,2.0
1746255,09/11/2018,Vente,"235000,00",89.0,RUE,6230,DU MONT D ARENE,51100.0,REIMS,51,454,AT,9,1,2.0,Appartement,55.0,3.0
1746256,26/10/2018,Vente,"135000,00",30.0,RUE,1110,BOULARD,51100.0,REIMS,51,454,IK,610,2,2.0,Appartement,47.0,2.0
1746257,29/10/2018,Vente,"118000,00",69.0,RUE,2290,COQUEBERT,51100.0,REIMS,51,454,BI,565,5,2.0,Appartement,54.0,3.0
1746258,25/10/2018,Vente,"290000,00",150.0,AV,4900,JEAN JAURES,51100.0,REIMS,51,454,CV,978,0,2.0,Appartement,26.0,1.0
1746259,25/10/2018,Vente,"290000,00",150.0,AV,4900,JEAN JAURES,51100.0,REIMS,51,454,CV,978,0,2.0,Appartement,24.0,1.0
1746260,25/10/2018,Vente,"290000,00",150.0,AV,4900,JEAN JAURES,51100.0,REIMS,51,454,CV,978,0,2.0,Appartement,24.0,1.0
1746262,25/10/2018,Vente,"290000,00",150.0,AV,4900,JEAN JAURES,51100.0,REIMS,51,454,CV,978,0,2.0,Appartement,26.0,1.0
1746268,06/11/2018,Vente,"98000,00",7.0,RUE,1300,BRUYANT,51100.0,REIMS,51,454,AS,272,1,2.0,Appartement,40.0,2.0
1746270,25/10/2018,Vente,"94000,00",24.0,RUE,3360,ERNEST RENAN,51100.0,REIMS,51,454,AR,484,1,2.0,Appartement,60.0,3.0
1746272,24/10/2018,Vente,"79500,00",32.0,RUE,8980,VERNOUILLET,51100.0,REIMS,51,454,AT,239,2,2.0,Appartement,39.0,2.0
1746292,26/10/2018,Vente,"175000,00",3.0,RUE,6740,PASSE DEMOISELLES,51100.0,REIMS,51,454,HX,441,2,2.0,Appartement,72.0,3.0
1746296,26/10/2018,Vente,"117900,00",44.0,RUE,1670,DU CHAMP DE MARS,51100.0,REIMS,51,454,BH,1,2,2.0,Appartement,75.0,5.0
1746301,26/10/2018,Vente en l'état futur d'achèvement,"165000,00",7.0,RUE,0400,ARMONVILLE,51100.0,REIMS,51,454,CZ,678,1,2.0,Appartement,49.0,2.0
1746305,23/10/2018,Vente,"81000,00",25.0,RUE,7580,ROGER SALENGRO,51100.0,REIMS,51,454,AX,657,1,2.0,Appartement,25.0,1.0
1746322,30/10/2018,Vente,"530000,00",2.0,RUE,6260,MONTLAURENT,51100.0,REIMS,51,454,CZ,646,1,2.0,Appartement,164.0,5.0
1746324,30/10/2018,Vente,"60000,00",82.0,RUE,6330,DES MOULINS,51100.0,REIMS,51,454,CY,617,2,2.0,Appartement,27.0,1.0
1746327,25/10/2018,Vente,"120000,00",6.0,RUE,0100,ALEXANDRE HENROT,51100.0,REIMS,51,454,AV,562,2,2.0,Appartement,97.0,4.0
1746329,05/11/2018,Vente en l'état futur d'achèvement,"194500,00",49.0,BD,2650,DAUPHINOT,51100.0,REIMS,51,454,CT,610,1,2.0,Appartement,68.0,3.0
1746342,12/11/2018,Vente,"115000,00",41.0,RUE,6470,DE NEUFCHATEL,51100.0,REIMS,51,454,AX,878,2,2.0,Appartement,63.0,2.0
1746343,05/11/2018,Vente,"73500,00",42.0,RUE,2440,DE COURLANCY,51100.0,REIMS,51,454,HY,56,1,2.0,Appartement,26.0,1.0
1746346,26/10/2018,Vente,"1200000,00",7.0,CRS,4850,J B LANGLET,51100.0,REIMS,51,454,IL,112,0,2.0,Appartement,87.0,4.0
1746347,26/10/2018,Vente,"1200000,00",7.0,CRS,4850,J B LANGLET,51100.0,REIMS,51,454,IL,112,0,2.0,Appartement,58.0,3.0
1746348,26/10/2018,Vente,"1200000,00",7.0,CRS,4850,J B LANGLET,51100.0,REIMS,51,454,IL,112,0,2.0,Appartement,68.0,3.0
1746349,26/10/2018,Vente,"1200000,00",7.0,CRS,4850,J B LANGLET,51100.0,REIMS,51,454,IL,112,0,2.0,Appartement,87.0,4.0
1746350,26/10/2018,Vente,"1200000,00",7.0,CRS,4850,J B LANGLET,51100.0,REIMS,51,454,IL,112,0,2.0,Appartement,68.0,3.0
1746351,26/10/2018,Vente,"1200000,00",7.0,CRS,4850,J B LANGLET,51100.0,REIMS,51,454,IL,112,0,2.0,Appartement,68.0,3.0
1746357,29/10/2018,Vente,"35000,00",30.0,RUE,5920,M CLEMENCE FOURIAUX,51100.0,REIMS,51,454,AV,353,2,2.0,Appartement,11.0,1.0
1746358,15/11/2018,Vente,"46000,00",34.0,RUE,6160,DE METZ,51100.0,REIMS,51,454,CV,521,1,2.0,Appartement,23.0,1.0
1746359,30/10/2018,Vente,"143000,00",45.0,BD,2930,DOCTEUR HENRI HENROT,51100.0,REIMS,51,454,DM,383,2,2.0,Appartement,98.0,5.0
1746365,29/10/2018,Vente,"82100,00",43.0,RUE,3430,EUGENE DESTEUQUE,51100.0,REIMS,51,454,CX,71,1,2.0,Appartement,26.0,2.0
1746368,22/10/2018,Vente,"368000,00",20.0,RUE,0410,DE L ARQUEBUSE,51100.0,REIMS,51,454,IM,328,3,2.0,Appartement,136.0,5.0
1746374,31/10/2018,Vente,"91400,00",20.0,BD,5570,LOUIS BARTHOU,51100.0,REIMS,51,454,DT,671,1,2.0,Appartement,65.0,4.0
1746376,31/10/2018,Vente,"91400,00",20.0,BD,5570,LOUIS BARTHOU,51100.0,REIMS,51,454,DT,671,1,2.0,Appartement,65.0,4.0
1746377,15/11/2018,Vente,"47000,00",34.0,RUE,6160,DE METZ,51100.0,REIMS,51,454,CV,521,1,2.0,Appartement,24.0,1.0
1746391,30/10/2018,Vente,"80000,00",249.0,RUE,2440,DE COURLANCY,51100.0,REIMS,51,454,DN,217,2,2.0,Appartement,55.0,3.0
1746402,05/11/2018,Vente,"95000,00",4.0,RUE,5260,LAMOUCHE,51100.0,REIMS,51,454,AV,681,1,2.0,Appartement,60.0,3.0
1746406,05/11/2018,Vente,"99500,00",2.0,RUE,5260,LAMOUCHE,51100.0,REIMS,51,454,AV,681,1,2.0,Appartement,73.0,4.0
1746416,02/11/2018,Vente,"157000,00",14.0,ESP,7433,REMI PELLOT,51100.0,REIMS,51,454,AN,169,1,2.0,Appartement,95.0,5.0
1746420,02/11/2018,Vente,"59000,00",21.0,RUE,3280,EMILE ZOLA,51100.0,REIMS,51,454,AW,540,1,2.0,Appartement,21.0,1.0
1746422,06/11/2018,Vente,"160000,00",63.0,RUE,4770,DU JARD,51100.0,REIMS,51,454,IK,288,2,2.0,Appartement,72.0,3.0
1746424,31/10/2018,Vente en l'état futur d'achèvement,"235900,00",,RUE,5891,MARCEL THIL,51100.0,REIMS,51,454,AV,1082,1,2.0,Appartement,68.0,3.0
1746426,06/11/2018,Vente,"236000,00",31.0,RUE,1550,CERES,51100.0,REIMS,51,454,BE,84,1,2.0,Appartement,85.0,3.0
1746431,24/10/2018,Vente,"81500,00",21.0,AV,3320,D EPERNAY,51100.0,REIMS,51,454,DP,460,2,2.0,Appartement,39.0,1.0
1746437,16/11/2018,Vente,"175000,00",5.0,RUE,7070,DU PISTOLET,51100.0,REIMS,51,454,DM,632,2,2.0,Appartement,82.0,5.0
1746438,06/11/2018,Vente,"40000,00",26.0,RUE,3090,DURUY,51100.0,REIMS,51,454,AW,8,1,2.0,Appartement,15.0,1.0
1746439,06/11/2018,Vente,"103000,00",19.0,RUE,4650,HUGUES KRAFFT,51100.0,REIMS,51,454,AM,570,2,2.0,Appartement,66.0,4.0
1746447,06/11/2018,Vente,"65000,00",10.0,RUE,4120,GOIOT,51100.0,REIMS,51,454,CZ,695,1,2.0,Appartement,34.0,1.0
1746448,31/10/2018,Vente,"100000,00",10.0,RUE,4120,GOIOT,51100.0,REIMS,51,454,CZ,695,1,2.0,Appartement,61.0,1.0
1746449,05/11/2018,Vente,"150000,00",10.0,RUE,4120,GOIOT,51100.0,REIMS,51,454,CZ,695,1,2.0,Appartement,127.0,1.0
1746454,06/11/2018,Vente,"50000,00",7.0,RUE,0740,BELIN,51100.0,REIMS,51,454,AX,264,2,2.0,Appartement,34.0,2.0
1746460,12/11/2018,Vente,"386350,00",6.0,RUE,0340,DE L ARBALETE,51100.0,REIMS,51,454,IL,67,1,2.0,Appartement,90.0,4.0
1746494,15/11/2018,Vente,"132000,00",69.0,RUE,5891,MARCEL THIL,51100.0,REIMS,51,454,AV,761,2,2.0,Appartement,67.0,5.0
1746495,24/10/2018,Vente,"76000,00",147.0,RUE,1590,DE CERNAY,51100.0,REIMS,51,454,CV,310,1,2.0,Appartement,35.0,2.0
1746497,25/10/2018,Vente,"60900,00",23.0,RUE,8650,DE THIONVILLE,51100.0,REIMS,51,454,CV,950,1,2.0,Appartement,20.0,1.0
1746524,09/11/2018,Vente,"219200,00",9.0,RUE,8000,ST NICAISE,51100.0,REIMS,51,454,CZ,23,3,2.0,Appartement,82.0,4.0
1746526,12/11/2018,Vente,"180300,00",450.0,AV,5300,DE LAON,51100.0,REIMS,51,454,AE,93,1,2.0,Appartement,63.0,3.0
1746530,19/11/2018,Vente,"290300,00",33.0,RUE,0470,DES AUGUSTINS,51100.0,REIMS,51,454,CK,366,1,2.0,Appartement,76.0,3.0
1746537,12/11/2018,Vente,"80000,00",61.0,RUE,6830,P VAILLANT COUTURIER,51100.0,REIMS,51,454,AV,861,2,2.0,Appartement,37.0,2.0
1746538,05/11/2018,Vente,"109000,00",35.0,BD,2930,DOCTEUR HENRI HENROT,51100.0,REIMS,51,454,DM,663,2,2.0,Appartement,78.0,4.0
1746557,12/11/2018,Vente,"91000,00",40.0,RUE,7710,RUINART DE BRIMONT,51100.0,REIMS,51,454,CW,716,1,2.0,Appartement,47.0,1.0
1746572,27/10/2018,Vente,"66500,00",38.0,RUE,1030,DE LA BONNE FEMME,51100.0,REIMS,51,454,DO,154,1,2.0,Appartement,32.0,1.0
1746576,09/11/2018,Vente,"93000,00",11.0,CRS,4850,J B LANGLET,51100.0,REIMS,51,454,IL,113,1,2.0,Appartement,20.0,1.0
1746580,12/11/2018,Vente,"155000,00",125.0,RUE,9040,DE VESLE,51100.0,REIMS,51,454,IK,1346,1,2.0,Appartement,55.0,2.0
1746583,12/11/2018,Vente,"146000,00",6.0,RUE,0100,ALEXANDRE HENROT,51100.0,REIMS,51,454,AV,562,2,2.0,Appartement,50.0,2.0
1746584,12/11/2018,Vente,"146000,00",6.0,RUE,0100,ALEXANDRE HENROT,51100.0,REIMS,51,454,AV,562,2,2.0,Appartement,35.0,2.0
1746589,16/11/2018,Vente,"110000,00",66.0,BD,7550,ROBESPIERRE,51100.0,REIMS,51,454,AY,255,2,2.0,Appartement,59.0,4.0
1746590,25/10/2018,Vente,"310000,00",32.0,RUE,8620,THIERS,51100.0,REIMS,51,454,IL,471,2,2.0,Appartement,130.0,5.0
1746602,08/11/2018,Vente en l'état futur d'achèvement,"143000,00",213.0,RUE,6470,DE NEUFCHATEL,51100.0,REIMS,51,454,AH,79,1,2.0,Appartement,68.0,3.0
1746603,29/10/2018,Vente,"170000,00",20.0,RUE,1870,DE CHATIVESLE,51100.0,REIMS,51,454,IM,15,2,2.0,Appartement,65.0,3.0
1746611,21/11/2018,Vente,"276784,00",85.0,RUE,6230,DU MONT D ARENE,51100.0,REIMS,51,454,AT,9,1,2.0,Appartement,77.0,4.0
1746613,15/11/2018,Vente,"115000,00",60.0,RUE,5920,M CLEMENCE FOURIAUX,51100.0,REIMS,51,454,AV,954,1,2.0,Appartement,54.0,3.0
1746614,15/11/2018,Vente,"115000,00",60.0,RUE,5920,M CLEMENCE FOURIAUX,51100.0,REIMS,51,454,AV,954,1,2.0,Appartement,64.0,2.0
1746621,29/10/2018,Vente,"130000,00",125.0,RUE,9040,DE VESLE,51100.0,REIMS,51,454,IK,1346,1,2.0,Appartement,55.0,2.0
1746624,20/11/2018,Vente,"210000,00",85.0,RUE,6230,DU MONT D ARENE,51100.0,REIMS,51,454,AT,9,1,2.0,Appartement,60.0,3.0
1746627,19/11/2018,Vente,"73400,00",134.0,RUE,7010,PIERRE BROSSOLETTE,51100.0,REIMS,51,454,AO,739,1,2.0,Appartement,50.0,2.0
1746638,21/11/2018,Vente,"97000,00",230.0,AV,4900,JEAN JAURES,51100.0,REIMS,51,454,CT,256,1,2.0,Appartement,45.0,2.0
1746639,09/11/2018,Vente,"88500,00",35.0,BD,3640,FOCH,51100.0,REIMS,51,454,IL,472,2,2.0,Appartement,37.0,1.0
1746640,12/11/2018,Vente en l'état futur d'achèvement,"130021,00",6.0,RUE,8090,SAINT THIERRY,51100.0,REIMS,51,454,AV,1097,1,2.0,Appartement,34.0,1.0
1746645,09/11/2018,Vente,"75000,00",43.0,RUE,7100,DES POISSONNIERS,51100.0,REIMS,51,454,IM,273,1,2.0,Appartement,25.0,2.0
1746646,15/11/2018,Vente,"228000,00",1.0,RUE,8200,STE GENEVIEVE,51100.0,REIMS,51,454,HX,143,1,2.0,Appartement,113.0,5.0
1746666,06/11/2018,Vente,"83500,00",18.0,PL,8110,ST TIMOTHEE,51100.0,REIMS,51,454,DM,73,1,2.0,Appartement,40.0,2.0
1746669,14/11/2018,Vente,"95000,00",13.0,RUE,0050,ALBERT REVILLE,51100.0,REIMS,51,454,BE,324,3,2.0,Appartement,31.0,2.0
1746674,22/11/2018,Vente,"310900,00",63.0,RUE,0600,DU BARBATRE,51100.0,REIMS,51,454,CY,197,3,2.0,Appartement,80.0,4.0
1746675,14/11/2018,Vente,"85500,00",10.0,RUE,2280,DE CONTRAI,51100.0,REIMS,51,454,CY,565,2,2.0,Appartement,43.0,1.0
1746677,12/11/2018,Vente,"89000,00",24.0,RUE,4440,HENRI BARBUSSE,51100.0,REIMS,51,454,CL,225,1,2.0,Appartement,48.0,2.0
1746684,16/11/2018,Vente en l'état futur d'achèvement,"156000,00",104.0,AV,5300,DE LAON,51100.0,REIMS,51,454,AW,515,1,2.0,Appartement,44.0,2.0
1746689,19/11/2018,Vente,"119000,00",84.0,RUE,1740,CHANZY,51100.0,REIMS,51,454,IK,122,1,2.0,Appartement,25.0,1.0
1746690,19/11/2018,Vente,"119000,00",84.0,RUE,1740,CHANZY,51100.0,REIMS,51,454,IK,122,1,2.0,Appartement,26.0,1.0
1746691,19/11/2018,Vente,"119000,00",84.0,RUE,1740,CHANZY,51100.0,REIMS,51,454,IK,122,1,2.0,Appartement,30.0,1.0
1746696,15/11/2018,Vente,"57500,00",298.0,AV,5300,DE LAON,51100.0,REIMS,51,454,AX,751,2,2.0,Appartement,44.0,3.0
1746698,19/11/2018,Vente,"80000,00",17.0,RUE,7015,PIERRE DE COUBERTIN,51100.0,REIMS,51,454,AE,110,2,2.0,Appartement,67.0,3.0
1746699,14/11/2018,Vente,"81950,00",1.0,RUE,8260,SCULPTEURS JACQUES,51100.0,REIMS,51,454,HW,278,2,2.0,Appartement,44.0,2.0
1746703,22/11/2018,Vente,"52000,00",18.0,RUE,3820,DE GABES,51100.0,REIMS,51,454,BL,488,2,2.0,Appartement,45.0,2.0
1746708,14/11/2018,Vente en l'état futur d'achèvement,"248000,00",,RUE,5891,MARCEL THIL,51100.0,REIMS,51,454,AV,1091,1,2.0,Appartement,68.0,3.0
1746710,26/11/2018,Vente,"53600,00",39.0,AV,4455,HENRI FARMAN,51100.0,REIMS,51,454,EK,6,1,2.0,Appartement,18.0,1.0
1746712,21/11/2018,Vente en l'état futur d'achèvement,"151900,00",,RUE,5891,MARCEL THIL,51100.0,REIMS,51,454,AV,1091,1,2.0,Appartement,36.0,1.0
1746717,12/11/2018,Vente,"83000,00",41.0,RUE,0600,DU BARBATRE,51100.0,REIMS,51,454,CY,204,1,2.0,Appartement,47.0,2.0
1746719,21/11/2018,Vente,"124000,00",10.0,RUE,4120,GOIOT,51100.0,REIMS,51,454,CZ,695,1,2.0,Appartement,72.0,1.0
1746721,19/11/2018,Vente,"95000,00",46.0,RUE,5980,DE MARS,51100.0,REIMS,51,454,BE,351,1,2.0,Appartement,28.0,1.0
1746727,19/11/2018,Vente,"108000,00",12.0,RUE,0254,ANDRE FAIVRE,51100.0,REIMS,51,454,KP,16,1,2.0,Appartement,68.0,3.0
1746745,21/11/2018,Vente,"68000,00",36.0,AV,6730,DE PARIS,51100.0,REIMS,51,454,IO,438,1,2.0,Appartement,25.0,1.0
1746746,12/11/2018,Vente,"178500,00",4.0,RUE,5891,MARCEL THIL,51100.0,REIMS,51,454,AV,949,1,2.0,Appartement,77.0,3.0
1746749,22/11/2018,Vente,"190000,00",18.0,RUE,0630,DU BASTION,51100.0,REIMS,51,454,CW,631,2,2.0,Appartement,82.0,4.0
1746753,26/11/2018,Vente,"220000,00",87.0,RUE,6230,DU MONT D ARENE,51100.0,REIMS,51,454,AT,9,1,2.0,Appartement,64.0,3.0
1746754,22/11/2018,Vente,"63000,00",26.0,RUE,8480,DE TAISSY,51100.0,REIMS,51,454,DK,235,2,2.0,Appartement,45.0,2.0
1746756,30/10/2018,Vente,"100000,00",15.0,RUE,6000,MARTEAU,51100.0,REIMS,51,454,CV,34,2,2.0,Appartement,68.0,3.0
1746758,02/11/2018,Vente,"130500,00",28.0,RUE,4970,JEANNE D ARC,51100.0,REIMS,51,454,IM,58,1,2.0,Appartement,47.0,2.0
1746760,12/11/2018,Vente,"100000,00",31.0,RUE,7100,DES POISSONNIERS,51100.0,REIMS,51,454,IM,529,1,2.0,Appartement,29.0,2.0
1746761,10/10/2018,Adjudication,"108000,00",25.0,AV,4900,JEAN JAURES,51100.0,REIMS,51,454,BH,247,3,2.0,Appartement,84.0,4.0
1746763,15/11/2018,Vente,"106200,00",4.0,RUE,1740,CHANZY,51100.0,REIMS,51,454,IK,2,2,2.0,Appartement,60.0,3.0
1746765,07/11/2018,Vente,"95000,00",2.0,RUE,5030,JOSEPH JACQUET,51100.0,REIMS,51,454,CL,662,2,2.0,Appartement,58.0,2.0
1746781,05/11/2018,Vente,"51000,00",54.0,RUE,1360,CAMILLE LENOIR,51100.0,REIMS,51,454,BH,151,1,2.0,Appartement,21.0,1.0
1746792,31/10/2018,Vente,"79000,00",269.0,RUE,2440,DE COURLANCY,51100.0,REIMS,51,454,DN,194,1,2.0,Appartement,27.0,1.0
1746798,21/11/2018,Vente,"168000,00",5.0,RUE,4906,JEAN LE LOUP,51100.0,REIMS,51,454,IK,1348,1,2.0,Appartement,86.0,3.0
1746823,23/11/2018,Vente en l'état futur d'achèvement,"230000,00",90.0,RUE,7160,PONSARDIN,51100.0,REIMS,51,454,CY,755,1,2.0,Appartement,70.0,3.0
1746825,21/11/2018,Vente,"109000,00",5.0,RUE,8720,TOURNEBONNEAU,51100.0,REIMS,51,454,DM,628,1,2.0,Appartement,45.0,2.0
1746837,19/11/2018,Vente,"297000,00",35.0,RUE,7040,PIERRET,51100.0,REIMS,51,454,AW,503,0,2.0,Appartement,21.0,1.0
1746842,29/11/2018,Vente,"120000,00",3.0,RUE,6740,PASSE DEMOISELLES,51100.0,REIMS,51,454,HX,441,2,2.0,Appartement,80.0,4.0
1746847,23/11/2018,Vente en l'état futur d'achèvement,"380600,00",37.0,RUE,1670,DU CHAMP DE MARS,51100.0,REIMS,51,454,BD,16,1,2.0,Appartement,80.0,3.0
1746850,20/11/2018,Vente,"140000,00",5.0,RUE,7070,DU PISTOLET,51100.0,REIMS,51,454,DM,632,2,2.0,Appartement,82.0,5.0
1746871,20/11/2018,Vente,"72500,00",76.0,RUE,3850,GAMBETTA,51100.0,REIMS,51,454,CY,298,1,2.0,Appartement,28.0,1.0
1746873,23/11/2018,Vente,"167110,00",2.0,ESP,7433,REMI PELLOT,51100.0,REIMS,51,454,AN,169,1,2.0,Appartement,115.0,5.0
1746901,15/11/2018,Vente,"852000,00",59.0,RUE,1550,CERES,51100.0,REIMS,51,454,BE,65,0,2.0,Appartement,20.0,1.0
1746902,15/11/2018,Vente,"852000,00",59.0,RUE,1550,CERES,51100.0,REIMS,51,454,BE,65,0,2.0,Appartement,16.0,1.0
1746903,15/11/2018,Vente,"852000,00",59.0,RUE,1550,CERES,51100.0,REIMS,51,454,BE,65,0,2.0,Appartement,60.0,2.0
1746904,15/11/2018,Vente,"852000,00",59.0,RUE,1550,CERES,51100.0,REIMS,51,454,BE,65,0,2.0,Appartement,60.0,3.0
1746905,15/11/2018,Vente,"852000,00",59.0,RUE,1550,CERES,51100.0,REIMS,51,454,BE,65,0,2.0,Appartement,50.0,2.0
1746906,15/11/2018,Vente,"852000,00",59.0,RUE,1550,CERES,51100.0,REIMS,51,454,BE,65,0,2.0,Appartement,42.0,2.0
1746907,15/11/2018,Vente,"852000,00",59.0,RUE,1550,CERES,51100.0,REIMS,51,454,BE,65,0,2.0,Appartement,26.0,2.0
1746908,15/11/2018,Vente,"852000,00",59.0,RUE,1550,CERES,51100.0,REIMS,51,454,BE,65,0,2.0,Appartement,24.0,1.0
1746910,15/11/2018,Vente,"852000,00",59.0,RUE,1550,CERES,51100.0,REIMS,51,454,BE,65,0,2.0,Appartement,18.0,1.0
1746911,15/11/2018,Vente,"852000,00",59.0,RUE,1550,CERES,51100.0,REIMS,51,454,BE,65,0,2.0,Appartement,60.0,3.0
1746918,07/11/2018,Vente,"57500,00",69.0,RUE,2290,COQUEBERT,51100.0,REIMS,51,454,BI,565,1,2.0,Appartement,25.0,1.0
1746969,20/11/2018,Vente,"89000,00",76.0,BD,1800,CHARLES ARNOULD,51100.0,REIMS,51,454,AO,493,2,2.0,Appartement,53.0,2.0
1746973,06/11/2018,Vente,"510000,00",5.0,BD,5680,LUNDY,51100.0,REIMS,51,454,BE,46,2,2.0,Appartement,84.0,2.0
1746974,06/11/2018,Vente,"510000,00",5.0,BD,5680,LUNDY,51100.0,REIMS,51,454,BE,46,2,2.0,Appartement,69.0,3.0
1746987,14/11/2018,Vente,"155000,00",17.0,RUE,8670,DE TINQUEUX,51100.0,REIMS,51,454,IO,66,1,2.0,Appartement,72.0,3.0
1746999,30/11/2018,Vente,"250000,00",6.0,BD,1510,CARTERET,51100.0,REIMS,51,454,CW,305,0,2.0,Appartement,15.0,1.0
1747000,30/11/2018,Vente,"250000,00",6.0,BD,1510,CARTERET,51100.0,REIMS,51,454,CW,305,0,2.0,Appartement,23.0,1.0
1747001,30/11/2018,Vente,"250000,00",6.0,BD,1510,CARTERET,51100.0,REIMS,51,454,CW,305,0,2.0,Appartement,15.0,1.0
1747003,30/11/2018,Vente,"250000,00",6.0,BD,1510,CARTERET,51100.0,REIMS,51,454,CW,305,0,2.0,Appartement,25.0,1.0
1747004,30/11/2018,Vente,"250000,00",6.0,BD,1510,CARTERET,51100.0,REIMS,51,454,CW,305,0,2.0,Appartement,15.0,1.0
1747005,30/11/2018,Vente,"250000,00",6.0,BD,1510,CARTERET,51100.0,REIMS,51,454,CW,305,0,2.0,Appartement,15.0,1.0
1747010,05/12/2018,Vente,"270000,00",6.0,RUE,6270,MONTOISON,51100.0,REIMS,51,454,CX,163,2,2.0,Appartement,117.0,4.0
1747011,13/11/2018,Vente,"205000,00",65.0,RUE,7710,RUINART DE BRIMONT,51100.0,REIMS,51,454,CW,429,0,2.0,Appartement,17.0,1.0
1747012,13/11/2018,Vente,"205000,00",65.0,RUE,7710,RUINART DE BRIMONT,51100.0,REIMS,51,454,CW,429,0,2.0,Appartement,67.0,3.0
1747023,15/11/2018,Vente,"114000,00",42.0,RUE,5090,JULES GUICHARD,51100.0,REIMS,51,454,AV,681,1,2.0,Appartement,73.0,4.0
1747027,27/11/2018,Vente,"82000,00",74.0,RUE,5340,LECOINTRE,51100.0,REIMS,51,454,AV,860,2,2.0,Appartement,45.0,2.0
1747032,27/11/2018,Vente,"185000,00",37.0,RUE,2560,CROIX ST MARC,51100.0,REIMS,51,454,CV,384,0,2.0,Appartement,36.0,2.0
1747033,27/11/2018,Vente,"185000,00",37.0,RUE,2560,CROIX ST MARC,51100.0,REIMS,51,454,CV,384,0,2.0,Appartement,50.0,3.0
1747034,27/11/2018,Vente,"185000,00",37.0,RUE,2560,CROIX ST MARC,51100.0,REIMS,51,454,CV,384,0,2.0,Appartement,33.0,2.0
1747035,27/11/2018,Vente,"185000,00",37.0,RUE,2560,CROIX ST MARC,51100.0,REIMS,51,454,CV,384,0,2.0,Appartement,36.0,2.0
1747037,23/11/2018,Vente,"105000,00",11.0,RUE,0970,BLONDEL,51100.0,REIMS,51,454,AX,148,0,2.0,Appartement,21.0,1.0
1747038,23/11/2018,Vente,"105000,00",11.0,RUE,0970,BLONDEL,51100.0,REIMS,51,454,AX,148,0,2.0,Appartement,21.0,1.0
1747039,23/11/2018,Vente,"105000,00",11.0,RUE,0970,BLONDEL,51100.0,REIMS,51,454,AX,148,0,2.0,Appartement,21.0,1.0
1747085,23/11/2018,Vente,"151877,60",63.0,RUE,1640,DU CHALET,51100.0,REIMS,51,454,BK,436,2,2.0,Appartement,109.0,5.0
1747095,19/11/2018,Vente,"75000,00",6.0,ALL,3862,DES GASCONS,51100.0,REIMS,51,454,KT,180,1,2.0,Appartement,113.0,5.0
1747096,13/11/2018,Vente,"90000,00",26.0,RUE,1740,CHANZY,51100.0,REIMS,51,454,IK,74,1,2.0,Appartement,30.0,2.0
1747097,05/12/2018,Vente,"237000,00",13.0,RUE,8270,DE SEBASTOPOL,51100.0,REIMS,51,454,BI,126,3,2.0,Appartement,48.0,3.0
1747098,05/12/2018,Vente,"237000,00",22.0,RUE,0600,DU BARBATRE,51100.0,REIMS,51,454,CY,29,1,2.0,Appartement,50.0,2.0
1747099,29/11/2018,Vente,"85000,00",10.0,RUE,4120,GOIOT,51100.0,REIMS,51,454,CZ,695,1,2.0,Appartement,56.0,1.0
1747100,27/11/2018,Vente,"56500,00",168.0,AV,4900,JEAN JAURES,51100.0,REIMS,51,454,CV,1088,1,2.0,Appartement,35.0,2.0
1747106,12/11/2018,Vente,"80900,00",26.0,RUE,8430,DE STRASBOURG,51100.0,REIMS,51,454,CV,950,1,2.0,Appartement,50.0,2.0
1747121,05/12/2018,Vente,"168525,00",18.0,AV,4900,JEAN JAURES,51100.0,REIMS,51,454,CW,638,2,2.0,Appartement,69.0,4.0
1747126,29/11/2018,Vente,"156500,00",38.0,ALL,4337,GUY DE MAUPASSANT,51100.0,REIMS,51,454,HK,1287,1,2.0,Appartement,71.0,3.0
1747129,04/12/2018,Vente en l'état futur d'achèvement,"143500,00",,RUE,5891,MARCEL THIL,51100.0,REIMS,51,454,AV,1091,1,2.0,Appartement,38.0,1.0
1747130,04/12/2018,Vente,"420000,00",182.0,AV,5300,DE LAON,51100.0,REIMS,51,454,AX,922,0,2.0,Appartement,50.0,2.0
1747132,04/12/2018,Vente,"420000,00",188.0,AV,5300,DE LAON,51100.0,REIMS,51,454,AX,923,0,2.0,Appartement,50.0,2.0
1747133,04/12/2018,Vente,"420000,00",188.0,AV,5300,DE LAON,51100.0,REIMS,51,454,AX,923,0,2.0,Appartement,30.0,2.0
1747134,04/12/2018,Vente,"420000,00",188.0,AV,5300,DE LAON,51100.0,REIMS,51,454,AX,923,0,2.0,Appartement,35.0,2.0
1747136,14/11/2018,Vente,"260000,00",6.0,RUE,6400,DE NANTEUIL,51100.0,REIMS,51,454,BE,109,6,2.0,Appartement,70.0,4.0
1747138,29/11/2018,Vente,"356000,00",14.0,RUE,7240,DE POUILLY,51100.0,REIMS,51,454,IL,62,1,2.0,Appartement,112.0,5.0
1747143,23/11/2018,Vente,"125280,00",23.0,RUE,8500,DE TALLEYRAND,51100.0,REIMS,51,454,IL,230,2,2.0,Appartement,37.0,1.0
1747145,14/11/2018,Vente,"83000,00",18.0,RUE,0330,ANTOINE GOUSSIEZ,51100.0,REIMS,51,454,AX,763,3,2.0,Appartement,46.0,3.0
1747148,04/12/2018,Vente,"399900,00",33.0,BD,7960,ST MARCEAUX,51100.0,REIMS,51,454,CK,99,3,2.0,Appartement,114.0,5.0
1747149,29/11/2018,Vente,"315000,00",126.0,BD,0040,ALBERT 1 ER,51100.0,REIMS,51,454,AO,253,0,2.0,Appartement,64.0,3.0
1747151,29/11/2018,Vente,"315000,00",126.0,BD,0040,ALBERT 1 ER,51100.0,REIMS,51,454,AO,253,0,2.0,Appartement,62.0,2.0
1747163,20/11/2018,Vente,"109700,00",27.0,RUE,1710,DE CHAMPIGNY,51100.0,REIMS,51,454,AR,302,2,2.0,Appartement,57.0,3.0
1747166,22/11/2018,Vente,"164000,00",199.0,RUE,0600,DU BARBATRE,51100.0,REIMS,51,454,CZ,258,1,2.0,Appartement,70.0,3.0
1747170,23/11/2018,Vente,"100000,00",179.0,AV,4900,JEAN JAURES,51100.0,REIMS,51,454,BK,461,1,2.0,Appartement,72.0,4.0
1747173,22/11/2018,Vente,"150000,00",15.0,ALL,1725,CH NICOLAS ROLAND,51100.0,REIMS,51,454,DM,239,2,2.0,Appartement,79.0,4.0
1747196,10/11/2018,Vente,"60000,00",78.0,RUE,1390,DES CAPUCINS,51100.0,REIMS,51,454,IK,446,2,2.0,Appartement,21.0,1.0
1747201,19/11/2018,Vente,"110000,00",1.0,RUE,1822,CHARLES PEGUY,51100.0,REIMS,51,454,AI,664,1,2.0,Appartement,73.0,4.0
1747203,21/11/2018,Vente,"170000,00",63.0,RUE,8640,DE THILLOIS,51100.0,REIMS,51,454,IM,170,1,2.0,Appartement,60.0,2.0
1747204,22/11/2018,Vente,"155000,00",18.0,RUE,8970,DE VERDUN,51100.0,REIMS,51,454,BI,13,2,2.0,Appartement,87.0,3.0
1747208,22/11/2018,Vente,"350000,00",135.0,RUE,1590,DE CERNAY,51100.0,REIMS,51,454,CV,357,0,2.0,Appartement,31.0,2.0
1747209,22/11/2018,Vente,"350000,00",135.0,RUE,1590,DE CERNAY,51100.0,REIMS,51,454,CV,357,0,2.0,Appartement,26.0,1.0
1747211,22/11/2018,Vente,"350000,00",135.0,RUE,1590,DE CERNAY,51100.0,REIMS,51,454,CV,357,0,2.0,Appartement,59.0,2.0
1747212,22/11/2018,Vente,"350000,00",135.0,RUE,1590,DE CERNAY,51100.0,REIMS,51,454,CV,357,0,2.0,Appartement,44.0,2.0
1747213,22/11/2018,Vente,"350000,00",135.0,RUE,1590,DE CERNAY,51100.0,REIMS,51,454,CV,357,0,2.0,Appartement,31.0,2.0
1747215,22/11/2018,Vente,"350000,00",135.0,RUE,1590,DE CERNAY,51100.0,REIMS,51,454,CV,357,0,2.0,Appartement,44.0,2.0
1747232,27/11/2018,Vente,"88000,00",12.0,RUE,3970,DU GENERAL SARRAIL,51100.0,REIMS,51,454,IL,13,1,2.0,Appartement,26.0,1.0
1747251,22/11/2018,Vente,"65000,00",20.0,RUE,8480,DE TAISSY,51100.0,REIMS,51,454,DK,234,2,2.0,Appartement,69.0,4.0
1747261,22/11/2018,Vente,"127000,00",38.0,ALL,4337,GUY DE MAUPASSANT,51100.0,REIMS,51,454,HK,1287,1,2.0,Appartement,87.0,4.0
1747263,29/11/2018,Vente,"95000,00",43.0,RUE,8320,DE SILLERY,51100.0,REIMS,51,454,CL,662,2,2.0,Appartement,61.0,3.0
1747267,29/11/2018,Vente,"82000,00",40.0,RUE,7710,RUINART DE BRIMONT,51100.0,REIMS,51,454,CW,716,1,2.0,Appartement,45.0,1.0
1747271,26/11/2018,Vente,"49000,00",33.0,RUE,4440,HENRI BARBUSSE,51100.0,REIMS,51,454,CW,370,3,2.0,Appartement,28.0,1.0
1747277,05/12/2018,Vente,"191200,00",104.0,RUE,7160,PONSARDIN,51100.0,REIMS,51,454,CY,176,1,2.0,Appartement,84.0,4.0
1747278,20/11/2018,Vente,"200000,00",186.0,AV,4900,JEAN JAURES,51100.0,REIMS,51,454,CV,58,0,2.0,Appartement,33.0,2.0
1747280,20/11/2018,Vente,"200000,00",186.0,AV,4900,JEAN JAURES,51100.0,REIMS,51,454,CV,58,0,2.0,Appartement,70.0,3.0
1747281,20/11/2018,Vente,"200000,00",186.0,AV,4900,JEAN JAURES,51100.0,REIMS,51,454,CV,58,0,2.0,Appartement,70.0,3.0
1747286,23/11/2018,Vente,"70000,00",6.0,RUE,0100,ALEXANDRE HENROT,51100.0,REIMS,51,454,AV,562,2,2.0,Appartement,39.0,2.0
1747287,22/11/2018,Vente,"128000,00",6.0,RUE,0100,ALEXANDRE HENROT,51100.0,REIMS,51,454,AV,562,2,2.0,Appartement,80.0,3.0
1747295,26/11/2018,Vente,"410000,00",21.0,RUE,7010,PIERRE BROSSOLETTE,51100.0,REIMS,51,454,AR,214,0,2.0,Appartement,45.0,1.0
1747297,26/11/2018,Vente,"410000,00",21.0,RUE,7010,PIERRE BROSSOLETTE,51100.0,REIMS,51,454,AR,214,0,2.0,Appartement,28.0,1.0
1747298,26/11/2018,Vente,"410000,00",21.0,RUE,7010,PIERRE BROSSOLETTE,51100.0,REIMS,51,454,AR,214,0,2.0,Appartement,60.0,3.0
1747299,26/11/2018,Vente,"410000,00",21.0,RUE,7010,PIERRE BROSSOLETTE,51100.0,REIMS,51,454,AR,214,0,2.0,Appartement,40.0,2.0
1747300,26/11/2018,Vente,"410000,00",21.0,RUE,7010,PIERRE BROSSOLETTE,51100.0,REIMS,51,454,AR,214,0,2.0,Appartement,55.0,3.0
1747301,26/11/2018,Vente,"410000,00",21.0,RUE,7010,PIERRE BROSSOLETTE,51100.0,REIMS,51,454,AR,214,0,2.0,Appartement,52.0,2.0
1747307,26/11/2018,Vente en l'état futur d'achèvement,"293000,00",,RUE,4220,GRANDVAL,51100.0,REIMS,51,454,CL,989,1,2.0,Appartement,84.0,4.0
1747312,23/11/2018,Vente,"58700,00",82.0,RUE,3850,GAMBETTA,51100.0,REIMS,51,454,CY,329,1,2.0,Appartement,14.0,1.0
1747316,19/11/2018,Vente en l'état futur d'achèvement,"421000,00",,IMP,5470,DU LEVANT,51100.0,REIMS,51,454,CX,495,1,2.0,Appartement,102.0,4.0
1747320,26/11/2018,Vente,"116000,00",1.0,ALL,7615,RONSARD,51100.0,REIMS,51,454,DK,184,1,2.0,Appartement,90.0,5.0
1747324,21/11/2018,Vente en l'état futur d'achèvement,"313000,00",,IMP,5470,DU LEVANT,51100.0,REIMS,51,454,CX,495,1,2.0,Appartement,79.0,3.0
1747340,29/11/2018,Vente,"429700,00",35.0,RUE,8900,DE L UNIVERSITE,51100.0,REIMS,51,454,CX,581,2,2.0,Appartement,156.0,6.0
1747342,29/11/2018,Vente,"275000,00",169.0,RUE,0600,DU BARBATRE,51100.0,REIMS,51,454,CZ,407,2,2.0,Appartement,49.0,3.0
1747343,29/11/2018,Vente,"275000,00",169.0,RUE,0600,DU BARBATRE,51100.0,REIMS,51,454,CZ,407,2,2.0,Appartement,50.0,3.0
1747344,29/11/2018,Vente,"275000,00",169.0,RUE,0600,DU BARBATRE,51100.0,REIMS,51,454,CZ,407,1,2.0,Appartement,21.0,1.0
1747345,29/11/2018,Vente,"275000,00",169.0,RUE,0600,DU BARBATRE,51100.0,REIMS,51,454,CZ,407,1,2.0,Appartement,25.0,1.0
1747346,29/11/2018,Vente,"275000,00",169.0,RUE,0600,DU BARBATRE,51100.0,REIMS,51,454,CZ,407,2,2.0,Appartement,42.0,2.0
1747355,27/11/2018,Vente,"128990,00",15.0,RUE,1730,CHANTERAINE,51100.0,REIMS,51,454,DM,634,2,2.0,Appartement,67.0,3.0
1747356,29/11/2018,Vente,"73000,00",8.0,RUE,5880,DU MARC,51100.0,REIMS,51,454,BE,525,1,2.0,Appartement,18.0,1.0
1747358,28/11/2018,Vente,"58000,00",39.0,RUE,3500,FAVART D HERBIGNY,51100.0,REIMS,51,454,CV,894,1,2.0,Appartement,20.0,1.0
1747360,06/12/2018,Vente,"86000,00",4.0,RUE,7080,PLUCHE,51100.0,REIMS,51,454,BE,469,2,2.0,Appartement,32.0,1.0
1747362,10/12/2018,Vente en l'état futur d'achèvement,"198186,00",2.0,PROM,6867,DU PEIGNAGE,51100.0,REIMS,51,454,CT,610,1,2.0,Appartement,78.0,4.0
1747363,07/12/2018,Vente,"138300,00",19.0,RUE,4540,HENRI IV,51100.0,REIMS,51,454,IL,2,3,2.0,Appartement,41.0,2.0
1747368,07/12/2018,Vente,"205000,00",11.0,RUE,5540,LINGUET,51100.0,REIMS,51,454,BE,314,2,2.0,Appartement,74.0,3.0
1747372,28/11/2018,Vente en l'état futur d'achèvement,"206000,00",49.0,BD,2650,DAUPHINOT,51100.0,REIMS,51,454,CT,610,1,2.0,Appartement,64.0,3.0
1747379,30/11/2018,Vente,"120000,00",44.0,RUE,1670,DU CHAMP DE MARS,51100.0,REIMS,51,454,BH,1,2,2.0,Appartement,75.0,5.0
1747383,28/11/2018,Vente,"61000,00",145.0,RUE,9040,DE VESLE,51100.0,REIMS,51,454,IK,823,2,2.0,Appartement,24.0,1.0
1747390,12/12/2018,Vente,"45000,00",21.0,AV,4455,HENRI FARMAN,51100.0,REIMS,51,454,DH,90,1,2.0,Appartement,17.0,1.0
1747398,29/11/2018,Vente,"165000,00",58.0,AV,3320,D EPERNAY,51100.0,REIMS,51,454,HW,50,2,2.0,Appartement,87.0,3.0
1747405,24/11/2018,Vente,"315000,00",35.0,RUE,1390,DES CAPUCINS,51100.0,REIMS,51,454,IK,53,0,2.0,Appartement,24.0,1.0
1747406,24/11/2018,Vente,"315000,00",35.0,RUE,1390,DES CAPUCINS,51100.0,REIMS,51,454,IK,53,0,2.0,Appartement,20.0,1.0
1747407,24/11/2018,Vente,"315000,00",35.0,RUE,1390,DES CAPUCINS,51100.0,REIMS,51,454,IK,53,0,2.0,Appartement,55.0,3.0
1747408,27/11/2018,Vente,"190000,00",60.0,RUE,6210,DES MOISSONS,51100.0,REIMS,51,454,CK,128,2,2.0,Appartement,115.0,5.0
1747410,19/11/2018,Vente,"180000,00",6.0,RUE,1590,DE CERNAY,51100.0,REIMS,51,454,CW,74,1,2.0,Appartement,67.0,3.0
1747415,12/07/2018,Adjudication,"36000,00",46.0,RUE,1260,DE LA BRIQUETERIE,51100.0,REIMS,51,454,DV,396,1,2.0,Appartement,25.0,1.0
1747421,22/11/2018,Vente,"83430,00",5.0,RUE,6050,MARYSE BASTIE,51100.0,REIMS,51,454,BC,23,2,2.0,Appartement,66.0,4.0
1747422,12/07/2018,Adjudication,"32000,00",46.0,RUE,1260,DE LA BRIQUETERIE,51100.0,REIMS,51,454,DV,396,1,2.0,Appartement,19.0,1.0
1747425,29/11/2018,Vente en l'état futur d'achèvement,"216069,00",,RUE,4220,GRANDVAL,51100.0,REIMS,51,454,CL,989,2,2.0,Appartement,60.0,3.0
1747426,21/11/2018,Vente,"173000,00",18.0,RUE,0010,ABBE DE L EPEE,51100.0,REIMS,51,454,IK,307,3,2.0,Appartement,66.0,3.0
1747436,12/11/2018,Vente,"145000,00",98.0,RUE,3850,GAMBETTA,51100.0,REIMS,51,454,CY,336,1,2.0,Appartement,23.0,1.0
1747438,21/11/2018,Vente,"63000,00",64.0,RUE,7580,ROGER SALENGRO,51100.0,REIMS,51,454,AM,275,2,2.0,Appartement,37.0,2.0
1747450,21/11/2018,Vente,"55000,00",43.0,RUE,8320,DE SILLERY,51100.0,REIMS,51,454,CL,662,2,2.0,Appartement,32.0,1.0
1747452,07/12/2018,Vente,"83630,00",45.0,RUE,0060,ALBERT THOMAS,51100.0,REIMS,51,454,DK,20,2,2.0,Appartement,51.0,2.0
1747455,28/11/2018,Vente,"127000,00",27.0,RUE,9040,DE VESLE,51100.0,REIMS,51,454,IK,4,2,2.0,Appartement,48.0,3.0
1747459,13/12/2018,Vente,"111000,00",23.0,RUE,0910,DE BEZANNES,51100.0,REIMS,51,454,HW,66,1,2.0,Appartement,47.0,3.0
1747467,06/12/2018,Vente,"152000,00",5.0,RUE,8150,STE BALSAMIE,51100.0,REIMS,51,454,CZ,199,0,2.0,Appartement,34.0,2.0
1747468,06/12/2018,Vente,"152000,00",5.0,RUE,8150,STE BALSAMIE,51100.0,REIMS,51,454,CZ,199,0,2.0,Appartement,37.0,2.0
1747473,29/11/2018,Vente,"68500,00",16.0,RUE,5050,JULES BRUNEAU,51100.0,REIMS,51,454,DT,658,2,2.0,Appartement,44.0,2.0
1747476,21/11/2018,Vente,"590000,00",12.0,PAS,8440,SUBE,51100.0,REIMS,51,454,IL,214,0,2.0,Appartement,47.0,2.0
1747477,21/11/2018,Vente,"590000,00",12.0,PAS,8440,SUBE,51100.0,REIMS,51,454,IL,214,0,2.0,Appartement,24.0,1.0
1747478,21/11/2018,Vente,"590000,00",12.0,PAS,8440,SUBE,51100.0,REIMS,51,454,IL,214,0,2.0,Appartement,47.0,2.0
1747480,21/11/2018,Vente,"590000,00",12.0,PAS,8440,SUBE,51100.0,REIMS,51,454,IL,214,0,2.0,Appartement,47.0,2.0
1747484,05/12/2018,Vente,"187000,00",6.0,PL,0380,ARISTIDE BRIAND,51100.0,REIMS,51,454,CW,1,2,2.0,Appartement,82.0,2.0
1747488,05/12/2018,Vente,"130000,00",12.0,BD,5680,LUNDY,51100.0,REIMS,51,454,BH,572,1,2.0,Appartement,43.0,2.0
1747492,07/12/2018,Vente,"85000,00",15.0,RUE,3650,FOLLE PEINE,51100.0,REIMS,51,454,CY,425,1,2.0,Appartement,30.0,1.0
1747495,05/12/2018,Vente,"169000,00",122.0,RUE,3850,GAMBETTA,51100.0,REIMS,51,454,DM,632,2,2.0,Appartement,70.0,4.0
1747497,29/11/2018,Vente en l'état futur d'achèvement,"205000,00",42.0,RUE,4440,HENRI BARBUSSE,51100.0,REIMS,51,454,CL,1007,1,2.0,Appartement,65.0,3.0
1747499,30/11/2018,Vente,"130000,00",41.0,RUE,6470,DE NEUFCHATEL,51100.0,REIMS,51,454,AX,878,1,2.0,Appartement,57.0,4.0
1747503,10/12/2018,Vente,"113000,00",1.0,RUE,7605,ROLAND DORGELES,51100.0,REIMS,51,454,AN,225,2,2.0,Appartement,45.0,2.0
1747504,22/11/2018,Vente,"45000,00",21.0,AV,4455,HENRI FARMAN,51100.0,REIMS,51,454,DH,90,1,2.0,Appartement,17.0,1.0
1747514,28/11/2018,Vente,"116900,00",20.0,RUE,0740,BELIN,51100.0,REIMS,51,454,AX,275,2,2.0,Appartement,44.0,2.0
1747516,30/11/2018,Vente,"91000,00",8.0,RUE,2192,COMMANDANT ARNAUD,51100.0,REIMS,51,454,AL,402,2,2.0,Appartement,71.0,3.0
1747522,03/12/2018,Vente,"128000,00",32.0,RUE,6360,DES MURS,51100.0,REIMS,51,454,CY,67,2,2.0,Appartement,66.0,2.0
1747524,04/12/2018,Vente,"60000,00",68.0,BD,7140,POMMERY,51100.0,REIMS,51,454,CL,702,1,2.0,Appartement,25.0,1.0
1747527,24/11/2018,Vente,"168800,00",62.0,AV,6730,DE PARIS,51100.0,REIMS,51,454,IO,61,2,2.0,Appartement,25.0,2.0
1747529,24/11/2018,Vente,"168800,00",62.0,AV,6730,DE PARIS,51100.0,REIMS,51,454,IO,61,2,2.0,Appartement,32.0,2.0
1747553,28/11/2018,Vente,"75270,00",28.0,RUE,4560,HINCMAR,51100.0,REIMS,51,454,IK,59,1,2.0,Appartement,34.0,2.0
1747561,04/12/2018,Vente en l'état futur d'achèvement,"193500,00",,RUE,4440,HENRI BARBUSSE,51100.0,REIMS,51,454,CL,1005,1,2.0,Appartement,80.0,4.0
1747566,12/12/2018,Vente,"407500,00",6.0,RUE,4890,JEAN JACQUES ROUSSEAU,51100.0,REIMS,51,454,BE,260,2,2.0,Appartement,140.0,4.0
1747571,26/11/2018,Vente,"82000,00",6.0,RUE,8480,DE TAISSY,51100.0,REIMS,51,454,DK,184,1,2.0,Appartement,65.0,3.0
1747573,21/11/2018,Vente,"93000,00",106.0,RUE,7610,DES ROMAINS,51100.0,REIMS,51,454,AR,328,1,2.0,Appartement,49.0,1.0
1747576,27/11/2018,Vente en l'état futur d'achèvement,"162600,00",78.0,AV,1809,CHARLES FANDRE,51100.0,REIMS,51,454,CT,606,1,2.0,Appartement,69.0,3.0
1747585,05/12/2018,Vente,"140000,00",48.0,RUE,5160,DE LA JUSTICE,51100.0,REIMS,51,454,BD,99,1,2.0,Appartement,88.0,4.0
1747595,15/12/2018,Vente,"302270,00",85.0,RUE,6230,DU MONT D ARENE,51100.0,REIMS,51,454,AT,9,1,2.0,Appartement,77.0,4.0
1747596,29/11/2018,Vente,"214665,00",6.0,RUE,5891,MARCEL THIL,51100.0,REIMS,51,454,AV,980,1,2.0,Appartement,87.0,3.0
1747599,14/12/2018,Vente,"293500,00",85.0,RUE,6230,DU MONT D ARENE,51100.0,REIMS,51,454,AT,9,1,2.0,Appartement,79.0,4.0
1747602,13/12/2018,Vente,"114000,00",14.0,RUE,0470,DES AUGUSTINS,51100.0,REIMS,51,454,CY,79,3,2.0,Appartement,57.0,2.0
1747603,05/12/2018,Vente,"57500,00",7.0,CRS,0250,ANATOLE FRANCE,51100.0,REIMS,51,454,CX,214,1,2.0,Appartement,17.0,1.0
1747604,14/12/2018,Vente,"128000,00",12.0,RUE,8480,DE TAISSY,51100.0,REIMS,51,454,DK,233,2,2.0,Appartement,83.0,5.0
1747623,10/12/2018,Vente,"65000,00",97.0,RUE,8430,DE STRASBOURG,51100.0,REIMS,51,454,CV,647,2,2.0,Appartement,45.0,2.0
1747624,30/11/2018,Vente,"3800000,00",19.0,PL,3040,DROUET D ERLON,51100.0,REIMS,51,454,IM,87,0,2.0,Appartement,170.0,4.0
1747625,30/11/2018,Vente,"3800000,00",19.0,PL,3040,DROUET D ERLON,51100.0,REIMS,51,454,IM,87,0,2.0,Appartement,90.0,2.0
1747627,06/12/2018,Vente,"110000,00",10.0,RUE,4120,GOIOT,51100.0,REIMS,51,454,CZ,695,1,2.0,Appartement,85.0,1.0
1747690,14/12/2018,Vente,"80000,00",18.0,RUE,7710,RUINART DE BRIMONT,51100.0,REIMS,51,454,CW,636,1,2.0,Appartement,33.0,1.0
1747701,14/12/2018,Vente,"138025,00",16.0,RUE,6230,DU MONT D ARENE,51100.0,REIMS,51,454,AV,793,1,2.0,Appartement,42.0,2.0
1747713,30/11/2018,Vente,"1000000,00",23.0,PL,3040,DROUET D ERLON,51100.0,REIMS,51,454,IM,86,0,2.0,Appartement,86.0,3.0
1747714,30/11/2018,Vente,"1000000,00",23.0,PL,3040,DROUET D ERLON,51100.0,REIMS,51,454,IM,86,0,2.0,Appartement,86.0,3.0
1747715,30/11/2018,Vente,"1000000,00",23.0,PL,3040,DROUET D ERLON,51100.0,REIMS,51,454,IM,86,0,2.0,Appartement,86.0,3.0
1747716,30/11/2018,Vente,"1000000,00",23.0,PL,3040,DROUET D ERLON,51100.0,REIMS,51,454,IM,86,0,2.0,Appartement,20.0,1.0
1747725,19/11/2018,Vente,"118000,00",35.0,RUE,1980,DE CLAIRMARAIS,51100.0,REIMS,51,454,AT,178,2,2.0,Appartement,81.0,5.0
1747727,28/11/2018,Vente,"143300,00",17.0,RUE,0175,ALPHONSE DAUDET,51100.0,REIMS,51,454,HV,978,2,2.0,Appartement,93.0,5.0
1747740,03/12/2018,Vente en l'état futur d'achèvement,"309000,00",,IMP,5470,DU LEVANT,51100.0,REIMS,51,454,CX,495,1,2.0,Appartement,78.0,3.0
1747742,07/12/2018,Vente,"140000,00",1.0,RUE,1435,CARDINAL SUHARD,51100.0,REIMS,51,454,DM,637,1,2.0,Appartement,103.0,5.0
1747743,07/12/2018,Vente,"44600,00",340.0,AV,5300,DE LAON,51100.0,REIMS,51,454,AM,837,2,2.0,Appartement,34.0,2.0
1747745,13/12/2018,Vente,"129600,00",1.0,RUE,8870,DES TUILERIES,51100.0,REIMS,51,454,DM,559,2,2.0,Appartement,69.0,3.0
1747752,04/12/2018,Vente,"149000,00",53.0,RUE,5460,LESAGE,51100.0,REIMS,51,454,AW,249,2,2.0,Appartement,70.0,3.0
1747754,06/12/2018,Vente,"68000,00",1.0,RUE,6740,PASSE DEMOISELLES,51100.0,REIMS,51,454,HX,117,1,2.0,Appartement,30.0,1.0
1747764,17/12/2018,Vente,"115000,00",37.0,RUE,4160,DE LA GOULETTE,51100.0,REIMS,51,454,BL,624,1,2.0,Appartement,118.0,5.0
1747776,07/12/2018,Vente,"120000,00",2.0,RUE,4360,HANNEQUIN,51100.0,REIMS,51,454,AX,220,1,2.0,Appartement,69.0,3.0
1747777,19/12/2018,Vente,"70000,00",3.0,RUE,8510,DE TAMBOUR,51100.0,REIMS,51,454,BE,278,2,2.0,Appartement,32.0,2.0
1747790,12/12/2018,Vente,"110000,00",3.0,BD,9070,VICTOR HUGO,51100.0,REIMS,51,454,CZ,607,2,2.0,Appartement,65.0,3.0
1747791,03/12/2018,Vente,"270000,00",53.0,AV,6730,DE PARIS,51100.0,REIMS,51,454,HX,504,1,2.0,Appartement,25.0,2.0
1747792,03/12/2018,Vente,"270000,00",53.0,AV,6730,DE PARIS,51100.0,REIMS,51,454,HX,504,1,2.0,Appartement,20.0,1.0
1747793,03/12/2018,Vente,"270000,00",53.0,AV,6730,DE PARIS,51100.0,REIMS,51,454,HX,504,1,2.0,Appartement,18.0,1.0
1747794,03/12/2018,Vente,"270000,00",53.0,AV,6730,DE PARIS,51100.0,REIMS,51,454,HX,504,1,2.0,Appartement,20.0,1.0
1747795,03/12/2018,Vente,"270000,00",53.0,AV,6730,DE PARIS,51100.0,REIMS,51,454,HX,504,1,2.0,Appartement,35.0,2.0
1747796,03/12/2018,Vente,"270000,00",53.0,AV,6730,DE PARIS,51100.0,REIMS,51,454,HX,504,1,2.0,Appartement,20.0,1.0
1747804,05/12/2018,Vente en l'état futur d'achèvement,"126000,00",213.0,RUE,6470,DE NEUFCHATEL,51100.0,REIMS,51,454,AH,79,1,2.0,Appartement,64.0,3.0
1747805,30/11/2018,Vente en l'état futur d'achèvement,"405000,00",,IMP,5470,DU LEVANT,51100.0,REIMS,51,454,CX,495,1,2.0,Appartement,101.0,4.0
1747813,07/12/2018,Vente,"71596,00",8.0,BD,5010,JOFFRE,51100.0,REIMS,51,454,AT,128,1,2.0,Appartement,15.0,1.0
1747814,07/12/2018,Vente,"71596,00",8.0,BD,5010,JOFFRE,51100.0,REIMS,51,454,AT,128,1,2.0,Appartement,18.0,1.0
1747824,07/12/2018,Vente,"35312,00",8.0,BD,5010,JOFFRE,51100.0,REIMS,51,454,AT,128,1,2.0,Appartement,26.0,1.0
1747825,07/12/2018,Vente,"1051319,00",6.0,BD,5010,JOFFRE,51100.0,REIMS,51,454,AT,127,2,2.0,Appartement,61.0,3.0
1747826,07/12/2018,Vente,"1051319,00",6.0,BD,5010,JOFFRE,51100.0,REIMS,51,454,AT,127,2,2.0,Appartement,53.0,3.0
1747827,07/12/2018,Vente,"1051319,00",8.0,BD,5010,JOFFRE,51100.0,REIMS,51,454,AT,128,1,2.0,Appartement,80.0,2.0
1747828,07/12/2018,Vente,"1051319,00",8.0,BD,5010,JOFFRE,51100.0,REIMS,51,454,AT,128,3,2.0,Appartement,23.0,2.0
1747829,07/12/2018,Vente,"1051319,00",8.0,BD,5010,JOFFRE,51100.0,REIMS,51,454,AT,128,1,2.0,Appartement,15.0,1.0
1747831,07/12/2018,Vente,"1051319,00",8.0,BD,5010,JOFFRE,51100.0,REIMS,51,454,AT,128,1,2.0,Appartement,19.0,1.0
1747832,07/12/2018,Vente,"1051319,00",8.0,BD,5010,JOFFRE,51100.0,REIMS,51,454,AT,128,1,2.0,Appartement,12.0,1.0
1747833,07/12/2018,Vente,"1051319,00",8.0,BD,5010,JOFFRE,51100.0,REIMS,51,454,AT,128,1,2.0,Appartement,16.0,0.0
1747834,10/12/2018,Vente,"70000,00",12.0,RUE,4120,GOIOT,51100.0,REIMS,51,454,CZ,11,1,2.0,Appartement,44.0,2.0
1747857,03/12/2018,Vente,"58000,00",45.0,RUE,8320,DE SILLERY,51100.0,REIMS,51,454,CL,662,1,2.0,Appartement,31.0,1.0
1747861,11/12/2018,Vente,"54000,00",17.0,RUE,0820,DE BERRU,51100.0,REIMS,51,454,CV,812,1,2.0,Appartement,18.0,1.0
1747871,03/12/2018,Vente,"76000,00",1.0,RUE,9260,WERLE,51100.0,REIMS,51,454,BH,530,1,2.0,Appartement,25.0,1.0
1747883,18/12/2018,Vente,"76000,00",3.0,CHS,7970,SAINT MARTIN,51100.0,REIMS,51,454,DN,587,1,2.0,Appartement,56.0,3.0
1747890,13/12/2018,Vente,"205000,00",23.0,RUE,1550,CERES,51100.0,REIMS,51,454,BE,98,2,2.0,Appartement,87.0,4.0
1747892,07/12/2018,Vente,"211643,00",32.0,BD,4760,JAMIN,51100.0,REIMS,51,454,BI,854,1,2.0,Appartement,95.0,5.0
1747897,27/11/2018,Vente,"88000,00",8.0,ALL,3045,DU BELLAY,51100.0,REIMS,51,454,DK,184,1,2.0,Appartement,65.0,3.0
1747909,07/12/2018,Vente,"105000,00",57.0,RUE,6830,P VAILLANT COUTURIER,51100.0,REIMS,51,454,AV,49,2,2.0,Appartement,60.0,3.0
1747915,07/12/2018,Vente en l'état futur d'achèvement,"154442,00",,RUE,4220,GRANDVAL,51100.0,REIMS,51,454,CL,1000,1,2.0,Appartement,39.0,2.0
1747922,14/12/2018,Vente,"60000,00",19.0,RUE,0820,DE BERRU,51100.0,REIMS,51,454,CV,808,1,2.0,Appartement,33.0,2.0
1747924,10/12/2018,Vente,"395000,00",13.0,RUE,5940,MARLOT,51100.0,REIMS,51,454,IK,535,0,2.0,Appartement,16.0,1.0
1747925,10/12/2018,Vente,"395000,00",13.0,RUE,5940,MARLOT,51100.0,REIMS,51,454,IK,535,0,2.0,Appartement,16.0,1.0
1747926,10/12/2018,Vente,"395000,00",13.0,RUE,5940,MARLOT,51100.0,REIMS,51,454,IK,535,0,2.0,Appartement,18.0,1.0
1747927,10/12/2018,Vente,"395000,00",13.0,RUE,5940,MARLOT,51100.0,REIMS,51,454,IK,535,0,2.0,Appartement,18.0,1.0
1747928,10/12/2018,Vente,"395000,00",13.0,RUE,5940,MARLOT,51100.0,REIMS,51,454,IK,535,0,2.0,Appartement,16.0,1.0
1747929,10/12/2018,Vente,"395000,00",13.0,RUE,5940,MARLOT,51100.0,REIMS,51,454,IK,535,0,2.0,Appartement,20.0,1.0
1747930,10/12/2018,Vente,"395000,00",13.0,RUE,5940,MARLOT,51100.0,REIMS,51,454,IK,535,0,2.0,Appartement,16.0,1.0
1747935,11/12/2018,Vente,"122200,00",26.0,RUE,7190,DE PONTGIVART,51100.0,REIMS,51,454,AY,412,1,2.0,Appartement,70.0,3.0
1747936,11/12/2018,Vente,"122200,00",26.0,RUE,7190,DE PONTGIVART,51100.0,REIMS,51,454,AY,412,1,2.0,Appartement,48.0,2.0
1747937,13/12/2018,Vente,"138875,00",8.0,RUE,8330,SIMON,51100.0,REIMS,51,454,DM,637,1,2.0,Appartement,87.0,4.0
1747949,17/12/2018,Vente,"160000,00",26.0,RUE,5340,LECOINTRE,51100.0,REIMS,51,454,AV,945,1,2.0,Appartement,84.0,3.0
1747958,13/12/2018,Vente,"114000,00",2.0,BD,4550,HENRY VASNIER,51100.0,REIMS,51,454,CZ,450,2,2.0,Appartement,65.0,4.0
1747961,11/12/2018,Vente,"42000,00",45.0,RUE,8430,DE STRASBOURG,51100.0,REIMS,51,454,CV,561,1,2.0,Appartement,18.0,1.0
1747972,14/12/2018,Vente en l'état futur d'achèvement,"249900,00",,RUE,5891,MARCEL THIL,51100.0,REIMS,51,454,AV,1091,1,2.0,Appartement,70.0,3.0
1747974,14/12/2018,Vente en l'état futur d'achèvement,"242500,00",,RUE,5891,MARCEL THIL,51100.0,REIMS,51,454,AV,1091,1,2.0,Appartement,70.0,3.0
1747977,12/12/2018,Vente en l'état futur d'achèvement,"129000,00",,RUE,5891,MARCEL THIL,51100.0,REIMS,51,454,AV,1091,1,2.0,Appartement,33.0,1.0
1747981,14/12/2018,Vente en l'état futur d'achèvement,"180500,00",,RUE,5891,MARCEL THIL,51100.0,REIMS,51,454,AV,1091,1,2.0,Appartement,49.0,2.0
1747982,18/12/2018,Vente en l'état futur d'achèvement,"122000,00",,RUE,5891,MARCEL THIL,51100.0,REIMS,51,454,AV,1091,1,2.0,Appartement,33.0,1.0
1747985,14/12/2018,Vente en l'état futur d'achèvement,"169500,00",,RUE,5891,MARCEL THIL,51100.0,REIMS,51,454,AV,1091,1,2.0,Appartement,48.0,2.0
1747997,12/12/2018,Vente,"104000,00",51.0,RUE,2290,COQUEBERT,51100.0,REIMS,51,454,BH,496,1,2.0,Appartement,243.0,1.0
1747999,14/12/2018,Vente,"105000,00",9.0,RUE,4307,GUILLAUME APOLLINAIRE,51100.0,REIMS,51,454,KP,30,1,2.0,Appartement,71.0,3.0
1748004,12/12/2018,Vente,"82200,00",1.0,RUE,8260,SCULPTEURS JACQUES,51100.0,REIMS,51,454,HW,278,1,2.0,Appartement,55.0,3.0
1748008,19/12/2018,Vente,"310000,00",3.0,RUE,4540,HENRI IV,51100.0,REIMS,51,454,IL,22,0,2.0,Appartement,30.0,1.0
1748009,19/12/2018,Vente,"310000,00",3.0,RUE,4540,HENRI IV,51100.0,REIMS,51,454,IL,22,0,2.0,Appartement,32.0,1.0
1748010,19/12/2018,Vente,"310000,00",3.0,RUE,4540,HENRI IV,51100.0,REIMS,51,454,IL,22,0,2.0,Appartement,30.0,1.0
1748013,12/12/2018,Vente,"182035,00",32.0,RUE,3280,EMILE ZOLA,51100.0,REIMS,51,454,AW,451,1,2.0,Appartement,64.0,3.0
1748014,18/12/2018,Vente,"113000,00",246.0,RUE,6830,P VAILLANT COUTURIER,51100.0,REIMS,51,454,AD,984,1,2.0,Appartement,35.0,2.0
1748016,05/12/2018,Vente en l'état futur d'achèvement,"505404,00",25.0,RUE,3210,DES ELUS,51100.0,REIMS,51,454,IL,117,1,2.0,Appartement,91.0,3.0
1748022,18/12/2018,Vente,"240000,00",7.0,RUE,4730,DES JACOBINS,51100.0,REIMS,51,454,IK,107,2,2.0,Appartement,96.0,3.0
1748024,12/12/2018,Vente,"90000,00",13.0,RUE,8720,TOURNEBONNEAU,51100.0,REIMS,51,454,DM,630,2,2.0,Appartement,54.0,2.0
1748026,26/12/2018,Vente,"475000,00",7.0,RUE,1723,CHANOINE RENE CAMUS,51100.0,REIMS,51,454,KO,50,0,2.0,Appartement,25.0,1.0
1748027,26/12/2018,Vente,"475000,00",7.0,RUE,1723,CHANOINE RENE CAMUS,51100.0,REIMS,51,454,KO,50,0,2.0,Appartement,38.0,2.0
1748028,26/12/2018,Vente,"475000,00",7.0,RUE,1723,CHANOINE RENE CAMUS,51100.0,REIMS,51,454,KO,50,0,2.0,Appartement,38.0,2.0
1748029,26/12/2018,Vente,"475000,00",7.0,RUE,1723,CHANOINE RENE CAMUS,51100.0,REIMS,51,454,KO,50,0,2.0,Appartement,25.0,1.0
1748030,26/12/2018,Vente,"475000,00",7.0,RUE,1723,CHANOINE RENE CAMUS,51100.0,REIMS,51,454,KO,50,0,2.0,Appartement,30.0,2.0
1748031,26/12/2018,Vente,"475000,00",7.0,RUE,1723,CHANOINE RENE CAMUS,51100.0,REIMS,51,454,KO,50,0,2.0,Appartement,45.0,2.0
1748032,26/12/2018,Vente,"475000,00",7.0,RUE,1723,CHANOINE RENE CAMUS,51100.0,REIMS,51,454,KO,50,0,2.0,Appartement,45.0,2.0
1748033,26/12/2018,Vente,"475000,00",7.0,RUE,1723,CHANOINE RENE CAMUS,51100.0,REIMS,51,454,KO,50,0,2.0,Appartement,38.0,2.0
1748034,26/12/2018,Vente,"475000,00",7.0,RUE,1723,CHANOINE RENE CAMUS,51100.0,REIMS,51,454,KO,50,0,2.0,Appartement,30.0,1.0
1748035,26/12/2018,Vente,"475000,00",7.0,RUE,1723,CHANOINE RENE CAMUS,51100.0,REIMS,51,454,KO,50,0,2.0,Appartement,38.0,2.0
1748042,12/12/2018,Vente,"158500,00",41.0,BD,2930,DOCTEUR HENRI HENROT,51100.0,REIMS,51,454,DM,663,2,2.0,Appartement,78.0,4.0
1748061,17/12/2018,Vente,"55912,00",46.0,RUE,8090,SAINT THIERRY,51100.0,REIMS,51,454,AV,606,1,2.0,Appartement,34.0,1.0
1748062,19/12/2018,Vente,"82500,00",51.0,BD,4550,HENRY VASNIER,51100.0,REIMS,51,454,CI,77,1,2.0,Appartement,30.0,1.0
1748064,12/12/2018,Vente,"140000,00",24.0,RUE,3150,DE L ECU,51100.0,REIMS,51,454,CW,653,2,2.0,Appartement,51.0,2.0
1748065,12/12/2018,Vente,"140000,00",24.0,RUE,3150,DE L ECU,51100.0,REIMS,51,454,CW,653,3,2.0,Appartement,29.0,2.0
1748066,17/12/2018,Vente,"479000,00",21.0,RUE,5780,DE LA MAGDELEINE,51100.0,REIMS,51,454,IN,20,4,2.0,Appartement,140.0,5.0
1748071,17/12/2018,Vente,"114000,00",49.0,RUE,6920,PETIT DELBOURG,51100.0,REIMS,51,454,CL,724,2,2.0,Appartement,63.0,3.0
1748084,07/12/2018,Vente,"130000,00",179.0,AV,4900,JEAN JAURES,51100.0,REIMS,51,454,BK,461,2,2.0,Appartement,78.0,4.0
1748100,17/12/2018,Vente,"202000,00",1.0,RUE,3990,GEORGES BOUSSINESQ,51100.0,REIMS,51,454,CL,158,3,2.0,Appartement,100.0,4.0
1748104,15/11/2018,Vente,"86700,00",43.0,RUE,1310,BUIRETTE,51100.0,REIMS,51,454,IM,209,2,2.0,Appartement,29.0,2.0
1748106,07/12/2018,Vente,"74000,00",5.0,BD,2830,DIEU LUMIERE,51100.0,REIMS,51,454,DM,638,2,2.0,Appartement,47.0,2.0
1748125,07/12/2018,Vente,"155000,00",6.0,RUE,3987,GEORGES BERNANOS,51100.0,REIMS,51,454,HV,978,2,2.0,Appartement,107.0,6.0
1748150,19/12/2018,Vente,"130000,00",10.0,RUE,2480,DES COUTURES,51100.0,REIMS,51,454,CK,60,2,2.0,Appartement,66.0,4.0
1748152,19/12/2018,Vente,"311250,00",27.0,BD,6690,DE LA PAIX,51100.0,REIMS,51,454,CK,128,3,2.0,Appartement,136.0,6.0
1748157,06/12/2018,Vente,"680000,00",4.0,PL,4600,DE L HOTEL DE VILLE,51100.0,REIMS,51,454,BE,263,0,2.0,Appartement,80.0,4.0
1748158,06/12/2018,Vente,"680000,00",4.0,PL,4600,DE L HOTEL DE VILLE,51100.0,REIMS,51,454,BE,263,0,2.0,Appartement,80.0,3.0
1748159,06/12/2018,Vente,"680000,00",4.0,PL,4600,DE L HOTEL DE VILLE,51100.0,REIMS,51,454,BE,263,0,2.0,Appartement,55.0,2.0
1748161,06/12/2018,Vente,"680000,00",4.0,PL,4600,DE L HOTEL DE VILLE,51100.0,REIMS,51,454,BE,263,0,2.0,Appartement,80.0,4.0
1748163,19/12/2018,Vente,"400000,00",110.0,RUE,7610,DES ROMAINS,51100.0,REIMS,51,454,AR,329,0,2.0,Appartement,27.0,2.0
1748165,19/12/2018,Vente,"400000,00",110.0,RUE,7610,DES ROMAINS,51100.0,REIMS,51,454,AR,329,0,2.0,Appartement,55.0,3.0
1748166,19/12/2018,Vente,"400000,00",110.0,RUE,7610,DES ROMAINS,51100.0,REIMS,51,454,AR,329,0,2.0,Appartement,32.0,2.0
1748167,19/12/2018,Vente,"400000,00",110.0,RUE,7610,DES ROMAINS,51100.0,REIMS,51,454,AR,329,0,2.0,Appartement,69.0,3.0
1748169,17/12/2018,Vente,"166050,00",25.0,AV,4900,JEAN JAURES,51100.0,REIMS,51,454,BH,247,2,2.0,Appartement,94.0,5.0
1748172,17/12/2018,Vente,"4000,00",25.0,AV,4900,JEAN JAURES,51100.0,REIMS,51,454,BH,247,1,2.0,Appartement,94.0,5.0
1748173,14/12/2018,Vente,"65000,00",6.0,RUE,4120,GOIOT,51100.0,REIMS,51,454,CZ,201,3,2.0,Appartement,45.0,2.0
1748178,21/12/2018,Vente,"65000,00",13.0,PL,8711,TOULOUSE LAUTREC,51100.0,REIMS,51,454,KR,29,1,2.0,Appartement,51.0,2.0
1748186,30/11/2018,Vente,"55000,00",8.0,RUE,5195,KERGUELEN,51100.0,REIMS,51,454,ET,547,2,2.0,Appartement,42.0,2.0
1748188,17/12/2018,Vente,"235000,00",30.0,RUE,2430,DE COURCELLES,51100.0,REIMS,51,454,AT,492,1,2.0,Appartement,65.0,3.0
1748203,10/12/2018,Vente en l'état futur d'achèvement,"300000,00",90.0,RUE,7160,PONSARDIN,51100.0,REIMS,51,454,CY,755,1,2.0,Appartement,81.0,4.0
1748210,12/12/2018,Vente,"152000,00",68.0,RUE,3500,FAVART D HERBIGNY,51100.0,REIMS,51,454,CV,887,1,2.0,Appartement,74.0,4.0
1748214,17/12/2018,Vente,"333002,00",8.0,RUE,7060,PIPER,51100.0,REIMS,51,454,CW,531,3,2.0,Appartement,115.0,4.0
1748215,14/12/2018,Vente,"204250,00",112.0,BD,7140,POMMERY,51100.0,REIMS,51,454,CL,392,0,2.0,Appartement,48.0,3.0
1748216,14/12/2018,Vente,"204250,00",112.0,BD,7140,POMMERY,51100.0,REIMS,51,454,CL,392,0,2.0,Appartement,17.0,1.0
1748217,14/12/2018,Vente,"204250,00",112.0,BD,7140,POMMERY,51100.0,REIMS,51,454,CL,392,0,2.0,Appartement,40.0,2.0
1748218,14/12/2018,Vente,"204250,00",112.0,BD,7140,POMMERY,51100.0,REIMS,51,454,CL,392,0,2.0,Appartement,17.0,1.0
1748219,13/12/2018,Vente,"343000,00",20.0,RUE,6210,DES MOISSONS,51100.0,REIMS,51,454,CW,20,2,2.0,Appartement,106.0,5.0
1748222,14/12/2018,Vente,"60000,00",15.0,RUE,5920,M CLEMENCE FOURIAUX,51100.0,REIMS,51,454,AT,84,1,2.0,Appartement,16.0,1.0
1748223,14/12/2018,Vente,"66000,00",41.0,RUE,3820,DE GABES,51100.0,REIMS,51,454,BL,332,2,2.0,Appartement,28.0,2.0
1748235,19/12/2018,Vente,"123000,00",15.0,RUE,6000,MARTEAU,51100.0,REIMS,51,454,CV,34,2,2.0,Appartement,64.0,3.0
1748248,14/12/2018,Vente en l'état futur d'achèvement,"150136,00",6.0,RUE,8090,SAINT THIERRY,51100.0,REIMS,51,454,AV,1097,1,2.0,Appartement,36.0,1.0
1748250,17/12/2018,Vente,"75300,00",218.0,RUE,6830,P VAILLANT COUTURIER,51100.0,REIMS,51,454,AN,668,1,2.0,Appartement,52.0,2.0
1748252,19/12/2018,Vente,"140000,00",112.0,AV,4900,JEAN JAURES,51100.0,REIMS,51,454,CW,297,2,2.0,Appartement,76.0,4.0
1748266,27/12/2018,Vente,"108000,00",51.0,RUE,5270,LANDOUZY,51100.0,REIMS,51,454,AW,405,2,2.0,Appartement,67.0,2.0
1748267,21/12/2018,Vente,"59000,00",1.0,BD,1800,CHARLES ARNOULD,51100.0,REIMS,51,454,AV,2,2,2.0,Appartement,20.0,1.0
1748272,18/12/2018,Vente,"64300,00",18.0,CRS,4850,J B LANGLET,51100.0,REIMS,51,454,IL,501,2,2.0,Appartement,21.0,1.0
1748273,10/12/2018,Vente,"62100,00",3.0,BD,7960,ST MARCEAUX,51100.0,REIMS,51,454,CW,381,1,2.0,Appartement,23.0,1.0
1748276,28/12/2018,Vente,"70000,00",22.0,RUE,3000,DOCTEUR THOMAS,51100.0,REIMS,51,454,AW,365,1,2.0,Appartement,68.0,3.0
1748282,12/12/2018,Vente,"49910,00",38.0,RUE,1870,DE CHATIVESLE,51100.0,REIMS,51,454,IM,391,1,2.0,Appartement,20.0,1.0
1748285,14/12/2018,Vente en l'état futur d'achèvement,"479000,00",,IMP,5470,DU LEVANT,51100.0,REIMS,51,454,CX,495,1,2.0,Appartement,118.0,4.0
1748308,19/12/2018,Vente,"82800,00",30.0,RUE,8980,VERNOUILLET,51100.0,REIMS,51,454,AT,240,2,2.0,Appartement,46.0,2.0
1748309,17/12/2018,Vente,"213900,00",6.0,RUE,4270,DE LA GRUE,51100.0,REIMS,51,454,CX,39,1,2.0,Appartement,46.0,1.0
1748329,21/12/2018,Vente,"70000,00",61.0,RUE,6940,PETIT HUTIN,51100.0,REIMS,51,454,CL,398,3,2.0,Appartement,47.0,3.0
1748337,12/12/2018,Vente,"177810,00",44.0,RUE,6480,DE LA NEUVILLETTE,51100.0,REIMS,51,454,AX,340,2,2.0,Appartement,66.0,3.0
1748351,20/12/2018,Vente,"80000,00",42.0,RUE,1360,CAMILLE LENOIR,51100.0,REIMS,51,454,BH,159,2,2.0,Appartement,26.0,1.0
1748358,13/12/2018,Vente,"182000,00",3.0,RUE,1590,DE CERNAY,51100.0,REIMS,51,454,CW,76,1,2.0,Appartement,61.0,2.0
1748359,20/12/2018,Vente,"80050,00",33.0,RUE,7800,SAINT BRUNO,51100.0,REIMS,51,454,CV,344,2,2.0,Appartement,45.0,2.0
1748368,19/12/2018,Vente,"104000,00",18.0,AV,4900,JEAN JAURES,51100.0,REIMS,51,454,CW,638,1,2.0,Appartement,75.0,2.0
1748402,17/12/2018,Vente,"204500,00",8.0,COUR,3110,DES ECHELLES,51100.0,REIMS,51,454,CW,81,1,2.0,Appartement,63.0,3.0
1748404,20/12/2018,Vente,"23300,00",21.0,RUE,1550,CERES,51100.0,REIMS,51,454,BE,505,2,2.0,Appartement,9.0,1.0
1748405,20/12/2018,Vente,"23300,00",21.0,RUE,1550,CERES,51100.0,REIMS,51,454,BE,505,1,2.0,Appartement,19.0,1.0
1748413,28/12/2018,Vente,"54000,00",8.0,RUE,1980,DE CLAIRMARAIS,51100.0,REIMS,51,454,AT,207,2,2.0,Appartement,23.0,1.0
1748433,20/12/2018,Vente,"335000,00",21.0,RUE,1550,CERES,51100.0,REIMS,51,454,BE,505,2,2.0,Appartement,159.0,6.0
1748435,27/12/2018,Vente,"425210,00",21.0,RUE,3180,EDOUARD MIGNOT,51100.0,REIMS,51,454,AT,375,1,2.0,Appartement,126.0,5.0
1748442,19/12/2018,Vente en l'état futur d'achèvement,"204461,00",,RUE,4220,GRANDVAL,51100.0,REIMS,51,454,CL,989,2,2.0,Appartement,65.0,3.0
1748444,18/12/2018,Vente en l'état futur d'achèvement,"166000,00",31.0,RUE,6490,DE NICE,51100.0,REIMS,51,454,CR,61,1,2.0,Appartement,67.0,3.0
1748463,19/12/2018,Vente,"146500,00",24.0,RUE,3850,GAMBETTA,51100.0,REIMS,51,454,IK,1398,1,2.0,Appartement,55.0,3.0
1748464,14/12/2018,Vente,"112350,00",11.0,RUE,5260,LAMOUCHE,51100.0,REIMS,51,454,AV,887,1,2.0,Appartement,50.0,2.0
1748466,21/12/2018,Vente,"131010,00",31.0,RUE,8640,DE THILLOIS,51100.0,REIMS,51,454,IM,139,1,2.0,Appartement,50.0,2.0
1748467,28/12/2018,Vente,"110000,00",10.0,RUE,4290,GUERNIER,51100.0,REIMS,51,454,BI,627,2,2.0,Appartement,72.0,4.0
1748471,28/12/2018,Vente en l'état futur d'achèvement,"158423,00",,RUE,4220,GRANDVAL,51100.0,REIMS,51,454,CL,1000,1,2.0,Appartement,39.0,2.0
1748475,28/12/2018,Vente en l'état futur d'achèvement,"266860,00",,RUE,4220,GRANDVAL,51100.0,REIMS,51,454,CL,1000,2,2.0,Appartement,93.0,4.0
1748476,14/12/2018,Vente,"115000,00",18.0,RUE,6720,DE PARGNY,51100.0,REIMS,51,454,HX,391,2,2.0,Appartement,76.0,3.0
1748479,21/12/2018,Vente en l'état futur d'achèvement,"167204,00",,RUE,4220,GRANDVAL,51100.0,REIMS,51,454,CL,989,1,2.0,Appartement,43.0,2.0
1748490,28/12/2018,Vente,"131000,00",36.0,ALL,4337,GUY DE MAUPASSANT,51100.0,REIMS,51,454,HK,1287,1,2.0,Appartement,83.0,4.0
1748494,28/12/2018,Vente,"90000,00",16.0,BD,4550,HENRY VASNIER,51100.0,REIMS,51,454,CZ,11,1,2.0,Appartement,62.0,3.0
1748500,21/12/2018,Vente,"212500,00",5.0,RUE,0845,BERTRAND DE MUN,51100.0,REIMS,51,454,CM,116,2,2.0,Appartement,122.0,6.0
1748502,27/12/2018,Vente,"260000,00",27.0,RUE,8640,DE THILLOIS,51100.0,REIMS,51,454,IM,129,2,2.0,Appartement,72.0,4.0
1748504,19/12/2018,Vente,"180000,00",62.0,AV,4900,JEAN JAURES,51100.0,REIMS,51,454,CW,679,1,2.0,Appartement,77.0,3.0
1748506,14/12/2018,Vente,"66000,00",66.0,RUE,9040,DE VESLE,51100.0,REIMS,51,454,IM,119,1,2.0,Appartement,23.0,1.0
1748507,27/12/2018,Vente,"65000,00",38.0,RUE,0610,BARON,51100.0,REIMS,51,454,CV,224,1,2.0,Appartement,30.0,1.0
1748511,20/12/2018,Vente en l'état futur d'achèvement,"186950,00",,RUE,4220,GRANDVAL,51100.0,REIMS,51,454,CL,989,2,2.0,Appartement,67.0,3.0
1748520,26/12/2018,Vente,"172000,00",77.0,CHS,7970,SAINT MARTIN,51100.0,REIMS,51,454,DN,285,1,2.0,Appartement,65.0,3.0
1748524,20/12/2018,Vente,"130000,00",16.0,BD,4550,HENRY VASNIER,51100.0,REIMS,51,454,CZ,11,2,2.0,Appartement,62.0,3.0
1748526,21/12/2018,Vente,"51350,00",16.0,RUE,5050,JULES BRUNEAU,51100.0,REIMS,51,454,DT,658,2,2.0,Appartement,24.0,1.0
1748528,20/12/2018,Vente,"220000,00",27.0,BD,3950,DU GENERAL LECLERC,51100.0,REIMS,51,454,IM,405,3,2.0,Appartement,48.0,2.0
1748529,20/12/2018,Vente,"220000,00",27.0,BD,3950,DU GENERAL LECLERC,51100.0,REIMS,51,454,IM,405,4,2.0,Appartement,57.0,2.0
1748546,18/12/2018,Vente,"55000,00",209.0,RUE,0600,DU BARBATRE,51100.0,REIMS,51,454,CZ,251,1,2.0,Appartement,22.0,1.0
1748553,21/12/2018,Vente,"55800,00",9.0,RUE,0300,ANQUETIL,51100.0,REIMS,51,454,AV,271,1,2.0,Appartement,49.0,1.0
1748555,28/12/2018,Vente en l'état futur d'achèvement,"161835,00",,RUE,4220,GRANDVAL,51100.0,REIMS,51,454,CL,1000,1,2.0,Appartement,41.0,2.0
1748558,27/12/2018,Vente en l'état futur d'achèvement,"131000,00",78.0,AV,1809,CHARLES FANDRE,51100.0,REIMS,51,454,CT,606,1,2.0,Appartement,54.0,2.0
1748559,17/12/2018,Vente,"101000,00",2.0,RUE,0845,BERTRAND DE MUN,51100.0,REIMS,51,454,CN,573,2,2.0,Appartement,60.0,2.0
1748561,27/12/2018,Vente,"144900,00",8.0,RUE,8950,DE VENISE,51100.0,REIMS,51,454,IK,1335,1,2.0,Appartement,68.0,3.0
1748566,26/12/2018,Vente,"179000,00",8.0,RUE,8950,DE VENISE,51100.0,REIMS,51,454,IK,1335,1,2.0,Appartement,99.0,5.0
1748568,21/12/2018,Vente,"115000,00",50.0,RUE,5160,DE LA JUSTICE,51100.0,REIMS,51,454,BD,99,1,2.0,Appartement,69.0,2.0
1748580,21/12/2018,Vente,"175000,00",8.0,RUE,8950,DE VENISE,51100.0,REIMS,51,454,IK,1335,1,2.0,Appartement,96.0,4.0
1748586,27/12/2018,Vente,"223000,00",8.0,RUE,8950,DE VENISE,51100.0,REIMS,51,454,IK,1335,1,2.0,Appartement,99.0,5.0
1748588,27/12/2018,Vente en l'état futur d'achèvement,"141000,00",213.0,RUE,6470,DE NEUFCHATEL,51100.0,REIMS,51,454,AH,79,1,2.0,Appartement,66.0,10.0
1748595,20/12/2018,Vente,"100000,00",15.0,RUE,0910,DE BEZANNES,51100.0,REIMS,51,454,HW,62,1,2.0,Appartement,27.0,1.0
1748597,20/12/2018,Vente,"100000,00",15.0,RUE,0910,DE BEZANNES,51100.0,REIMS,51,454,HW,62,2,2.0,Appartement,21.0,3.0
1748601,26/12/2018,Vente,"89000,00",14.0,BD,4550,HENRY VASNIER,51100.0,REIMS,51,454,CZ,11,1,2.0,Appartement,62.0,3.0
1748610,27/12/2018,Vente,"135308,00",16.0,RUE,5895,MARECHAL GALLIENI,51100.0,REIMS,51,454,AH,609,1,2.0,Appartement,73.0,4.0
1748612,18/12/2018,Vente,"84000,00",118.0,AV,4900,JEAN JAURES,51100.0,REIMS,51,454,CW,303,2,2.0,Appartement,65.0,3.0
1748618,21/12/2018,Vente en l'état futur d'achèvement,"163086,00",,RUE,4220,GRANDVAL,51100.0,REIMS,51,454,CL,1000,1,2.0,Appartement,42.0,2.0
1748626,23/10/2018,Vente,"170000,00",10.0,RUE,0280,D ANJOU,51100.0,REIMS,51,454,CX,373,2,2.0,Appartement,98.0,4.0
1748628,28/12/2018,Vente,"65000,00",10.0,RUE,4120,GOIOT,51100.0,REIMS,51,454,CZ,695,1,2.0,Appartement,47.0,1.0
1748635,27/12/2018,Vente,"158600,00",6.0,AV,3455,DE L EUROPE,51100.0,REIMS,51,454,CM,118,2,2.0,Appartement,107.0,5.0
1748637,26/12/2018,Vente,"144900,00",8.0,RUE,8950,DE VENISE,51100.0,REIMS,51,454,IK,1335,1,2.0,Appartement,68.0,3.0
1748640,21/12/2018,Vente,"35000,00",6.0,RUE,4890,JEAN JACQUES ROUSSEAU,51100.0,REIMS,51,454,BE,260,1,2.0,Appartement,140.0,4.0
1748641,21/12/2018,Vente,"186312,00",211.0,RUE,0600,DU BARBATRE,51100.0,REIMS,51,454,CZ,250,2,2.0,Appartement,48.0,3.0
1748642,21/12/2018,Vente,"186312,00",211.0,RUE,0600,DU BARBATRE,51100.0,REIMS,51,454,CZ,250,2,2.0,Appartement,31.0,3.0
1748643,21/12/2018,Vente,"186312,00",211.0,RUE,0600,DU BARBATRE,51100.0,REIMS,51,454,CZ,250,2,2.0,Appartement,44.0,3.0
1748644,21/12/2018,Vente,"186312,00",211.0,RUE,0600,DU BARBATRE,51100.0,REIMS,51,454,CZ,250,2,2.0,Appartement,35.0,3.0
1748648,20/12/2018,Vente,"123050,00",25.0,RUE,2480,DES COUTURES,51100.0,REIMS,51,454,CI,10,2,2.0,Appartement,60.0,3.0
1748653,21/12/2018,Vente en l'état futur d'achèvement,"221000,00",40.0,RUE,7790,DE ST BRICE,51100.0,REIMS,51,454,AT,247,1,2.0,Appartement,66.0,3.0
1748655,19/12/2018,Vente,"110000,00",8.0,ESP,3590,FLECHAMBAULT,51100.0,REIMS,51,454,DM,636,1,2.0,Appartement,73.0,3.0
1748657,28/12/2018,Vente,"62000,00",10.0,RUE,0254,ANDRE FAIVRE,51100.0,REIMS,51,454,KP,16,1,2.0,Appartement,44.0,1.0
1748658,26/12/2018,Vente,"90000,00",25.0,RUE,3180,EDOUARD MIGNOT,51100.0,REIMS,51,454,AT,374,1,2.0,Appartement,33.0,2.0
1748668,19/12/2018,Vente,"88000,00",11.0,RUE,4307,GUILLAUME APOLLINAIRE,51100.0,REIMS,51,454,KP,30,1,2.0,Appartement,55.0,2.0
1748673,28/12/2018,Vente,"240000,00",27.0,RUE,5920,M CLEMENCE FOURIAUX,51100.0,REIMS,51,454,AT,93,0,2.0,Appartement,58.0,3.0
1748674,28/12/2018,Vente,"240000,00",27.0,RUE,5920,M CLEMENCE FOURIAUX,51100.0,REIMS,51,454,AT,93,0,2.0,Appartement,36.0,3.0
1748675,28/12/2018,Vente,"240000,00",27.0,RUE,5920,M CLEMENCE FOURIAUX,51100.0,REIMS,51,454,AT,93,0,2.0,Appartement,58.0,3.0
1748677,28/12/2018,Vente,"240000,00",27.0,RUE,5920,M CLEMENCE FOURIAUX,51100.0,REIMS,51,454,AT,93,0,2.0,Appartement,56.0,2.0
1748678,28/12/2018,Vente,"240000,00",27.0,RUE,5920,M CLEMENCE FOURIAUX,51100.0,REIMS,51,454,AT,93,0,2.0,Appartement,58.0,3.0
1748680,26/12/2018,Vente,"285000,00",8.0,RUE,8700,DE LA TIRELIRE,51100.0,REIMS,51,454,IL,464,3,2.0,Appartement,94.0,4.0
1748682,19/12/2018,Vente,"223000,00",6.0,RUE,5780,DE LA MAGDELEINE,51100.0,REIMS,51,454,IM,505,1,2.0,Appartement,82.0,3.0
1748687,21/12/2018,Vente,"56000,00",7.0,RUE,4307,GUILLAUME APOLLINAIRE,51100.0,REIMS,51,454,KP,30,1,2.0,Appartement,41.0,1.0
1748691,28/12/2018,Vente,"61000,00",197.0,RUE,0600,DU BARBATRE,51100.0,REIMS,51,454,CZ,601,1,2.0,Appartement,42.0,2.0
1748692,28/12/2018,Vente,"61000,00",197.0,RUE,0600,DU BARBATRE,51100.0,REIMS,51,454,CZ,601,2,2.0,Appartement,75.0,4.0
1748694,28/12/2018,Vente,"81000,00",4.0,RUE,0254,ANDRE FAIVRE,51100.0,REIMS,51,454,KP,30,1,2.0,Appartement,55.0,2.0
1748699,11/12/2018,Vente,"780000,00",8.0,BD,5010,JOFFRE,51100.0,REIMS,51,454,AT,128,1,2.0,Appartement,25.0,1.0
1748700,11/12/2018,Vente,"780000,00",8.0,BD,5010,JOFFRE,51100.0,REIMS,51,454,AT,128,2,2.0,Appartement,26.0,1.0
1748701,11/12/2018,Vente,"780000,00",8.0,BD,5010,JOFFRE,51100.0,REIMS,51,454,AT,128,1,2.0,Appartement,22.0,1.0
1748702,11/12/2018,Vente,"780000,00",8.0,BD,5010,JOFFRE,51100.0,REIMS,51,454,AT,128,2,2.0,Appartement,13.0,1.0
1748703,11/12/2018,Vente,"780000,00",8.0,BD,5010,JOFFRE,51100.0,REIMS,51,454,AT,128,2,2.0,Appartement,13.0,1.0
1748704,11/12/2018,Vente,"780000,00",8.0,BD,5010,JOFFRE,51100.0,REIMS,51,454,AT,128,1,2.0,Appartement,25.0,1.0
1748705,11/12/2018,Vente,"780000,00",8.0,BD,5010,JOFFRE,51100.0,REIMS,51,454,AT,128,2,2.0,Appartement,16.0,1.0
1748706,11/12/2018,Vente,"780000,00",8.0,BD,5010,JOFFRE,51100.0,REIMS,51,454,AT,128,2,2.0,Appartement,22.0,1.0
1748707,11/12/2018,Vente,"780000,00",8.0,BD,5010,JOFFRE,51100.0,REIMS,51,454,AT,128,1,2.0,Appartement,23.0,1.0
1748708,11/12/2018,Vente,"780000,00",8.0,BD,5010,JOFFRE,51100.0,REIMS,51,454,AT,128,1,2.0,Appartement,12.0,1.0
1748709,11/12/2018,Vente,"780000,00",8.0,BD,5010,JOFFRE,51100.0,REIMS,51,454,AT,128,2,2.0,Appartement,16.0,1.0
1748710,11/12/2018,Vente,"780000,00",8.0,BD,5010,JOFFRE,51100.0,REIMS,51,454,AT,128,2,2.0,Appartement,27.0,1.0
1748711,11/12/2018,Vente,"780000,00",8.0,BD,5010,JOFFRE,51100.0,REIMS,51,454,AT,128,1,2.0,Appartement,12.0,1.0
1748712,11/12/2018,Vente,"780000,00",8.0,BD,5010,JOFFRE,51100.0,REIMS,51,454,AT,128,2,2.0,Appartement,23.0,1.0
1748720,19/12/2018,Vente,"195000,00",4.0,RUE,1270,BRULART,51100.0,REIMS,51,454,CZ,266,1,2.0,Appartement,43.0,2.0
1748721,19/12/2018,Vente,"195000,00",4.0,RUE,1270,BRULART,51100.0,REIMS,51,454,CZ,266,1,2.0,Appartement,46.0,2.0
1748722,19/12/2018,Vente,"195000,00",4.0,RUE,1270,BRULART,51100.0,REIMS,51,454,CZ,266,2,2.0,Appartement,44.0,2.0
1748727,21/12/2018,Vente,"269300,00",25.0,RUE,8200,STE GENEVIEVE,51100.0,REIMS,51,454,HX,154,1,2.0,Appartement,24.0,1.0
1748728,21/12/2018,Vente,"269300,00",25.0,RUE,8200,STE GENEVIEVE,51100.0,REIMS,51,454,HX,154,1,2.0,Appartement,23.0,1.0
1748729,21/12/2018,Vente,"269300,00",25.0,RUE,8200,STE GENEVIEVE,51100.0,REIMS,51,454,HX,154,1,2.0,Appartement,18.0,1.0
1748730,21/12/2018,Vente,"269300,00",25.0,RUE,8200,STE GENEVIEVE,51100.0,REIMS,51,454,HX,154,1,2.0,Appartement,13.0,1.0
1748731,21/12/2018,Vente,"269300,00",25.0,RUE,8200,STE GENEVIEVE,51100.0,REIMS,51,454,HX,154,1,2.0,Appartement,27.0,1.0
1748732,21/12/2018,Vente,"269300,00",25.0,RUE,8200,STE GENEVIEVE,51100.0,REIMS,51,454,HX,154,1,2.0,Appartement,23.0,1.0
1748734,18/12/2018,Vente,"41000,00",22.0,CRS,4850,J B LANGLET,51100.0,REIMS,51,454,IL,72,1,2.0,Appartement,98.0,4.0
1748745,27/12/2018,Vente,"63000,00",12.0,ESP,6772,PAUL CEZANNE,51100.0,REIMS,51,454,KR,4,2,2.0,Appartement,73.0,4.0
1748747,17/12/2018,Vente,"69660,00",79.0,RUE,2430,DE COURCELLES,51100.0,REIMS,51,454,AT,248,1,2.0,Appartement,34.0,1.0
1748748,28/12/2018,Vente,"30000,00",35.0,RUE,1360,CAMILLE LENOIR,51100.0,REIMS,51,454,BH,518,1,2.0,Appartement,42.0,2.0
1748770,30/11/2018,Vente,"53000,00",28.0,RUE,9220,VOLTAIRE,51100.0,REIMS,51,454,CX,168,1,2.0,Appartement,11.0,1.0
1748772,27/12/2018,Vente,"205000,00",13.0,RUE,4120,GOIOT,51100.0,REIMS,51,454,CZ,607,2,2.0,Appartement,93.0,5.0
1748776,21/12/2018,Vente,"131000,00",162.0,AV,4900,JEAN JAURES,51100.0,REIMS,51,454,CV,991,1,2.0,Appartement,56.0,4.0
1748786,21/12/2018,Vente,"60000,00",12.0,ESP,6772,PAUL CEZANNE,51100.0,REIMS,51,454,KR,4,2,2.0,Appartement,73.0,4.0
1748789,21/12/2018,Vente,"200000,00",11.0,RUE,5080,JULES GUESDE,51100.0,REIMS,51,454,HX,37,0,2.0,Appartement,56.0,3.0
1748790,21/12/2018,Vente,"200000,00",11.0,RUE,5080,JULES GUESDE,51100.0,REIMS,51,454,HX,37,0,2.0,Appartement,56.0,3.0
1748797,26/12/2018,Vente,"118000,00",3.0,RUE,5280,LANSON,51100.0,REIMS,51,454,CH,132,1,2.0,Appartement,78.0,3.0
1748801,27/12/2018,Vente,"660000,00",32.0,RUE,6920,PETIT DELBOURG,51100.0,REIMS,51,454,CL,573,0,2.0,Appartement,58.0,3.0
1748802,27/12/2018,Vente,"660000,00",32.0,RUE,6920,PETIT DELBOURG,51100.0,REIMS,51,454,CL,573,0,2.0,Appartement,58.0,3.0
1748803,27/12/2018,Vente,"660000,00",32.0,RUE,6920,PETIT DELBOURG,51100.0,REIMS,51,454,CL,573,0,2.0,Appartement,55.0,3.0
1748804,27/12/2018,Vente,"660000,00",32.0,RUE,6920,PETIT DELBOURG,51100.0,REIMS,51,454,CL,573,0,2.0,Appartement,60.0,3.0
1748805,27/12/2018,Vente,"660000,00",32.0,RUE,6920,PETIT DELBOURG,51100.0,REIMS,51,454,CL,573,0,2.0,Appartement,60.0,3.0
1748806,27/12/2018,Vente,"660000,00",32.0,RUE,6920,PETIT DELBOURG,51100.0,REIMS,51,454,CL,573,0,2.0,Appartement,59.0,3.0
1748813,29/06/2018,Vente,"1,00",45.0,PL,3040,DROUET D ERLON,51100.0,REIMS,51,454,IM,44,1,2.0,Appartement,65.0,2.0
1748817,28/12/2018,Vente en l'état futur d'achèvement,"156148,00",,RUE,4220,GRANDVAL,51100.0,REIMS,51,454,CL,1000,1,2.0,Appartement,40.0,2.0
1748819,27/12/2018,Vente,"281870,00",23.0,RUE,2170,DU COLONEL FABIEN,51100.0,REIMS,51,454,HZ,89,1,2.0,Appartement,92.0,4.0
1748822,28/12/2018,Vente en l'état futur d'achèvement,"178500,00",,RUE,4440,HENRI BARBUSSE,51100.0,REIMS,51,454,CL,1005,1,2.0,Appartement,66.0,3.0
1748833,21/12/2018,Vente,"63688,00",211.0,RUE,0600,DU BARBATRE,51100.0,REIMS,51,454,CZ,250,2,2.0,Appartement,31.0,3.0
1748834,27/12/2018,Vente,"67900,00",16.0,RUE,1920,DE CHEVIGNE,51100.0,REIMS,51,454,CW,608,1,2.0,Appartement,33.0,2.0
1748845,28/12/2018,Vente,"71310,00",8.0,RUE,5880,DU MARC,51100.0,REIMS,51,454,BE,525,2,2.0,Appartement,20.0,1.0
1748847,27/12/2018,Vente,"42000,00",21.0,AV,4455,HENRI FARMAN,51100.0,REIMS,51,454,DH,90,1,2.0,Appartement,17.0,1.0
1748852,27/12/2018,Vente,"285000,00",5.0,RUE,0700,DE BELFORT,51100.0,REIMS,51,454,CW,379,3,2.0,Appartement,95.0,4.0
1748877,28/12/2018,Vente en l'état futur d'achèvement,"178318,00",31.0,RUE,6490,DE NICE,51100.0,REIMS,51,454,CR,61,1,2.0,Appartement,63.0,3.0
1748880,22/12/2018,Vente,"175000,00",69.0,RUE,1740,CHANZY,51100.0,REIMS,51,454,CX,559,1,2.0,Appartement,58.0,3.0
1748885,21/12/2018,Vente,"64300,00",91.0,RUE,3500,FAVART D HERBIGNY,51100.0,REIMS,51,454,CV,756,2,2.0,Appartement,36.0,2.0
1748890,21/12/2018,Vente,"442000,00",3.0,BD,2750,DESAUBEAU,51100.0,REIMS,51,454,BE,474,3,2.0,Appartement,115.0,5.0
1748907,28/12/2018,Vente,"121500,00",5.0,ESP,5446,LE ROUET,51100.0,REIMS,51,454,CT,390,1,2.0,Appartement,71.0,3.0
1748921,27/12/2018,Vente,"84100,00",27.0,RUE,5440,LEOPOLD CHARPENTIER,51100.0,REIMS,51,454,AE,262,2,2.0,Appartement,48.0,2.0
1748935,27/12/2018,Vente en l'état futur d'achèvement,"181000,00",49.0,BD,2650,DAUPHINOT,51100.0,REIMS,51,454,CT,610,1,2.0,Appartement,62.0,3.0
1748937,28/12/2018,Vente en l'état futur d'achèvement,"189000,00",49.0,BD,2650,DAUPHINOT,51100.0,REIMS,51,454,CT,610,1,2.0,Appartement,68.0,3.0
1748948,28/12/2018,Vente,"27000,00",65.0,RUE,1550,CERES,51100.0,REIMS,51,454,BE,55,1,2.0,Appartement,16.0,1.0
1748949,03/12/2018,Vente,"250000,00",4.0,RUE,6400,DE NANTEUIL,51100.0,REIMS,51,454,BE,108,2,2.0,Appartement,117.0,6.0
1748969,28/12/2018,Vente,"141800,00",39.0,RUE,0330,ANTOINE GOUSSIEZ,51100.0,REIMS,51,454,AM,769,1,2.0,Appartement,68.0,3.0
1749001,28/12/2018,Vente,"58000,00",71.0,BD,6790,PAUL DOUMER,51100.0,REIMS,51,454,IK,335,2,2.0,Appartement,57.0,2.0
1749008,26/12/2018,Vente,"90200,00",12.0,ESP,6772,PAUL CEZANNE,51100.0,REIMS,51,454,KR,4,2,2.0,Appartement,73.0,4.0
1749054,12/12/2018,Vente,"60000,00",331.0,AV,5300,DE LAON,51100.0,REIMS,51,454,AN,654,2,2.0,Appartement,67.0,4.0
1749056,13/09/2018,Adjudication,"41000,00",4.0,PL,7016,PIERRE DE FERMAT,51100.0,REIMS,51,454,AE,117,2,2.0,Appartement,70.0,4.0
1749064,20/12/2018,Vente,"150530,00",11.0,RUE,5260,LAMOUCHE,51100.0,REIMS,51,454,AV,887,1,2.0,Appartement,96.0,3.0
1749087,16/08/2018,Vente,"519200,00",3.0,RUE,2995,DU DOC TECHOUEYRES,51100.0,REIMS,51,454,HX,646,0,2.0,Appartement,51.0,3.0
1749089,16/08/2018,Vente,"519200,00",3.0,RUE,2995,DU DOC TECHOUEYRES,51100.0,REIMS,51,454,HX,646,0,2.0,Appartement,60.0,5.0
1749092,27/06/2018,Vente,"112000,00",23.0,RUE,4160,DE LA GOULETTE,51100.0,REIMS,51,454,BL,469,2,2.0,Appartement,83.0,4.0
1749926,02/01/2017,Vente,"116000,00",4.0,RUE,5730,MABILLON,51100.0,REIMS,51,454,BI,755,1,2.0,Appartement,42.0,2.0
1749946,02/01/2017,Vente,"160000,00",61.0,RUE,0330,ANTOINE GOUSSIEZ,51100.0,REIMS,51,454,AM,318,3,2.0,Appartement,97.0,5.0
1749953,03/01/2017,Vente,"135500,00",3.0,RUE,4425,HELENE NAUTRE,51100.0,REIMS,51,454,BT,580,1,2.0,Appartement,49.0,2.0
1749955,03/01/2017,Vente,"135500,00",3.0,RUE,4425,HELENE NAUTRE,51100.0,REIMS,51,454,BT,580,1,2.0,Appartement,97.0,5.0
1749968,03/01/2017,Vente en l'état futur d'achèvement,"159000,00",,RUE,3180,EDOUARD MIGNOT,51100.0,REIMS,51,454,AT,492,1,2.0,Appartement,44.0,2.0
1749972,10/01/2017,Vente,"50000,00",15.0,RUE,7015,PIERRE DE COUBERTIN,51100.0,REIMS,51,454,AE,110,2,2.0,Appartement,81.0,4.0
1749979,13/01/2017,Vente,"176000,00",11.0,RUE,5540,LINGUET,51100.0,REIMS,51,454,BE,314,5,2.0,Appartement,85.0,3.0
1749980,03/01/2017,Vente,"164500,00",52.0,PL,3040,DROUET D ERLON,51100.0,REIMS,51,454,IL,337,2,2.0,Appartement,57.0,2.0
1749986,11/01/2017,Vente,"87000,00",63.0,RUE,1590,DE CERNAY,51100.0,REIMS,51,454,CW,321,1,2.0,Appartement,44.0,2.0
1750000,06/01/2017,Vente,"170000,00",78.0,RUE,6210,DES MOISSONS,51100.0,REIMS,51,454,CK,149,3,2.0,Appartement,67.0,3.0
1750010,10/01/2017,Vente en l'état futur d'achèvement,"115000,00",,RUE,0910,DE BEZANNES,51100.0,REIMS,51,454,HW,135,1,2.0,Appartement,35.0,2.0
1750011,10/01/2017,Vente en l'état futur d'achèvement,"115000,00",,RUE,0910,DE BEZANNES,51100.0,REIMS,51,454,HW,135,1,2.0,Appartement,35.0,2.0
1750015,06/01/2017,Vente,"112500,00",5.0,RUE,4906,JEAN LE LOUP,51100.0,REIMS,51,454,IK,1348,1,2.0,Appartement,68.0,3.0
1750017,09/01/2017,Vente,"110000,00",6.0,RUE,2192,COMMANDANT ARNAUD,51100.0,REIMS,51,454,AL,402,2,2.0,Appartement,103.0,5.0
1750018,11/01/2017,Vente,"171500,00",4.0,RUE,2290,COQUEBERT,51100.0,REIMS,51,454,BH,418,1,2.0,Appartement,66.0,3.0
1750026,17/01/2017,Vente,"242900,00",2.0,RUE,1620,CHABAUD,51100.0,REIMS,51,454,IK,826,2,2.0,Appartement,122.0,5.0
1750028,13/01/2017,Vente,"2114378,00",102.0,AV,4010,GEORGES CLEMENCEAU,51100.0,REIMS,51,454,CL,621,0,2.0,Appartement,31.0,1.0
1750029,13/01/2017,Vente,"2114378,00",102.0,AV,4010,GEORGES CLEMENCEAU,51100.0,REIMS,51,454,CL,621,0,2.0,Appartement,31.0,1.0
1750030,13/01/2017,Vente,"2114378,00",102.0,AV,4010,GEORGES CLEMENCEAU,51100.0,REIMS,51,454,CL,621,0,2.0,Appartement,31.0,1.0
1750031,13/01/2017,Vente,"2114378,00",102.0,AV,4010,GEORGES CLEMENCEAU,51100.0,REIMS,51,454,CL,621,0,2.0,Appartement,31.0,1.0
1750032,13/01/2017,Vente,"2114378,00",102.0,AV,4010,GEORGES CLEMENCEAU,51100.0,REIMS,51,454,CL,621,0,2.0,Appartement,31.0,1.0
1750033,13/01/2017,Vente,"2114378,00",102.0,AV,4010,GEORGES CLEMENCEAU,51100.0,REIMS,51,454,CL,621,0,2.0,Appartement,32.0,1.0
1750034,13/01/2017,Vente,"2114378,00",102.0,AV,4010,GEORGES CLEMENCEAU,51100.0,REIMS,51,454,CL,621,0,2.0,Appartement,44.0,2.0
1750035,13/01/2017,Vente,"2114378,00",102.0,AV,4010,GEORGES CLEMENCEAU,51100.0,REIMS,51,454,CL,621,0,2.0,Appartement,31.0,1.0
1750036,13/01/2017,Vente,"2114378,00",102.0,AV,4010,GEORGES CLEMENCEAU,51100.0,REIMS,51,454,CL,621,0,2.0,Appartement,62.0,2.0
1750037,13/01/2017,Vente,"2114378,00",102.0,AV,4010,GEORGES CLEMENCEAU,51100.0,REIMS,51,454,CL,621,0,2.0,Appartement,32.0,1.0
1750039,13/01/2017,Vente,"2114378,00",102.0,AV,4010,GEORGES CLEMENCEAU,51100.0,REIMS,51,454,CL,621,0,2.0,Appartement,31.0,1.0
1750040,13/01/2017,Vente,"2114378,00",102.0,AV,4010,GEORGES CLEMENCEAU,51100.0,REIMS,51,454,CL,621,0,2.0,Appartement,52.0,2.0
1750041,13/01/2017,Vente,"2114378,00",102.0,AV,4010,GEORGES CLEMENCEAU,51100.0,REIMS,51,454,CL,621,0,2.0,Appartement,31.0,1.0
1750042,13/01/2017,Vente,"2114378,00",102.0,AV,4010,GEORGES CLEMENCEAU,51100.0,REIMS,51,454,CL,621,0,2.0,Appartement,53.0,2.0
1750043,13/01/2017,Vente,"2114378,00",102.0,AV,4010,GEORGES CLEMENCEAU,51100.0,REIMS,51,454,CL,621,0,2.0,Appartement,31.0,1.0
1750044,13/01/2017,Vente,"2114378,00",102.0,AV,4010,GEORGES CLEMENCEAU,51100.0,REIMS,51,454,CL,621,0,2.0,Appartement,44.0,2.0
1750045,13/01/2017,Vente,"2114378,00",102.0,AV,4010,GEORGES CLEMENCEAU,51100.0,REIMS,51,454,CL,621,0,2.0,Appartement,31.0,1.0
1750046,13/01/2017,Vente,"2114378,00",102.0,AV,4010,GEORGES CLEMENCEAU,51100.0,REIMS,51,454,CL,621,0,2.0,Appartement,31.0,1.0
1750047,13/01/2017,Vente,"2114378,00",102.0,AV,4010,GEORGES CLEMENCEAU,51100.0,REIMS,51,454,CL,621,0,2.0,Appartement,25.0,1.0
1750048,13/01/2017,Vente,"2114378,00",102.0,AV,4010,GEORGES CLEMENCEAU,51100.0,REIMS,51,454,CL,621,0,2.0,Appartement,31.0,1.0
1750049,13/01/2017,Vente,"2114378,00",102.0,AV,4010,GEORGES CLEMENCEAU,51100.0,REIMS,51,454,CL,621,0,2.0,Appartement,31.0,1.0
1750050,13/01/2017,Vente,"2114378,00",102.0,AV,4010,GEORGES CLEMENCEAU,51100.0,REIMS,51,454,CL,621,0,2.0,Appartement,31.0,1.0
1750051,13/01/2017,Vente,"2114378,00",102.0,AV,4010,GEORGES CLEMENCEAU,51100.0,REIMS,51,454,CL,621,0,2.0,Appartement,31.0,1.0
1750052,13/01/2017,Vente,"2114378,00",102.0,AV,4010,GEORGES CLEMENCEAU,51100.0,REIMS,51,454,CL,621,0,2.0,Appartement,53.0,2.0
1750054,13/01/2017,Vente,"2114378,00",102.0,AV,4010,GEORGES CLEMENCEAU,51100.0,REIMS,51,454,CL,621,0,2.0,Appartement,52.0,2.0
1750055,13/01/2017,Vente,"2114378,00",102.0,AV,4010,GEORGES CLEMENCEAU,51100.0,REIMS,51,454,CL,621,0,2.0,Appartement,53.0,2.0
1750056,13/01/2017,Vente,"2114378,00",102.0,AV,4010,GEORGES CLEMENCEAU,51100.0,REIMS,51,454,CL,621,0,2.0,Appartement,52.0,2.0
1750057,13/01/2017,Vente,"2114378,00",102.0,AV,4010,GEORGES CLEMENCEAU,51100.0,REIMS,51,454,CL,621,0,2.0,Appartement,31.0,1.0
1750058,13/01/2017,Vente,"2114378,00",102.0,AV,4010,GEORGES CLEMENCEAU,51100.0,REIMS,51,454,CL,621,0,2.0,Appartement,31.0,1.0
1750059,13/01/2017,Vente,"2114378,00",102.0,AV,4010,GEORGES CLEMENCEAU,51100.0,REIMS,51,454,CL,621,0,2.0,Appartement,44.0,2.0
1750060,13/01/2017,Vente,"2114378,00",102.0,AV,4010,GEORGES CLEMENCEAU,51100.0,REIMS,51,454,CL,621,0,2.0,Appartement,53.0,2.0
1750061,13/01/2017,Vente,"2114378,00",102.0,AV,4010,GEORGES CLEMENCEAU,51100.0,REIMS,51,454,CL,621,0,2.0,Appartement,31.0,1.0
1750062,13/01/2017,Vente,"2114378,00",102.0,AV,4010,GEORGES CLEMENCEAU,51100.0,REIMS,51,454,CL,621,0,2.0,Appartement,31.0,1.0
1750063,13/01/2017,Vente,"2114378,00",102.0,AV,4010,GEORGES CLEMENCEAU,51100.0,REIMS,51,454,CL,621,0,2.0,Appartement,32.0,1.0
1750064,13/01/2017,Vente,"2114378,00",102.0,AV,4010,GEORGES CLEMENCEAU,51100.0,REIMS,51,454,CL,621,0,2.0,Appartement,31.0,1.0
1750065,13/01/2017,Vente,"2114378,00",102.0,AV,4010,GEORGES CLEMENCEAU,51100.0,REIMS,51,454,CL,621,0,2.0,Appartement,31.0,1.0
1750066,13/01/2017,Vente,"2114378,00",102.0,AV,4010,GEORGES CLEMENCEAU,51100.0,REIMS,51,454,CL,621,0,2.0,Appartement,44.0,2.0
1750067,13/01/2017,Vente,"2114378,00",102.0,AV,4010,GEORGES CLEMENCEAU,51100.0,REIMS,51,454,CL,621,0,2.0,Appartement,44.0,2.0
1750068,13/01/2017,Vente,"2114378,00",102.0,AV,4010,GEORGES CLEMENCEAU,51100.0,REIMS,51,454,CL,621,0,2.0,Appartement,31.0,1.0
1750069,13/01/2017,Vente,"2114378,00",102.0,AV,4010,GEORGES CLEMENCEAU,51100.0,REIMS,51,454,CL,621,0,2.0,Appartement,31.0,1.0
1750070,13/01/2017,Vente,"2114378,00",102.0,AV,4010,GEORGES CLEMENCEAU,51100.0,REIMS,51,454,CL,621,0,2.0,Appartement,31.0,1.0
1750071,13/01/2017,Vente,"2114378,00",102.0,AV,4010,GEORGES CLEMENCEAU,51100.0,REIMS,51,454,CL,621,0,2.0,Appartement,31.0,1.0
1750072,13/01/2017,Vente,"2114378,00",102.0,AV,4010,GEORGES CLEMENCEAU,51100.0,REIMS,51,454,CL,621,0,2.0,Appartement,31.0,1.0
1750073,13/01/2017,Vente,"2114378,00",102.0,AV,4010,GEORGES CLEMENCEAU,51100.0,REIMS,51,454,CL,621,0,2.0,Appartement,20.0,1.0
1750074,13/01/2017,Vente,"2114378,00",102.0,AV,4010,GEORGES CLEMENCEAU,51100.0,REIMS,51,454,CL,621,0,2.0,Appartement,31.0,1.0
1750075,13/01/2017,Vente,"2114378,00",102.0,AV,4010,GEORGES CLEMENCEAU,51100.0,REIMS,51,454,CL,621,0,2.0,Appartement,31.0,1.0
1750076,13/01/2017,Vente,"2114378,00",102.0,AV,4010,GEORGES CLEMENCEAU,51100.0,REIMS,51,454,CL,621,0,2.0,Appartement,31.0,1.0
1750077,13/01/2017,Vente,"2114378,00",102.0,AV,4010,GEORGES CLEMENCEAU,51100.0,REIMS,51,454,CL,621,0,2.0,Appartement,31.0,1.0
1750078,13/01/2017,Vente,"2114378,00",102.0,AV,4010,GEORGES CLEMENCEAU,51100.0,REIMS,51,454,CL,621,0,2.0,Appartement,31.0,1.0
1750079,13/01/2017,Vente,"2114378,00",102.0,AV,4010,GEORGES CLEMENCEAU,51100.0,REIMS,51,454,CL,621,0,2.0,Appartement,44.0,2.0
1750080,13/01/2017,Vente,"2114378,00",102.0,AV,4010,GEORGES CLEMENCEAU,51100.0,REIMS,51,454,CL,621,0,2.0,Appartement,31.0,1.0
1750081,13/01/2017,Vente,"2114378,00",102.0,AV,4010,GEORGES CLEMENCEAU,51100.0,REIMS,51,454,CL,621,0,2.0,Appartement,44.0,2.0
1750082,13/01/2017,Vente,"2114378,00",102.0,AV,4010,GEORGES CLEMENCEAU,51100.0,REIMS,51,454,CL,621,0,2.0,Appartement,53.0,2.0
1750083,13/01/2017,Vente,"2114378,00",102.0,AV,4010,GEORGES CLEMENCEAU,51100.0,REIMS,51,454,CL,621,0,2.0,Appartement,31.0,1.0
1750084,13/01/2017,Vente,"2114378,00",102.0,AV,4010,GEORGES CLEMENCEAU,51100.0,REIMS,51,454,CL,621,0,2.0,Appartement,31.0,1.0
1750085,13/01/2017,Vente,"2114378,00",102.0,AV,4010,GEORGES CLEMENCEAU,51100.0,REIMS,51,454,CL,621,0,2.0,Appartement,31.0,1.0
1750086,13/01/2017,Vente,"2114378,00",102.0,AV,4010,GEORGES CLEMENCEAU,51100.0,REIMS,51,454,CL,621,0,2.0,Appartement,31.0,1.0
1750087,13/01/2017,Vente,"2114378,00",102.0,AV,4010,GEORGES CLEMENCEAU,51100.0,REIMS,51,454,CL,621,0,2.0,Appartement,31.0,1.0
1750088,13/01/2017,Vente,"2114378,00",102.0,AV,4010,GEORGES CLEMENCEAU,51100.0,REIMS,51,454,CL,621,0,2.0,Appartement,31.0,1.0
1750089,13/01/2017,Vente,"2114378,00",102.0,AV,4010,GEORGES CLEMENCEAU,51100.0,REIMS,51,454,CL,621,0,2.0,Appartement,32.0,1.0
1750090,13/01/2017,Vente,"2114378,00",102.0,AV,4010,GEORGES CLEMENCEAU,51100.0,REIMS,51,454,CL,621,0,2.0,Appartement,31.0,1.0
1750091,13/01/2017,Vente,"2114378,00",102.0,AV,4010,GEORGES CLEMENCEAU,51100.0,REIMS,51,454,CL,621,0,2.0,Appartement,31.0,1.0
1750092,13/01/2017,Vente,"2114378,00",102.0,AV,4010,GEORGES CLEMENCEAU,51100.0,REIMS,51,454,CL,621,0,2.0,Appartement,25.0,1.0
1750093,13/01/2017,Vente,"2114378,00",102.0,AV,4010,GEORGES CLEMENCEAU,51100.0,REIMS,51,454,CL,621,0,2.0,Appartement,31.0,1.0
1750094,13/01/2017,Vente,"2114378,00",102.0,AV,4010,GEORGES CLEMENCEAU,51100.0,REIMS,51,454,CL,621,0,2.0,Appartement,31.0,1.0
1750095,13/01/2017,Vente,"2114378,00",102.0,AV,4010,GEORGES CLEMENCEAU,51100.0,REIMS,51,454,CL,621,0,2.0,Appartement,31.0,1.0
1750096,13/01/2017,Vente,"2114378,00",102.0,AV,4010,GEORGES CLEMENCEAU,51100.0,REIMS,51,454,CL,621,0,2.0,Appartement,31.0,1.0
1750097,13/01/2017,Vente,"2114378,00",102.0,AV,4010,GEORGES CLEMENCEAU,51100.0,REIMS,51,454,CL,621,0,2.0,Appartement,53.0,2.0
1750098,13/01/2017,Vente,"2114378,00",102.0,AV,4010,GEORGES CLEMENCEAU,51100.0,REIMS,51,454,CL,621,0,2.0,Appartement,53.0,2.0
1750099,13/01/2017,Vente,"2114378,00",102.0,AV,4010,GEORGES CLEMENCEAU,51100.0,REIMS,51,454,CL,621,0,2.0,Appartement,31.0,1.0
1750100,13/01/2017,Vente,"2114378,00",102.0,AV,4010,GEORGES CLEMENCEAU,51100.0,REIMS,51,454,CL,621,0,2.0,Appartement,25.0,1.0
1750109,18/01/2017,Vente,"162000,00",58.0,AV,3320,D EPERNAY,51100.0,REIMS,51,454,HW,50,2,2.0,Appartement,117.0,5.0
1750116,13/01/2017,Vente,"113200,00",9001.0,RUE,3270,EMILE SENART,51100.0,REIMS,51,454,AY,412,2,2.0,Appartement,64.0,3.0
1750118,11/01/2017,Vente,"84000,00",26.0,RUE,7190,DE PONTGIVART,51100.0,REIMS,51,454,AY,412,2,2.0,Appartement,48.0,2.0
1750124,16/01/2017,Vente,"107000,00",5.0,RUE,6050,MARYSE BASTIE,51100.0,REIMS,51,454,BC,23,2,2.0,Appartement,66.0,4.0
1750132,16/01/2017,Vente,"75094,00",158.0,RUE,1590,DE CERNAY,51100.0,REIMS,51,454,CV,258,1,2.0,Appartement,32.0,2.0
1750133,17/01/2017,Vente,"118094,00",158.0,RUE,1590,DE CERNAY,51100.0,REIMS,51,454,CV,258,1,2.0,Appartement,41.0,2.0
1750134,18/01/2017,Vente,"142500,00",27.0,RUE,6330,DES MOULINS,51100.0,REIMS,51,454,DM,663,2,2.0,Appartement,67.0,3.0
1750137,13/01/2017,Vente en l'état futur d'achèvement,"174900,00",3.0,RUE,4070,GERUZEZ,51100.0,REIMS,51,454,AV,1037,1,2.0,Appartement,47.0,2.0
1750140,13/01/2017,Vente en l'état futur d'achèvement,"130000,00",412.0,AV,5300,DE LAON,51100.0,REIMS,51,454,AE,142,1,2.0,Appartement,40.0,2.0
1750142,13/01/2017,Vente en l'état futur d'achèvement,"137150,00",412.0,AV,5300,DE LAON,51100.0,REIMS,51,454,AE,142,1,2.0,Appartement,61.0,3.0
1750145,13/01/2017,Vente en l'état futur d'achèvement,"142425,00",412.0,AV,5300,DE LAON,51100.0,REIMS,51,454,AE,142,1,2.0,Appartement,63.0,3.0
1750148,17/01/2017,Vente,"130900,00",1.0,RUE,6310,MOULIN BRULE,51100.0,REIMS,51,454,IO,168,2,2.0,Appartement,88.0,4.0
1750151,18/01/2017,Vente,"137500,00",16.0,RUE,0270,ANDRIEUX,51100.0,REIMS,51,454,BE,38,2,2.0,Appartement,56.0,2.0
1750154,16/01/2017,Vente,"48010,00",5.0,RUE,6130,MENNESSON TONNELIER,51100.0,REIMS,51,454,AW,293,1,2.0,Appartement,25.0,1.0
1750174,13/01/2017,Vente,"151000,00",39.0,RUE,6740,PASSE DEMOISELLES,51100.0,REIMS,51,454,HY,147,1,2.0,Appartement,57.0,2.0
1750176,09/01/2017,Vente,"87500,00",1.0,AV,8030,ST POL,51100.0,REIMS,51,454,DM,332,2,2.0,Appartement,40.0,2.0
1750181,23/01/2017,Vente,"161000,00",7.0,RUE,0010,ABBE DE L EPEE,51100.0,REIMS,51,454,IK,288,2,2.0,Appartement,88.0,4.0
1750183,18/01/2017,Vente,"77000,00",6.0,RUE,3020,DORIGNY,51100.0,REIMS,51,454,BI,490,2,2.0,Appartement,34.0,2.0
1750187,24/01/2017,Vente,"36500,00",48.0,RUE,4740,JACQUART,51100.0,REIMS,51,454,BI,556,1,2.0,Appartement,13.0,1.0
1750192,03/01/2017,Vente,"185000,00",52.0,RUE,1390,DES CAPUCINS,51100.0,REIMS,51,454,IK,1361,1,2.0,Appartement,70.0,3.0
1750209,12/01/2017,Vente,"100100,00",5.0,RUE,8580,DES TEMPLIERS,51100.0,REIMS,51,454,BH,347,2,2.0,Appartement,50.0,2.0
1750215,16/01/2017,Vente,"338000,00",8.0,BD,5680,LUNDY,51100.0,REIMS,51,454,BH,309,2,2.0,Appartement,100.0,4.0
1750219,13/01/2017,Vente,"125000,00",6.0,RUE,8320,DE SILLERY,51100.0,REIMS,51,454,CI,116,1,2.0,Appartement,68.0,3.0
1750225,20/01/2017,Vente,"49000,00",31.0,RUE,4440,HENRI BARBUSSE,51100.0,REIMS,51,454,CW,612,1,2.0,Appartement,23.0,1.0
1750226,17/01/2017,Vente,"90470,00",11.0,AV,0070,ALEXANDRE DE SERBIE,51100.0,REIMS,51,454,DT,227,2,2.0,Appartement,78.0,5.0
1750233,13/01/2017,Vente,"48500,00",9.0,RUE,6130,MENNESSON TONNELIER,51100.0,REIMS,51,454,AW,263,3,2.0,Appartement,40.0,1.0
1750235,20/01/2017,Vente,"325000,00",26.0,RUE,8430,DE STRASBOURG,51100.0,REIMS,51,454,CV,950,0,2.0,Appartement,50.0,2.0
1750236,20/01/2017,Vente,"325000,00",26.0,RUE,8430,DE STRASBOURG,51100.0,REIMS,51,454,CV,950,0,2.0,Appartement,24.0,1.0
1750237,20/01/2017,Vente,"325000,00",26.0,RUE,8430,DE STRASBOURG,51100.0,REIMS,51,454,CV,950,0,2.0,Appartement,38.0,2.0
1750238,20/01/2017,Vente,"325000,00",23.0,RUE,8650,DE THIONVILLE,51100.0,REIMS,51,454,CV,951,0,2.0,Appartement,34.0,2.0
1750239,20/01/2017,Vente,"325000,00",23.0,RUE,8650,DE THIONVILLE,51100.0,REIMS,51,454,CV,951,0,2.0,Appartement,31.0,1.0
1750240,20/01/2017,Vente,"325000,00",23.0,RUE,8650,DE THIONVILLE,51100.0,REIMS,51,454,CV,951,0,2.0,Appartement,17.0,1.0
1750241,20/01/2017,Vente,"325000,00",23.0,RUE,8650,DE THIONVILLE,51100.0,REIMS,51,454,CV,951,0,2.0,Appartement,41.0,2.0
1750243,25/01/2017,Vente,"90000,00",3.0,RUE,5930,MARIE STUART,51100.0,REIMS,51,454,CX,254,1,2.0,Appartement,35.0,3.0
1750246,23/01/2017,Vente,"137500,00",51.0,RUE,5650,DE LOUVOIS,51100.0,REIMS,51,454,DV,726,1,2.0,Appartement,62.0,3.0
1750250,26/01/2017,Vente,"47000,00",21.0,RUE,1590,DE CERNAY,51100.0,REIMS,51,454,CW,124,1,2.0,Appartement,28.0,1.0
1750252,18/01/2017,Vente,"101600,00",40.0,RUE,7310,PRIEUR DE LA MARNE,51100.0,REIMS,51,454,BI,111,2,2.0,Appartement,80.0,4.0
1750256,03/01/2017,Vente,"120320,00",7.0,RUE,1667,DES CHAMPS NEUV,51100.0,REIMS,51,454,KI,243,1,2.0,Appartement,49.0,2.0
1750258,04/01/2017,Vente,"84000,00",20.0,RUE,3340,DE L EQUERRE,51100.0,REIMS,51,454,CY,648,1,2.0,Appartement,30.0,1.0
1750266,20/01/2017,Vente,"160000,00",13.0,RUE,4120,GOIOT,51100.0,REIMS,51,454,CZ,607,2,2.0,Appartement,93.0,5.0
1750267,11/01/2017,Vente,"158200,00",125.0,RUE,9040,DE VESLE,51100.0,REIMS,51,454,IK,1346,1,2.0,Appartement,55.0,2.0
1750269,26/01/2017,Vente,"135500,00",40.0,RUE,3150,DE L ECU,51100.0,REIMS,51,454,CW,30,2,2.0,Appartement,52.0,3.0
1750273,05/01/2017,Vente,"191200,00",29.0,BD,6790,PAUL DOUMER,51100.0,REIMS,51,454,IK,1362,2,2.0,Appartement,85.0,4.0
1750279,06/01/2017,Vente,"1030000,00",139.0,AV,4900,JEAN JAURES,51100.0,REIMS,51,454,BI,210,0,2.0,Appartement,40.0,3.0
1750280,06/01/2017,Vente,"1030000,00",139.0,AV,4900,JEAN JAURES,51100.0,REIMS,51,454,BI,210,0,2.0,Appartement,35.0,2.0
1750281,06/01/2017,Vente,"1030000,00",139.0,AV,4900,JEAN JAURES,51100.0,REIMS,51,454,BI,210,0,2.0,Appartement,56.0,3.0
1750282,06/01/2017,Vente,"1030000,00",139.0,AV,4900,JEAN JAURES,51100.0,REIMS,51,454,BI,210,0,2.0,Appartement,53.0,3.0
1750283,06/01/2017,Vente,"1030000,00",139.0,AV,4900,JEAN JAURES,51100.0,REIMS,51,454,BI,210,0,2.0,Appartement,38.0,2.0
1750284,06/01/2017,Vente,"1030000,00",139.0,AV,4900,JEAN JAURES,51100.0,REIMS,51,454,BI,210,0,2.0,Appartement,53.0,3.0
1750286,06/01/2017,Vente,"1030000,00",139.0,AV,4900,JEAN JAURES,51100.0,REIMS,51,454,BI,210,0,2.0,Appartement,56.0,3.0
1750287,06/01/2017,Vente,"1030000,00",139.0,AV,4900,JEAN JAURES,51100.0,REIMS,51,454,BI,210,0,2.0,Appartement,35.0,2.0
1750288,06/01/2017,Vente,"1030000,00",139.0,AV,4900,JEAN JAURES,51100.0,REIMS,51,454,BI,210,0,2.0,Appartement,56.0,3.0
1750289,06/01/2017,Vente,"1030000,00",139.0,AV,4900,JEAN JAURES,51100.0,REIMS,51,454,BI,210,0,2.0,Appartement,30.0,2.0
1750292,06/01/2017,Vente,"1030000,00",139.0,AV,4900,JEAN JAURES,51100.0,REIMS,51,454,BI,210,0,2.0,Appartement,50.0,3.0
1750309,06/01/2017,Vente,"230000,00",47.0,RUE,5260,LAMOUCHE,51100.0,REIMS,51,454,AV,586,2,2.0,Appartement,51.0,3.0
1750310,06/01/2017,Vente,"230000,00",47.0,RUE,5260,LAMOUCHE,51100.0,REIMS,51,454,AV,586,3,2.0,Appartement,51.0,3.0
1750312,20/01/2017,Vente,"96685,00",26.0,RUE,8480,DE TAISSY,51100.0,REIMS,51,454,DK,235,2,2.0,Appartement,45.0,2.0
1750317,04/01/2017,Vente en l'état futur d'achèvement,"250000,00",65.0,RUE,6230,DU MONT D ARENE,51100.0,REIMS,51,454,AT,9,1,2.0,Appartement,64.0,3.0
1750322,06/01/2017,Vente,"128000,00",59.0,RUE,1920,DE CHEVIGNE,51100.0,REIMS,51,454,CL,33,2,2.0,Appartement,63.0,3.0
1750328,12/01/2017,Vente,"42000,00",61.0,RUE,0200,D ALSACE LORRAINE,51100.0,REIMS,51,454,CT,328,1,2.0,Appartement,21.0,1.0
1750330,13/01/2017,Vente,"35000,00",38.0,RUE,1980,DE CLAIRMARAIS,51100.0,REIMS,51,454,AT,187,1,2.0,Appartement,18.0,1.0
1750331,18/01/2017,Vente,"92000,00",23.0,RUE,5019,JOLIOT CURIE,51100.0,REIMS,51,454,IX,256,2,2.0,Appartement,63.0,3.0
1750333,18/01/2017,Vente,"81000,00",13.0,RUE,7015,PIERRE DE COUBERTIN,51100.0,REIMS,51,454,AE,110,2,2.0,Appartement,81.0,4.0
1750339,27/01/2017,Vente,"70000,00",37.0,RUE,1390,DES CAPUCINS,51100.0,REIMS,51,454,IK,54,1,2.0,Appartement,55.0,2.0
1750341,23/01/2017,Vente,"88200,00",10.0,RUE,7015,PIERRE DE COUBERTIN,51100.0,REIMS,51,454,AE,292,1,2.0,Appartement,72.0,4.0
1750350,04/01/2017,Vente,"170000,00",75.0,RUE,5340,LECOINTRE,51100.0,REIMS,51,454,AV,719,2,2.0,Appartement,91.0,5.0
1750351,06/01/2017,Vente,"89400,00",15.0,RUE,1030,DE LA BONNE FEMME,51100.0,REIMS,51,454,DO,242,2,2.0,Appartement,73.0,3.0
1750365,23/01/2017,Vente,"88500,00",2.0,RUE,8590,TERNAUX,51100.0,REIMS,51,454,BC,151,1,2.0,Appartement,39.0,1.0
1750368,24/01/2017,Vente,"207100,00",85.0,RUE,3850,GAMBETTA,51100.0,REIMS,51,454,CY,247,2,2.0,Appartement,88.0,3.0
1750377,31/01/2017,Vente,"57500,00",29.0,RUE,3770,FRANCOIS DOR,51100.0,REIMS,51,454,HW,390,1,2.0,Appartement,24.0,1.0
1750379,06/01/2017,Vente,"112000,00",23.0,RUE,2170,DU COLONEL FABIEN,51100.0,REIMS,51,454,HZ,89,1,2.0,Appartement,61.0,2.0
1750381,06/01/2017,Vente,"43000,00",14.0,RUE,3770,FRANCOIS DOR,51100.0,REIMS,51,454,HX,409,1,2.0,Appartement,49.0,2.0
1750383,18/01/2017,Vente,"140000,00",16.0,RUE,0270,ANDRIEUX,51100.0,REIMS,51,454,BE,38,2,2.0,Appartement,46.0,2.0
1750386,09/01/2017,Vente,"47000,00",15.0,RUE,0740,BELIN,51100.0,REIMS,51,454,AX,258,1,2.0,Appartement,25.0,2.0
1750393,13/01/2017,Vente,"91400,00",106.0,RUE,1640,DU CHALET,51100.0,REIMS,51,454,BK,526,2,2.0,Appartement,39.0,1.0
1750397,13/01/2017,Vente,"220000,00",1.0,RUE,9260,WERLE,51100.0,REIMS,51,454,BH,530,2,2.0,Appartement,97.0,3.0
1750402,11/01/2017,Vente,"59040,00",3.0,BD,1800,CHARLES ARNOULD,51100.0,REIMS,51,454,AV,6,2,2.0,Appartement,40.0,2.0
1750403,27/01/2017,Vente,"134000,00",8.0,RUE,0290,ANOT,51100.0,REIMS,51,454,DM,96,1,2.0,Appartement,62.0,2.0
1750404,06/01/2017,Vente,"96000,00",30.0,RUE,3090,DURUY,51100.0,REIMS,51,454,AW,6,1,2.0,Appartement,50.0,3.0
1750406,18/01/2017,Vente,"195446,66",34.0,PL,3040,DROUET D ERLON,51100.0,REIMS,51,454,IL,208,1,2.0,Appartement,111.0,5.0
1750412,25/01/2017,Vente en l'état futur d'achèvement,"188142,00",412.0,AV,5300,DE LAON,51100.0,REIMS,51,454,AE,142,1,2.0,Appartement,81.0,4.0
1750419,01/02/2017,Vente en l'état futur d'achèvement,"102900,00",,RUE,0910,DE BEZANNES,51100.0,REIMS,51,454,HW,135,1,2.0,Appartement,22.0,1.0
1750423,18/01/2017,Vente,"70000,00",10.0,RUE,3000,DOCTEUR THOMAS,51100.0,REIMS,51,454,AW,362,1,2.0,Appartement,38.0,2.0
1750426,16/01/2017,Vente,"105500,00",52.0,RUE,2570,CROUTELLE,51100.0,REIMS,51,454,AV,105,2,2.0,Appartement,37.0,2.0
1750453,27/01/2017,Vente en l'état futur d'achèvement,"167900,00",3.0,RUE,4070,GERUZEZ,51100.0,REIMS,51,454,AV,1037,1,2.0,Appartement,47.0,2.0
1750454,25/01/2017,Vente,"160000,00",36.0,RUE,3850,GAMBETTA,51100.0,REIMS,51,454,IK,168,2,2.0,Appartement,69.0,4.0
1750463,24/01/2017,Vente,"133000,00",30.0,RUE,7100,DES POISSONNIERS,51100.0,REIMS,51,454,IM,207,1,2.0,Appartement,26.0,1.0
1750466,31/01/2017,Vente,"187000,00",9.0,RUE,2440,DE COURLANCY,51100.0,REIMS,51,454,HX,554,1,2.0,Appartement,85.0,4.0
1750469,04/02/2017,Vente,"60000,00",54.0,RUE,1830,CHARLIER,51100.0,REIMS,51,454,BI,97,2,2.0,Appartement,32.0,2.0
1750473,12/01/2017,Vente,"305000,00",14.0,RUE,5250,LAGRIVE,51100.0,REIMS,51,454,CK,53,2,2.0,Appartement,150.0,5.0
1750474,26/01/2017,Vente en l'état futur d'achèvement,"89900,00",,RUE,0910,DE BEZANNES,51100.0,REIMS,51,454,HW,135,1,2.0,Appartement,22.0,1.0
1750476,30/01/2017,Vente en l'état futur d'achèvement,"192000,00",412.0,AV,5300,DE LAON,51100.0,REIMS,51,454,AE,142,1,2.0,Appartement,82.0,3.0
1750477,26/01/2017,Vente en l'état futur d'achèvement,"152000,00",,RUE,0910,DE BEZANNES,51100.0,REIMS,51,454,HW,135,1,2.0,Appartement,44.0,2.0
1750490,25/01/2017,Vente,"79300,00",340.0,AV,5300,DE LAON,51100.0,REIMS,51,454,AM,837,2,2.0,Appartement,70.0,4.0
1750494,13/01/2017,Vente,"140000,00",38.0,RUE,5650,DE LOUVOIS,51100.0,REIMS,51,454,DV,639,0,2.0,Appartement,21.0,1.0
1750496,13/01/2017,Vente,"140000,00",38.0,RUE,5650,DE LOUVOIS,51100.0,REIMS,51,454,DV,639,0,2.0,Appartement,22.0,1.0
1750504,11/01/2017,Vente,"123200,00",2.0,RUE,1550,CERES,51100.0,REIMS,51,454,CX,39,1,2.0,Appartement,37.0,2.0
1750509,27/01/2017,Vente,"132500,00",1.0,RUE,6740,PASSE DEMOISELLES,51100.0,REIMS,51,454,HX,117,1,2.0,Appartement,47.0,2.0
1750511,31/01/2017,Vente,"120000,00",57.0,BD,2930,DOCTEUR HENRI HENROT,51100.0,REIMS,51,454,DM,239,2,2.0,Appartement,79.0,4.0
1750516,02/02/2017,Vente,"111000,00",5.0,RUE,8670,DE TINQUEUX,51100.0,REIMS,51,454,IO,372,1,2.0,Appartement,57.0,2.0
1750521,11/01/2017,Vente,"165000,00",18.0,BD,5680,LUNDY,51100.0,REIMS,51,454,BH,350,2,2.0,Appartement,48.0,2.0
1750531,30/01/2017,Vente en l'état futur d'achèvement,"89000,00",67.0,BD,6790,PAUL DOUMER,51100.0,REIMS,51,454,IK,356,1,2.0,Appartement,25.0,1.0
1750537,19/01/2017,Vente,"430000,00",6.0,RUE,7600,ROGIER,51100.0,REIMS,51,454,BE,58,0,2.0,Appartement,22.0,1.0
1750545,06/02/2017,Vente en l'état futur d'achèvement,"155000,00",67.0,BD,6790,PAUL DOUMER,51100.0,REIMS,51,454,IK,356,1,2.0,Appartement,25.0,1.0
1750546,06/02/2017,Vente en l'état futur d'achèvement,"155000,00",67.0,BD,6790,PAUL DOUMER,51100.0,REIMS,51,454,IK,356,1,2.0,Appartement,25.0,1.0
1750549,16/01/2017,Vente,"750000,00",20.0,RUE,3770,FRANCOIS DOR,51100.0,REIMS,51,454,HX,406,0,2.0,Appartement,11.0,1.0
1750550,16/01/2017,Vente,"750000,00",20.0,RUE,3770,FRANCOIS DOR,51100.0,REIMS,51,454,HX,406,0,2.0,Appartement,27.0,1.0
1750551,16/01/2017,Vente,"750000,00",20.0,RUE,3770,FRANCOIS DOR,51100.0,REIMS,51,454,HX,406,0,2.0,Appartement,14.0,1.0
1750552,16/01/2017,Vente,"750000,00",20.0,RUE,3770,FRANCOIS DOR,51100.0,REIMS,51,454,HX,406,0,2.0,Appartement,14.0,1.0
1750553,16/01/2017,Vente,"750000,00",20.0,RUE,3770,FRANCOIS DOR,51100.0,REIMS,51,454,HX,406,0,2.0,Appartement,18.0,1.0
1750554,16/01/2017,Vente,"750000,00",20.0,RUE,3770,FRANCOIS DOR,51100.0,REIMS,51,454,HX,406,0,2.0,Appartement,23.0,1.0
1750555,16/01/2017,Vente,"750000,00",20.0,RUE,3770,FRANCOIS DOR,51100.0,REIMS,51,454,HX,406,0,2.0,Appartement,21.0,1.0
1750556,16/01/2017,Vente,"750000,00",20.0,RUE,3770,FRANCOIS DOR,51100.0,REIMS,51,454,HX,406,0,2.0,Appartement,100.0,4.0
1750557,16/01/2017,Vente,"750000,00",20.0,RUE,3770,FRANCOIS DOR,51100.0,REIMS,51,454,HX,406,0,2.0,Appartement,16.0,1.0
1750558,16/01/2017,Vente,"750000,00",20.0,RUE,3770,FRANCOIS DOR,51100.0,REIMS,51,454,HX,406,0,2.0,Appartement,18.0,1.0
1750559,16/01/2017,Vente,"750000,00",20.0,RUE,3770,FRANCOIS DOR,51100.0,REIMS,51,454,HX,406,0,2.0,Appartement,35.0,2.0
1750560,16/01/2017,Vente,"750000,00",20.0,RUE,3770,FRANCOIS DOR,51100.0,REIMS,51,454,HX,406,0,2.0,Appartement,13.0,1.0
1750561,16/01/2017,Vente,"750000,00",20.0,RUE,3770,FRANCOIS DOR,51100.0,REIMS,51,454,HX,406,0,2.0,Appartement,28.0,1.0
1750562,16/01/2017,Vente,"750000,00",20.0,RUE,3770,FRANCOIS DOR,51100.0,REIMS,51,454,HX,406,0,2.0,Appartement,11.0,1.0
1750563,16/01/2017,Vente,"750000,00",20.0,RUE,3770,FRANCOIS DOR,51100.0,REIMS,51,454,HX,406,0,2.0,Appartement,18.0,1.0
1750564,16/01/2017,Vente,"750000,00",20.0,RUE,3770,FRANCOIS DOR,51100.0,REIMS,51,454,HX,406,0,2.0,Appartement,37.0,2.0
1750565,16/01/2017,Vente,"750000,00",20.0,RUE,3770,FRANCOIS DOR,51100.0,REIMS,51,454,HX,406,0,2.0,Appartement,12.0,1.0
1750566,16/01/2017,Vente,"750000,00",20.0,RUE,3770,FRANCOIS DOR,51100.0,REIMS,51,454,HX,406,0,2.0,Appartement,20.0,1.0
1750567,16/01/2017,Vente,"750000,00",20.0,RUE,3770,FRANCOIS DOR,51100.0,REIMS,51,454,HX,406,0,2.0,Appartement,17.0,1.0
1750568,16/01/2017,Vente,"750000,00",20.0,RUE,3770,FRANCOIS DOR,51100.0,REIMS,51,454,HX,406,0,2.0,Appartement,12.0,1.0
1750574,13/01/2017,Vente,"75000,00",51.0,BD,2930,DOCTEUR HENRI HENROT,51100.0,REIMS,51,454,DM,239,2,2.0,Appartement,69.0,3.0
1750575,20/01/2017,Vente,"65000,00",1.0,AV,8030,ST POL,51100.0,REIMS,51,454,DM,332,2,2.0,Appartement,59.0,3.0
1750576,23/01/2017,Vente,"120000,00",128.0,RUE,1590,DE CERNAY,51100.0,REIMS,51,454,CV,639,0,2.0,Appartement,37.0,2.0
1750578,23/01/2017,Vente,"120000,00",128.0,RUE,1590,DE CERNAY,51100.0,REIMS,51,454,CV,639,0,2.0,Appartement,42.0,2.0
1750579,24/01/2017,Vente,"60000,00",48.0,RUE,0870,DE BETHENY,51100.0,REIMS,51,454,BK,514,2,2.0,Appartement,31.0,1.0
1750589,02/02/2017,Vente,"133840,00",5.0,RUE,8670,DE TINQUEUX,51100.0,REIMS,51,454,IO,372,1,2.0,Appartement,75.0,3.0
1750602,27/01/2017,Vente,"140000,00",15.0,RUE,8890,DE L UNION FONCIERE,51100.0,REIMS,51,454,HX,220,2,2.0,Appartement,63.0,4.0
1750604,30/01/2017,Vente,"10000,00",20.0,RUE,8620,THIERS,51100.0,REIMS,51,454,IL,431,1,2.0,Appartement,112.0,5.0
1750605,19/01/2017,Vente,"180000,00",27.0,RUE,3800,DES FUSELIERS,51100.0,REIMS,51,454,CX,368,2,2.0,Appartement,65.0,3.0
1750606,19/01/2017,Vente,"180000,00",27.0,RUE,3800,DES FUSELIERS,51100.0,REIMS,51,454,CX,368,1,2.0,Appartement,61.0,3.0
1750607,30/01/2017,Vente,"221450,00",14.0,CRS,4850,J B LANGLET,51100.0,REIMS,51,454,IL,82,1,2.0,Appartement,60.0,3.0
1750608,02/02/2017,Vente,"135000,00",10.0,RUE,1980,DE CLAIRMARAIS,51100.0,REIMS,51,454,AT,206,2,2.0,Appartement,108.0,5.0
1750611,13/01/2017,Vente,"1262250,00",26.0,RUE,8580,DES TEMPLIERS,51100.0,REIMS,51,454,BH,322,0,2.0,Appartement,312.0,7.0
1750617,31/01/2017,Vente,"50000,00",11.0,RUE,6160,DE METZ,51100.0,REIMS,51,454,CV,501,4,2.0,Appartement,21.0,1.0
1750618,08/02/2017,Vente,"132000,00",11.0,RUE,7400,RAYMOND GUYOT,51100.0,REIMS,51,454,BH,184,2,2.0,Appartement,69.0,3.0
1750619,03/02/2017,Vente,"135000,00",52.0,PL,3040,DROUET D ERLON,51100.0,REIMS,51,454,IL,337,1,2.0,Appartement,57.0,2.0
1750623,23/01/2017,Vente,"160000,00",224.0,BD,7140,POMMERY,51100.0,REIMS,51,454,CI,21,2,2.0,Appartement,93.0,5.0
1750630,23/01/2017,Vente,"122000,00",29.0,RUE,5891,MARCEL THIL,51100.0,REIMS,51,454,AV,431,1,2.0,Appartement,50.0,2.0
1750631,11/01/2017,Vente,"416000,00",19.0,RUE,6864,PAYEN,51100.0,REIMS,51,454,IK,776,1,2.0,Appartement,67.0,3.0
1750634,23/01/2017,Vente,"70000,00",55.0,RUE,7790,DE ST BRICE,51100.0,REIMS,51,454,AS,50,1,2.0,Appartement,30.0,1.0
1750638,03/02/2017,Vente,"165000,00",77.0,BD,6790,PAUL DOUMER,51100.0,REIMS,51,454,IK,335,2,2.0,Appartement,80.0,3.0
1750640,02/02/2017,Vente,"145000,00",10.0,RUE,5410,LEON HOURLIER,51100.0,REIMS,51,454,AW,519,1,2.0,Appartement,70.0,2.0
1750642,19/01/2017,Vente,"105000,00",153.0,AV,5300,DE LAON,51100.0,REIMS,51,454,AV,146,1,2.0,Appartement,31.0,1.0
1750644,03/02/2017,Vente,"268000,00",37.0,RUE,1390,DES CAPUCINS,51100.0,REIMS,51,454,IK,54,2,2.0,Appartement,129.0,3.0
1750646,07/02/2017,Vente,"109000,00",2.0,RUE,3270,EMILE SENART,51100.0,REIMS,51,454,AY,412,2,2.0,Appartement,69.0,3.0
1750647,20/01/2017,Vente,"140000,00",2.0,RUE,1550,CERES,51100.0,REIMS,51,454,CX,39,1,2.0,Appartement,36.0,2.0
1750649,08/02/2017,Vente,"94000,00",35.0,RUE,3610,FLIN DES OLIVIERS,51100.0,REIMS,51,454,HX,399,1,2.0,Appartement,76.0,4.0
1750661,10/02/2017,Vente,"95800,00",36.0,BD,4760,JAMIN,51100.0,REIMS,51,454,BI,705,2,2.0,Appartement,48.0,2.0
1750662,31/01/2017,Vente,"77000,00",6.0,RUE,1020,BONHOMME,51100.0,REIMS,51,454,BE,86,1,2.0,Appartement,32.0,1.0
1750664,31/01/2017,Vente,"85000,00",6.0,RUE,1020,BONHOMME,51100.0,REIMS,51,454,BE,86,1,2.0,Appartement,54.0,2.0
1750677,27/01/2017,Vente,"21065,00",6.0,RUE,4220,GRANDVAL,51100.0,REIMS,51,454,CL,984,1,2.0,Appartement,32.0,2.0
1750680,24/01/2017,Vente,"37000,00",156.0,RUE,1590,DE CERNAY,51100.0,REIMS,51,454,CV,257,1,2.0,Appartement,21.0,1.0
1750683,27/01/2017,Vente,"105000,00",6.0,ALL,7615,RONSARD,51100.0,REIMS,51,454,DK,184,1,2.0,Appartement,118.0,6.0
1750688,27/01/2017,Vente,"33935,00",4.0,RUE,4220,GRANDVAL,51100.0,REIMS,51,454,CL,985,1,2.0,Appartement,26.0,2.0
1750689,27/01/2017,Vente,"33935,00",4.0,RUE,4220,GRANDVAL,51100.0,REIMS,51,454,CL,985,1,2.0,Appartement,26.0,2.0
1750702,11/02/2017,Vente,"130000,00",7.0,ALL,1725,CH NICOLAS ROLAND,51100.0,REIMS,51,454,DM,239,2,2.0,Appartement,105.0,5.0
1750705,08/02/2017,Vente,"105000,00",1.0,RUE,8870,DES TUILERIES,51100.0,REIMS,51,454,DM,559,2,2.0,Appartement,69.0,3.0
1750706,24/01/2017,Vente,"94000,00",39.0,RUE,1110,BOULARD,51100.0,REIMS,51,454,IK,378,1,2.0,Appartement,28.0,1.0
1750711,03/02/2017,Vente,"36000,00",11.0,RUE,2670,DAVID,51100.0,REIMS,51,454,CW,258,2,2.0,Appartement,21.0,1.0
1750715,17/01/2017,Vente,"70000,00",15.0,RUE,7405,RAYMOND POINCARE,51100.0,REIMS,51,454,AE,117,2,2.0,Appartement,70.0,4.0
1750725,06/02/2017,Vente,"90000,00",150.0,RUE,6830,P VAILLANT COUTURIER,51100.0,REIMS,51,454,AN,174,2,2.0,Appartement,80.0,4.0
1750728,23/01/2017,Vente,"125000,00",42.0,RUE,5090,JULES GUICHARD,51100.0,REIMS,51,454,AV,681,1,2.0,Appartement,86.0,5.0
1750733,19/01/2017,Vente,"93000,00",22.0,RUE,6720,DE PARGNY,51100.0,REIMS,51,454,HW,390,1,2.0,Appartement,44.0,2.0
1750738,19/01/2017,Vente,"159000,00",131.0,BD,7140,POMMERY,51100.0,REIMS,51,454,CI,65,2,2.0,Appartement,79.0,3.0
1750743,31/01/2017,Vente,"140000,00",18.0,RUE,2590,D ESTIENNE D ORVES,51100.0,REIMS,51,454,DV,731,1,2.0,Appartement,54.0,3.0
1750744,02/02/2017,Vente,"69000,00",5.0,RUE,0180,ALPHONSE DEFFAUT,51100.0,REIMS,51,454,AN,287,1,2.0,Appartement,41.0,2.0
1750745,02/02/2017,Vente,"69000,00",5.0,RUE,0180,ALPHONSE DEFFAUT,51100.0,REIMS,51,454,AN,287,1,2.0,Appartement,45.0,2.0
1750749,10/02/2017,Vente,"175000,00",3.0,RUE,2170,DU COLONEL FABIEN,51100.0,REIMS,51,454,HZ,101,3,2.0,Appartement,81.0,3.0
1750753,03/02/2017,Vente,"34000,00",3.0,RUE,5930,MARIE STUART,51100.0,REIMS,51,454,CX,254,1,2.0,Appartement,17.0,1.0
1750755,09/02/2017,Vente,"141700,00",3.0,RUE,4545,HENRI ROYER,51100.0,REIMS,51,454,HV,978,2,2.0,Appartement,92.0,5.0
1750761,26/01/2017,Vente,"47000,00",9.0,RUE,6130,MENNESSON TONNELIER,51100.0,REIMS,51,454,AW,263,3,2.0,Appartement,60.0,2.0
1750762,26/01/2017,Vente,"420000,00",46.0,RUE,3210,DES ELUS,51100.0,REIMS,51,454,IL,245,2,2.0,Appartement,136.0,6.0
1750765,25/01/2017,Vente,"117820,00",83.0,AV,6730,DE PARIS,51100.0,REIMS,51,454,HX,3,2,2.0,Appartement,66.0,3.0
1750769,24/01/2017,Vente,"282000,00",7.0,RUE,6670,DES ORPHELINS,51100.0,REIMS,51,454,CY,240,1,2.0,Appartement,121.0,4.0
1750771,27/01/2017,Vente,"100000,00",55.0,RUE,7580,ROGER SALENGRO,51100.0,REIMS,51,454,AX,725,1,2.0,Appartement,26.0,2.0
1750772,27/01/2017,Vente,"100000,00",55.0,RUE,7580,ROGER SALENGRO,51100.0,REIMS,51,454,AX,725,1,2.0,Appartement,18.0,1.0
1750775,01/02/2017,Vente,"74000,00",33.0,ESP,3590,FLECHAMBAULT,51100.0,REIMS,51,454,DM,631,2,2.0,Appartement,48.0,2.0
1750776,26/01/2017,Vente,"99000,00",1.0,RUE,6740,PASSE DEMOISELLES,51100.0,REIMS,51,454,HX,117,1,2.0,Appartement,42.0,2.0
1750785,09/02/2017,Vente,"88000,00",56.0,RUE,4740,JACQUART,51100.0,REIMS,51,454,BI,569,2,2.0,Appartement,46.0,2.0
1750792,31/01/2017,Vente,"51000,00",12.0,RUE,3800,DES FUSELIERS,51100.0,REIMS,51,454,CX,557,1,2.0,Appartement,19.0,1.0
1750803,14/02/2017,Vente en l'état futur d'achèvement,"150000,00",67.0,BD,6790,PAUL DOUMER,51100.0,REIMS,51,454,IK,356,1,2.0,Appartement,49.0,2.0
1750804,03/02/2017,Vente,"35000,00",340.0,AV,5300,DE LAON,51100.0,REIMS,51,454,AM,837,2,2.0,Appartement,34.0,2.0
1750821,09/02/2017,Vente,"70000,00",36.0,BD,4760,JAMIN,51100.0,REIMS,51,454,BI,705,2,2.0,Appartement,58.0,2.0
1750823,13/02/2017,Vente,"117000,00",6.0,RUE,3610,FLIN DES OLIVIERS,51100.0,REIMS,51,454,HX,17,2,2.0,Appartement,48.0,2.0
1750824,10/02/2017,Vente,"62700,00",30.0,RUE,5940,MARLOT,51100.0,REIMS,51,454,IK,507,3,2.0,Appartement,40.0,1.0
1750825,08/02/2017,Vente,"278000,00",21.0,RUE,1310,BUIRETTE,51100.0,REIMS,51,454,IM,111,3,2.0,Appartement,99.0,4.0
1750829,20/01/2017,Vente,"185000,00",6.0,RUE,3987,GEORGES BERNANOS,51100.0,REIMS,51,454,HV,978,2,2.0,Appartement,107.0,6.0
1750833,16/02/2017,Vente,"227700,00",24.0,RUE,6760,PAUL ADAM,51100.0,REIMS,51,454,IK,1463,2,2.0,Appartement,87.0,3.0
1750835,13/02/2017,Vente,"168000,00",39.0,AV,8030,ST POL,51100.0,REIMS,51,454,DM,629,2,2.0,Appartement,89.0,4.0
1750837,23/01/2017,Vente,"119500,00",58.0,RUE,1260,DE LA BRIQUETERIE,51100.0,REIMS,51,454,DV,407,2,2.0,Appartement,64.0,4.0
1750847,25/01/2017,Vente,"48500,00",1.0,RUE,9260,WERLE,51100.0,REIMS,51,454,BH,530,1,2.0,Appartement,23.0,1.0
1750848,01/02/2017,Vente,"45000,00",20.0,RUE,0610,BARON,51100.0,REIMS,51,454,CV,218,1,2.0,Appartement,18.0,1.0
1750849,23/01/2017,Vente,"53000,00",10.0,RUE,7405,RAYMOND POINCARE,51100.0,REIMS,51,454,AE,117,2,2.0,Appartement,47.0,2.0
1750857,08/02/2017,Vente,"146140,00",8.0,RUE,2790,DEVILLE,51100.0,REIMS,51,454,AV,44,1,2.0,Appartement,75.0,3.0
1750860,30/01/2017,Vente,"105000,00",4.0,ALL,7615,RONSARD,51100.0,REIMS,51,454,DK,184,1,2.0,Appartement,78.0,4.0
1750863,30/01/2017,Vente,"154000,00",20.0,BD,1510,CARTERET,51100.0,REIMS,51,454,CW,632,2,2.0,Appartement,82.0,4.0
1750866,01/02/2017,Vente,"29000,00",9.0,RUE,7010,PIERRE BROSSOLETTE,51100.0,REIMS,51,454,AR,220,1,2.0,Appartement,13.0,1.0
1750869,08/02/2017,Vente,"398000,00",28.0,RUE,8560,DES TELLIERS,51100.0,REIMS,51,454,IL,285,0,2.0,Appartement,42.0,2.0
1750871,08/02/2017,Vente,"398000,00",28.0,RUE,8560,DES TELLIERS,51100.0,REIMS,51,454,IL,285,0,2.0,Appartement,31.0,2.0
1750872,08/02/2017,Vente,"398000,00",28.0,RUE,8560,DES TELLIERS,51100.0,REIMS,51,454,IL,285,0,2.0,Appartement,31.0,2.0
1750880,16/02/2017,Vente,"130000,00",15.0,RUE,8720,TOURNEBONNEAU,51100.0,REIMS,51,454,DM,630,2,2.0,Appartement,85.0,4.0
1750884,17/02/2017,Vente,"140850,00",193.0,RUE,1590,DE CERNAY,51100.0,REIMS,51,454,CT,59,2,2.0,Appartement,75.0,3.0
1750892,15/02/2017,Vente,"52000,00",5.0,RUE,3860,DE LA GARENNE,51100.0,REIMS,51,454,HW,385,1,2.0,Appartement,22.0,1.0
1750894,15/02/2017,Vente,"159000,00",14.0,RUE,4620,HOUZEAU MUIRON,51100.0,REIMS,51,454,CK,197,2,2.0,Appartement,94.0,4.0
1750900,21/02/2017,Vente,"70000,00",7.0,RUE,0450,AUGER,51100.0,REIMS,51,454,AI,222,2,2.0,Appartement,42.0,2.0
1750909,09/02/2017,Vente en l'état futur d'achèvement,"103000,00",,RUE,0910,DE BEZANNES,51100.0,REIMS,51,454,HW,135,1,2.0,Appartement,23.0,1.0
1750918,06/02/2017,Vente en l'état futur d'achèvement,"152000,00",,RUE,0910,DE BEZANNES,51100.0,REIMS,51,454,HW,135,1,2.0,Appartement,43.0,2.0
1750919,09/02/2017,Vente en l'état futur d'achèvement,"140000,00",,RUE,0910,DE BEZANNES,51100.0,REIMS,51,454,HW,135,1,2.0,Appartement,39.0,2.0
1750925,10/02/2017,Vente en l'état futur d'achèvement,"102900,00",,RUE,0910,DE BEZANNES,51100.0,REIMS,51,454,HW,135,1,2.0,Appartement,22.0,1.0
1750932,08/02/2017,Vente en l'état futur d'achèvement,"102900,00",,RUE,0910,DE BEZANNES,51100.0,REIMS,51,454,HW,135,1,2.0,Appartement,23.0,1.0
1750934,17/02/2017,Vente,"132000,00",3.0,RUE,0180,ALPHONSE DEFFAUT,51100.0,REIMS,51,454,AN,287,2,2.0,Appartement,45.0,1.0
1750935,17/02/2017,Vente,"132000,00",5.0,RUE,0180,ALPHONSE DEFFAUT,51100.0,REIMS,51,454,AN,287,1,2.0,Appartement,43.0,2.0
1750936,17/02/2017,Vente,"132000,00",5.0,RUE,0180,ALPHONSE DEFFAUT,51100.0,REIMS,51,454,AN,287,1,2.0,Appartement,41.0,2.0
1750937,06/02/2017,Vente en l'état futur d'achèvement,"89900,00",,RUE,0910,DE BEZANNES,51100.0,REIMS,51,454,HW,135,1,2.0,Appartement,22.0,1.0
1750938,03/02/2017,Vente,"170000,00",8.0,RUE,8430,DE STRASBOURG,51100.0,REIMS,51,454,CV,940,2,2.0,Appartement,81.0,4.0
1750939,09/02/2017,Vente,"350000,00",47.0,RUE,5460,LESAGE,51100.0,REIMS,51,454,AW,562,0,2.0,Appartement,55.0,3.0
1750940,09/02/2017,Vente,"350000,00",47.0,RUE,5460,LESAGE,51100.0,REIMS,51,454,AW,562,0,2.0,Appartement,57.0,2.0
1750942,09/02/2017,Vente,"350000,00",47.0,RUE,5460,LESAGE,51100.0,REIMS,51,454,AW,562,0,2.0,Appartement,55.0,3.0
1750954,14/02/2017,Vente,"122000,00",27.0,RUE,3150,DE L ECU,51100.0,REIMS,51,454,CW,638,2,2.0,Appartement,41.0,3.0
1750958,10/02/2017,Vente,"297800,00",26.0,RUE,3340,DE L EQUERRE,51100.0,REIMS,51,454,CY,648,1,2.0,Appartement,123.0,5.0
1750959,22/02/2017,Vente en l'état futur d'achèvement,"102900,00",,RUE,0910,DE BEZANNES,51100.0,REIMS,51,454,HW,135,1,2.0,Appartement,22.0,1.0
1750968,10/02/2017,Vente en l'état futur d'achèvement,"102900,00",,RUE,0910,DE BEZANNES,51100.0,REIMS,51,454,HW,135,1,2.0,Appartement,22.0,1.0
1750970,22/02/2017,Vente en l'état futur d'achèvement,"102900,00",,RUE,0910,DE BEZANNES,51100.0,REIMS,51,454,HW,135,1,2.0,Appartement,22.0,1.0
1750978,22/02/2017,Vente en l'état futur d'achèvement,"100636,20",,RUE,0910,DE BEZANNES,51100.0,REIMS,51,454,HW,135,1,2.0,Appartement,22.0,1.0
1750983,30/01/2017,Vente,"91700,00",78.0,AV,4010,GEORGES CLEMENCEAU,51100.0,REIMS,51,454,CL,690,2,2.0,Appartement,62.0,3.0
1750984,09/02/2017,Vente,"100000,00",10.0,RUE,4530,HENRI PARIS,51100.0,REIMS,51,454,DK,266,1,2.0,Appartement,47.0,3.0
1750985,09/02/2017,Vente,"100000,00",10.0,RUE,4530,HENRI PARIS,51100.0,REIMS,51,454,DK,266,1,2.0,Appartement,32.0,2.0
1750988,01/02/2017,Vente,"113000,00",40.0,RUE,1390,DES CAPUCINS,51100.0,REIMS,51,454,IK,1267,2,2.0,Appartement,47.0,2.0
1750997,09/02/2017,Vente,"77000,00",16.0,RUE,7010,PIERRE BROSSOLETTE,51100.0,REIMS,51,454,AV,857,2,2.0,Appartement,52.0,2.0
1751000,01/02/2017,Vente,"145000,00",29.0,BD,6790,PAUL DOUMER,51100.0,REIMS,51,454,IK,1362,2,2.0,Appartement,69.0,3.0
1751004,08/02/2017,Vente,"120000,00",12.0,RUE,3680,FORTEL,51100.0,REIMS,51,454,AR,470,2,2.0,Appartement,76.0,3.0
1751006,13/02/2017,Vente,"45000,00",25.0,RUE,3500,FAVART D HERBIGNY,51100.0,REIMS,51,454,CV,898,1,2.0,Appartement,28.0,2.0
1751007,31/01/2017,Vente en l'état futur d'achèvement,"166500,00",25.0,RUE,4190,DU GRAND CERF,51100.0,REIMS,51,454,CZ,317,1,2.0,Appartement,40.0,2.0
1751009,15/02/2017,Vente,"122000,00",16.0,CHS,0980,BOCQUAINE,51100.0,REIMS,51,454,HZ,183,1,2.0,Appartement,62.0,2.0
1751014,01/02/2017,Vente,"367000,00",33.0,CRS,4850,J B LANGLET,51100.0,REIMS,51,454,IL,264,1,2.0,Appartement,118.0,6.0
1751038,22/02/2017,Vente,"55000,00",27.0,RUE,1710,DE CHAMPIGNY,51100.0,REIMS,51,454,AR,302,2,2.0,Appartement,53.0,3.0
1751041,23/02/2017,Vente,"141000,00",6.0,AV,4900,JEAN JAURES,51100.0,REIMS,51,454,CW,51,2,2.0,Appartement,55.0,3.0
1751042,21/02/2017,Vente,"53000,00",55.0,AV,6823,PAUL MARCHANDEAU,51100.0,REIMS,51,454,DO,37,2,2.0,Appartement,25.0,1.0
1751045,20/02/2017,Vente,"105000,00",5.0,BD,9070,VICTOR HUGO,51100.0,REIMS,51,454,CZ,607,2,2.0,Appartement,65.0,3.0
1751046,24/02/2017,Vente,"167000,00",12.0,RUE,8830,DES TROIS RAISINETS,51100.0,REIMS,51,454,CX,202,3,2.0,Appartement,72.0,4.0
1751055,09/02/2017,Vente,"200000,00",125.0,RUE,9040,DE VESLE,51100.0,REIMS,51,454,IK,1346,1,2.0,Appartement,71.0,3.0
1751060,10/02/2017,Vente,"83000,00",1.0,RUE,8870,DES TUILERIES,51100.0,REIMS,51,454,DM,559,2,2.0,Appartement,39.0,1.0
1751080,02/02/2017,Vente,"130000,00",9.0,RUE,4360,HANNEQUIN,51100.0,REIMS,51,454,AX,839,2,2.0,Appartement,59.0,3.0
1751084,28/02/2017,Vente,"87500,00",20.0,BD,5570,LOUIS BARTHOU,51100.0,REIMS,51,454,DT,671,1,2.0,Appartement,65.0,4.0
1751085,28/02/2017,Vente,"87500,00",20.0,BD,5570,LOUIS BARTHOU,51100.0,REIMS,51,454,DT,671,1,2.0,Appartement,56.0,3.0
1751087,10/02/2017,Vente,"74000,00",26.0,RUE,3340,DE L EQUERRE,51100.0,REIMS,51,454,CY,648,1,2.0,Appartement,22.0,1.0
1751096,03/02/2017,Vente,"73000,00",7.0,RUE,2790,DEVILLE,51100.0,REIMS,51,454,AV,140,3,2.0,Appartement,52.0,3.0
1751098,27/02/2017,Vente,"103000,00",24.0,RUE,4700,DE L ISLE,51100.0,REIMS,51,454,CX,106,2,2.0,Appartement,93.0,4.0
1751105,07/02/2017,Vente,"40000,00",206.0,AV,5300,DE LAON,51100.0,REIMS,51,454,AX,434,1,2.0,Appartement,30.0,1.0
1751107,17/02/2017,Vente,"138650,00",81.0,RUE,4150,GOSSET,51100.0,REIMS,51,454,BC,91,2,2.0,Appartement,73.0,3.0
1751109,13/02/2017,Vente,"46000,00",15.0,RUE,5920,M CLEMENCE FOURIAUX,51100.0,REIMS,51,454,AT,84,1,2.0,Appartement,16.0,1.0
1751111,08/02/2017,Vente en l'état futur d'achèvement,"318000,00",25.0,RUE,4190,DU GRAND CERF,51100.0,REIMS,51,454,CZ,317,2,2.0,Appartement,84.0,3.0
1751116,06/02/2017,Vente,"54000,00",195.0,AV,4900,JEAN JAURES,51100.0,REIMS,51,454,BK,334,1,2.0,Appartement,30.0,1.0
1751118,06/02/2017,Vente en l'état futur d'achèvement,"213328,00",65.0,RUE,6230,DU MONT D ARENE,51100.0,REIMS,51,454,AT,9,1,2.0,Appartement,60.0,3.0
1751120,06/02/2017,Vente,"87000,00",18.0,AV,4900,JEAN JAURES,51100.0,REIMS,51,454,CW,638,1,2.0,Appartement,75.0,2.0
1751124,15/02/2017,Vente,"247000,00",4.0,RUE,8580,DES TEMPLIERS,51100.0,REIMS,51,454,BH,572,1,2.0,Appartement,73.0,3.0
1751127,17/02/2017,Vente,"123000,00",12.0,RUE,0910,DE BEZANNES,51100.0,REIMS,51,454,HW,386,2,2.0,Appartement,69.0,3.0
1751132,13/02/2017,Vente,"91500,00",29.0,RUE,4160,DE LA GOULETTE,51100.0,REIMS,51,454,BL,469,2,2.0,Appartement,71.0,3.0
1751134,16/02/2017,Vente,"75000,00",100.0,AV,4010,GEORGES CLEMENCEAU,51100.0,REIMS,51,454,CL,875,2,2.0,Appartement,45.0,2.0
1751140,01/03/2017,Vente,"180000,00",13.0,RUE,4120,GOIOT,51100.0,REIMS,51,454,CZ,607,2,2.0,Appartement,93.0,5.0
1751144,09/02/2017,Vente,"100000,00",25.0,RUE,4160,DE LA GOULETTE,51100.0,REIMS,51,454,BL,469,2,2.0,Appartement,71.0,3.0
1751149,16/02/2017,Vente,"75000,00",6.0,RUE,5980,DE MARS,51100.0,REIMS,51,454,BE,482,1,2.0,Appartement,35.0,2.0
1751159,06/02/2017,Vente,"138000,00",38.0,RUE,5250,LAGRIVE,51100.0,REIMS,51,454,CK,318,2,2.0,Appartement,68.0,2.0
1751166,17/02/2017,Vente,"140890,00",34.0,RUE,6720,DE PARGNY,51100.0,REIMS,51,454,HW,373,3,2.0,Appartement,97.0,5.0
1751181,28/02/2017,Vente en l'état futur d'achèvement,"342500,00",15.0,RUE,0123,CAPITAINE ALFRED DREYFUS,51100.0,REIMS,51,454,AV,1037,1,2.0,Appartement,92.0,4.0
1751198,13/02/2017,Vente,"172000,00",19.0,RUE,8000,ST NICAISE,51100.0,REIMS,51,454,CZ,18,2,2.0,Appartement,94.0,3.0
1751208,15/02/2017,Vente,"275500,00",74.0,RUE,8090,SAINT THIERRY,51100.0,REIMS,51,454,AN,660,0,2.0,Appartement,95.0,4.0
1751210,20/02/2017,Vente,"112850,00",8.0,RUE,2192,COMMANDANT ARNAUD,51100.0,REIMS,51,454,AL,402,2,2.0,Appartement,71.0,3.0
1751231,14/02/2017,Vente,"108000,00",18.0,RUE,7980,ST MAURICE,51100.0,REIMS,51,454,CZ,378,2,2.0,Appartement,19.0,1.0
1751232,14/02/2017,Vente,"108000,00",18.0,RUE,7980,ST MAURICE,51100.0,REIMS,51,454,CZ,378,2,2.0,Appartement,22.0,2.0
1751234,17/02/2017,Vente,"70000,00",2.0,RUE,3340,DE L EQUERRE,51100.0,REIMS,51,454,CY,320,1,2.0,Appartement,52.0,2.0
1751235,21/02/2017,Vente,"32000,00",4.0,RUE,1250,DE BRIMONTEL,51100.0,REIMS,51,454,AY,153,3,2.0,Appartement,24.0,1.0
1751236,21/02/2017,Vente en l'état futur d'achèvement,"262000,00",67.0,BD,6790,PAUL DOUMER,51100.0,REIMS,51,454,IK,356,1,2.0,Appartement,66.0,3.0
1751250,24/02/2017,Vente,"131300,00",28.0,RUE,7190,DE PONTGIVART,51100.0,REIMS,51,454,AY,412,2,2.0,Appartement,79.0,4.0
1751251,17/02/2017,Vente,"52500,00",135.0,RUE,2440,DE COURLANCY,51100.0,REIMS,51,454,HY,161,1,2.0,Appartement,19.0,1.0
1751254,22/02/2017,Vente,"80500,00",28.0,RUE,4080,GILBERT,51100.0,REIMS,51,454,AR,195,1,2.0,Appartement,39.0,2.0
1751255,03/03/2017,Vente,"170000,00",17.0,BD,2830,DIEU LUMIERE,51100.0,REIMS,51,454,DM,638,2,2.0,Appartement,104.0,5.0
1751257,27/02/2017,Vente,"95000,00",82.0,RUE,6330,DES MOULINS,51100.0,REIMS,51,454,CY,617,2,2.0,Appartement,45.0,2.0
1751259,09/02/2017,Vente,"42000,00",58.0,RUE,0300,ANQUETIL,51100.0,REIMS,51,454,AV,663,1,2.0,Appartement,21.0,1.0
1751260,06/03/2017,Vente,"23000,00",36.0,RUE,1390,DES CAPUCINS,51100.0,REIMS,51,454,IK,631,1,2.0,Appartement,62.0,3.0
1751263,22/02/2017,Vente en l'état futur d'achèvement,"102900,00",,RUE,0910,DE BEZANNES,51100.0,REIMS,51,454,HW,135,1,2.0,Appartement,22.0,1.0
1751266,22/02/2017,Vente en l'état futur d'achèvement,"239000,00",,RUE,0910,DE BEZANNES,51100.0,REIMS,51,454,HW,135,1,2.0,Appartement,67.0,3.0
1751270,14/02/2017,Vente,"133000,00",29.0,AV,3913,DU GENERAL DE GAULLE,51100.0,REIMS,51,454,HY,3,1,2.0,Appartement,69.0,3.0
1751274,11/02/2017,Vente,"72000,00",2.0,RUE,2960,DU DOCTEUR LEFORT,51100.0,REIMS,51,454,DO,609,2,2.0,Appartement,41.0,2.0
1751278,13/02/2017,Vente,"54500,00",26.0,RUE,8480,DE TAISSY,51100.0,REIMS,51,454,DK,235,2,2.0,Appartement,45.0,2.0
1751279,02/03/2017,Vente,"114000,00",40.0,RUE,3150,DE L ECU,51100.0,REIMS,51,454,CW,30,2,2.0,Appartement,44.0,3.0
1751286,23/02/2017,Vente en l'état futur d'achèvement,"102900,00",,RUE,0910,DE BEZANNES,51100.0,REIMS,51,454,HW,135,1,2.0,Appartement,22.0,1.0
1751305,01/03/2017,Vente,"100000,00",22.0,RUE,2450,COURMEAUX,51100.0,REIMS,51,454,BE,74,1,2.0,Appartement,171.0,7.0
1751306,01/03/2017,Vente,"100000,00",22.0,RUE,2450,COURMEAUX,51100.0,REIMS,51,454,BE,74,1,2.0,Appartement,19.0,1.0
1751307,08/02/2017,Vente,"39500,00",76.0,RUE,3850,GAMBETTA,51100.0,REIMS,51,454,CY,298,1,2.0,Appartement,29.0,1.0
1751308,13/02/2017,Vente,"62000,00",48.0,RUE,2840,DIEU LUMIERE,51100.0,REIMS,51,454,DM,106,3,2.0,Appartement,52.0,2.0
1751311,10/02/2017,Vente,"113000,00",1.0,RUE,0010,ABBE DE L EPEE,51100.0,REIMS,51,454,IK,288,2,2.0,Appartement,56.0,2.0
1751361,10/02/2017,Vente,"58500,00",41.0,RUE,8430,DE STRASBOURG,51100.0,REIMS,51,454,CV,562,1,2.0,Appartement,30.0,2.0
1751363,16/02/2017,Vente,"140000,00",50.0,RUE,5160,DE LA JUSTICE,51100.0,REIMS,51,454,BD,99,1,2.0,Appartement,69.0,3.0
1751369,16/02/2017,Vente,"125000,00",2.0,RUE,4150,GOSSET,51100.0,REIMS,51,454,BD,99,1,2.0,Appartement,72.0,3.0
1751371,01/03/2017,Vente,"58013,00",44.0,RUE,1670,DU CHAMP DE MARS,51100.0,REIMS,51,454,BH,1,2,2.0,Appartement,75.0,4.0
1751381,22/02/2017,Vente,"115000,00",22.0,RUE,4700,DE L ISLE,51100.0,REIMS,51,454,CX,106,2,2.0,Appartement,101.0,4.0
1751382,22/02/2017,Vente,"60000,00",3.0,BD,7960,ST MARCEAUX,51100.0,REIMS,51,454,CW,381,1,2.0,Appartement,32.0,1.0
1751383,03/03/2017,Vente,"142000,00",32.0,RUE,7010,PIERRE BROSSOLETTE,51100.0,REIMS,51,454,AV,417,1,2.0,Appartement,75.0,4.0
1751399,13/02/2017,Vente,"49000,00",52.0,RUE,3000,DOCTEUR THOMAS,51100.0,REIMS,51,454,AW,280,1,2.0,Appartement,27.0,2.0
1751400,17/02/2017,Vente,"116700,00",6.0,RUE,8603,THEODORE GERICAULT,51100.0,REIMS,51,454,AE,296,2,2.0,Appartement,70.0,3.0
1751404,20/02/2017,Vente,"212000,00",189.0,AV,5300,DE LAON,51100.0,REIMS,51,454,AV,1058,0,2.0,Appartement,19.0,1.0
1751405,20/02/2017,Vente,"212000,00",189.0,AV,5300,DE LAON,51100.0,REIMS,51,454,AV,1058,0,2.0,Appartement,30.0,1.0
1751406,20/02/2017,Vente,"212000,00",189.0,AV,5300,DE LAON,51100.0,REIMS,51,454,AV,1058,0,2.0,Appartement,28.0,1.0
1751407,20/02/2017,Vente,"212000,00",189.0,AV,5300,DE LAON,51100.0,REIMS,51,454,AV,1058,0,2.0,Appartement,20.0,1.0
1751419,14/02/2017,Vente,"73000,00",13.0,RUE,5400,LEON FAUCHER,51100.0,REIMS,51,454,BC,129,2,2.0,Appartement,43.0,2.0
1751425,27/01/2017,Vente,"104000,00",56.0,RUE,4560,HINCMAR,51100.0,REIMS,51,454,IK,756,2,2.0,Appartement,55.0,3.0
1751430,21/02/2017,Vente,"870000,00",40.0,RUE,7710,RUINART DE BRIMONT,51100.0,REIMS,51,454,CW,113,0,2.0,Appartement,79.0,4.0
1751433,23/02/2017,Vente,"179980,00",76.0,BD,5680,LUNDY,51100.0,REIMS,51,454,BE,1,2,2.0,Appartement,99.0,4.0
1751434,06/03/2017,Vente,"150000,00",19.0,RUE,1730,CHANTERAINE,51100.0,REIMS,51,454,DM,634,2,2.0,Appartement,79.0,4.0
1751437,01/03/2017,Vente,"432000,00",32.0,RUE,8620,THIERS,51100.0,REIMS,51,454,IL,471,3,2.0,Appartement,145.0,5.0
1751439,03/03/2017,Vente,"85000,00",52.0,PL,3040,DROUET D ERLON,51100.0,REIMS,51,454,IL,337,2,2.0,Appartement,29.0,1.0
1751446,14/02/2017,Vente,"204000,00",29.0,RUE,1590,DE CERNAY,51100.0,REIMS,51,454,CW,677,2,2.0,Appartement,77.0,3.0
1751447,01/03/2017,Vente,"107000,00",27.0,RUE,4250,DE GRIGNY,51100.0,REIMS,51,454,AM,280,1,2.0,Appartement,45.0,3.0
1751448,01/03/2017,Vente,"107000,00",27.0,RUE,4250,DE GRIGNY,51100.0,REIMS,51,454,AM,280,1,2.0,Appartement,38.0,2.0
1751449,01/03/2017,Vente,"137000,00",20.0,RUE,6210,DES MOISSONS,51100.0,REIMS,51,454,CW,20,2,2.0,Appartement,42.0,2.0
1751456,03/03/2017,Vente,"224500,00",85.0,RUE,3850,GAMBETTA,51100.0,REIMS,51,454,CY,247,2,2.0,Appartement,79.0,3.0
1751457,10/02/2017,Vente,"55000,00",54.0,RUE,1830,CHARLIER,51100.0,REIMS,51,454,BI,97,2,2.0,Appartement,33.0,2.0
1751459,27/02/2017,Vente,"70000,00",4.0,PL,7480,DE LA REPUBLIQUE,51100.0,REIMS,51,454,AT,120,2,2.0,Appartement,37.0,2.0
1751460,02/03/2017,Vente,"206000,00",47.0,RUE,9090,VICTOR ROGELET,51100.0,REIMS,51,454,AW,178,7,2.0,Appartement,89.0,3.0
1751462,06/03/2017,Vente,"157000,00",29.0,AV,3913,DU GENERAL DE GAULLE,51100.0,REIMS,51,454,HY,3,1,2.0,Appartement,81.0,3.0
1751467,27/02/2017,Vente,"178000,00",36.0,RUE,3850,GAMBETTA,51100.0,REIMS,51,454,IK,168,2,2.0,Appartement,75.0,4.0
1751471,24/02/2017,Vente,"62000,00",7.0,RUE,6360,DES MURS,51100.0,REIMS,51,454,CX,272,2,2.0,Appartement,23.0,1.0
1751483,07/03/2017,Vente,"172000,00",39.0,RUE,4560,HINCMAR,51100.0,REIMS,51,454,IK,1267,1,2.0,Appartement,69.0,3.0
1751486,15/02/2017,Vente,"98000,00",3.0,ALL,7019,PIERRE GRANDREMY,51100.0,REIMS,51,454,HT,90,2,2.0,Appartement,73.0,4.0
1751489,17/02/2017,Vente,"105000,00",8.0,RUE,4290,GUERNIER,51100.0,REIMS,51,454,BI,627,2,2.0,Appartement,72.0,4.0
1751496,01/03/2017,Vente,"130000,00",50.0,AV,5300,DE LAON,51100.0,REIMS,51,454,AW,359,2,2.0,Appartement,107.0,2.0
1751498,24/02/2017,Vente,"285000,00",124.0,RUE,9040,DE VESLE,51100.0,REIMS,51,454,IM,156,2,2.0,Appartement,86.0,4.0
1751501,21/02/2017,Vente,"73000,00",60.0,RUE,2840,DIEU LUMIERE,51100.0,REIMS,51,454,DM,108,2,2.0,Appartement,47.0,2.0
1751505,27/02/2017,Vente,"169800,00",35.0,BD,1510,CARTERET,51100.0,REIMS,51,454,CV,831,2,2.0,Appartement,96.0,5.0
1751508,01/03/2017,Vente,"306000,00",50.0,AV,5300,DE LAON,51100.0,REIMS,51,454,AW,359,2,2.0,Appartement,108.0,3.0
1751509,01/03/2017,Vente,"306000,00",50.0,AV,5300,DE LAON,51100.0,REIMS,51,454,AW,359,1,2.0,Appartement,96.0,4.0
1751511,24/02/2017,Vente,"73000,00",66.0,BD,7550,ROBESPIERRE,51100.0,REIMS,51,454,AY,255,2,2.0,Appartement,60.0,4.0
1751527,01/03/2017,Vente,"139100,00",7.0,RUE,5230,LABORI,51100.0,REIMS,51,454,CK,323,2,2.0,Appartement,46.0,2.0
1751530,28/02/2017,Vente,"83000,00",1.0,RUE,4650,HUGUES KRAFFT,51100.0,REIMS,51,454,AM,760,2,2.0,Appartement,45.0,2.0
1751531,20/02/2017,Vente,"73000,00",269.0,RUE,2440,DE COURLANCY,51100.0,REIMS,51,454,DN,194,1,2.0,Appartement,29.0,1.0
1751544,01/03/2017,Vente,"178000,00",11.0,RUE,0845,BERTRAND DE MUN,51100.0,REIMS,51,454,CM,145,2,2.0,Appartement,73.0,3.0
1751555,01/03/2017,Vente,"155000,00",118.0,RUE,6230,DU MONT D ARENE,51100.0,REIMS,51,454,AR,355,1,2.0,Appartement,71.0,3.0
1751560,07/03/2017,Vente,"56300,00",27.0,RUE,3770,FRANCOIS DOR,51100.0,REIMS,51,454,HW,390,1,2.0,Appartement,20.0,1.0
1751561,06/03/2017,Vente,"172000,00",36.0,RUE,1390,DES CAPUCINS,51100.0,REIMS,51,454,IK,631,3,2.0,Appartement,56.0,3.0
1751567,02/03/2017,Vente,"93000,00",50.0,RUE,5270,LANDOUZY,51100.0,REIMS,51,454,AW,149,1,2.0,Appartement,45.0,2.0
1751568,27/02/2017,Vente,"125000,00",151.0,RUE,0600,DU BARBATRE,51100.0,REIMS,51,454,CZ,402,1,2.0,Appartement,62.0,3.0
1751569,13/03/2017,Vente,"73000,00",5.0,BD,9070,VICTOR HUGO,51100.0,REIMS,51,454,CZ,607,2,2.0,Appartement,43.0,2.0
1751582,24/02/2017,Vente,"117000,00",2.0,RUE,7720,DU RUISSELET,51100.0,REIMS,51,454,DM,632,2,2.0,Appartement,46.0,2.0
1751584,21/02/2017,Vente,"71000,00",41.0,RUE,3990,GEORGES BOUSSINESQ,51100.0,REIMS,51,454,CL,874,2,2.0,Appartement,44.0,2.0
1751589,08/03/2017,Vente,"72000,00",4.0,PL,7016,PIERRE DE FERMAT,51100.0,REIMS,51,454,AE,117,2,2.0,Appartement,71.0,4.0
1751590,09/03/2017,Vente,"97000,00",37.0,RUE,1390,DES CAPUCINS,51100.0,REIMS,51,454,IK,54,1,2.0,Appartement,43.0,2.0
1751598,15/02/2017,Vente,"109520,00",8.0,AV,6425,NATIONALE NEUV,51100.0,REIMS,51,454,KI,170,1,2.0,Appartement,65.0,2.0
1751600,01/03/2017,Vente,"91500,00",23.0,RUE,6863,PAUL SCHLEISS,51100.0,REIMS,51,454,HT,199,2,2.0,Appartement,73.0,4.0
1751602,10/03/2017,Vente,"41268,00",34.0,RUE,6230,DU MONT D ARENE,51100.0,REIMS,51,454,AV,370,1,2.0,Appartement,15.0,1.0
1751603,06/03/2017,Vente,"49000,00",116.0,RUE,7160,PONSARDIN,51100.0,REIMS,51,454,CY,131,1,2.0,Appartement,14.0,1.0
1751605,01/03/2017,Vente,"177000,00",56.0,AV,4900,JEAN JAURES,51100.0,REIMS,51,454,CW,87,1,2.0,Appartement,70.0,3.0
1751612,06/03/2017,Vente,"114000,00",77.0,RUE,9040,DE VESLE,51100.0,REIMS,51,454,IK,917,1,2.0,Appartement,34.0,1.0
1751614,06/03/2017,Vente,"129120,00",1.0,RUE,3340,DE L EQUERRE,51100.0,REIMS,51,454,CY,569,2,2.0,Appartement,63.0,3.0
1751633,21/02/2017,Vente,"87000,00",43.0,RUE,8320,DE SILLERY,51100.0,REIMS,51,454,CL,662,2,2.0,Appartement,52.0,2.0
1751634,24/02/2017,Vente,"130000,00",33.0,RUE,4880,JEAN DE LA FONTAINE,51100.0,REIMS,51,454,CV,434,0,2.0,Appartement,45.0,2.0
1751635,24/02/2017,Vente,"130000,00",33.0,RUE,4880,JEAN DE LA FONTAINE,51100.0,REIMS,51,454,CV,434,0,2.0,Appartement,31.0,2.0
1751637,13/03/2017,Vente en l'état futur d'achèvement,"157371,00",412.0,AV,5300,DE LAON,51100.0,REIMS,51,454,AE,142,1,2.0,Appartement,63.0,3.0
1751640,22/02/2017,Vente en l'état futur d'achèvement,"210000,00",9.0,RUE,0400,ARMONVILLE,51100.0,REIMS,51,454,CZ,677,1,2.0,Appartement,52.0,2.0
1751643,20/02/2017,Vente,"120000,00",31.0,RUE,0600,DU BARBATRE,51100.0,REIMS,51,454,CY,214,2,2.0,Appartement,52.0,2.0
1751654,23/02/2017,Vente,"105000,00",9.0,PL,8711,TOULOUSE LAUTREC,51100.0,REIMS,51,454,IW,85,1,2.0,Appartement,79.0,4.0
1751657,10/03/2017,Vente en l'état futur d'achèvement,"161000,00",412.0,AV,5300,DE LAON,51100.0,REIMS,51,454,AE,142,1,2.0,Appartement,57.0,3.0
1751658,07/03/2017,Vente,"100000,00",57.0,RUE,0600,DU BARBATRE,51100.0,REIMS,51,454,CY,200,2,2.0,Appartement,78.0,3.0
1751663,01/03/2017,Vente,"122000,00",46.0,RUE,1670,DU CHAMP DE MARS,51100.0,REIMS,51,454,BH,1,2,2.0,Appartement,63.0,3.0
1751667,13/03/2017,Vente,"48000,00",68.0,BD,7140,POMMERY,51100.0,REIMS,51,454,CL,702,1,2.0,Appartement,28.0,1.0
1751669,15/03/2017,Vente,"50000,00",195.0,AV,4900,JEAN JAURES,51100.0,REIMS,51,454,BK,334,1,2.0,Appartement,28.0,1.0
1751671,28/02/2017,Vente,"522500,00",71.0,RUE,9040,DE VESLE,51100.0,REIMS,51,454,IK,922,2,2.0,Appartement,90.0,2.0
1751678,24/02/2017,Vente,"123950,00",2.0,RUE,2192,COMMANDANT ARNAUD,51100.0,REIMS,51,454,AL,402,2,2.0,Appartement,79.0,4.0
1751685,28/02/2017,Vente,"92000,00",16.0,RUE,6720,DE PARGNY,51100.0,REIMS,51,454,HX,391,2,2.0,Appartement,47.0,2.0
1751686,14/03/2017,Vente en l'état futur d'achèvement,"94000,00",,RUE,3180,EDOUARD MIGNOT,51100.0,REIMS,51,454,AT,492,1,2.0,Appartement,35.0,1.0
1751687,02/03/2017,Vente,"119371,00",27.0,RUE,1710,DE CHAMPIGNY,51100.0,REIMS,51,454,AR,302,2,2.0,Appartement,58.0,3.0
1751690,06/03/2017,Vente,"47000,00",39.0,RUE,7230,DE POUILLON,51100.0,REIMS,51,454,AN,156,1,2.0,Appartement,20.0,1.0
1751695,17/02/2017,Vente,"233200,00",13.0,BD,7960,ST MARCEAUX,51100.0,REIMS,51,454,CK,17,2,2.0,Appartement,128.0,6.0
1751696,06/03/2017,Vente,"90000,00",1.0,RUE,5785,MAGELLAN,51100.0,REIMS,51,454,EV,589,2,2.0,Appartement,60.0,3.0
1751697,01/03/2017,Vente,"148000,00",111.0,RUE,3166,EDMOND ROSTAND,51100.0,REIMS,51,454,HK,1239,1,2.0,Appartement,69.0,2.0
1751699,24/02/2017,Vente,"372500,00",24.0,RUE,3390,DE L ETAPE,51100.0,REIMS,51,454,IL,581,1,2.0,Appartement,158.0,5.0
1751704,24/02/2017,Vente,"55000,00",81.0,RUE,6470,DE NEUFCHATEL,51100.0,REIMS,51,454,AM,723,1,2.0,Appartement,29.0,1.0
1751707,21/02/2017,Vente,"103300,00",21.0,ESP,5446,LE ROUET,51100.0,REIMS,51,454,CT,390,1,2.0,Appartement,67.0,3.0
1751714,13/03/2017,Vente,"95000,00",26.0,RUE,7030,PIERRE VARIN,51100.0,REIMS,51,454,CV,271,1,2.0,Appartement,43.0,2.0
1751727,03/03/2017,Vente,"385000,00",7.0,RUE,0280,D ANJOU,51100.0,REIMS,51,454,CX,517,4,2.0,Appartement,135.0,4.0
1751733,20/03/2017,Vente,"80000,00",86.0,AV,6730,DE PARIS,51100.0,REIMS,51,454,IO,367,1,2.0,Appartement,39.0,1.0
1751736,14/03/2017,Vente,"86800,00",12.0,RUE,7015,PIERRE DE COUBERTIN,51100.0,REIMS,51,454,AE,292,1,2.0,Appartement,72.0,4.0
1751740,15/03/2017,Vente,"175000,00",6.0,RUE,3100,DE L ECAILLE,51100.0,REIMS,51,454,DM,629,2,2.0,Appartement,89.0,4.0
1751748,14/03/2017,Vente,"257000,00",89.0,RUE,2070,CLOVIS,51100.0,REIMS,51,454,IK,412,4,2.0,Appartement,78.0,5.0
1751775,01/03/2017,Vente,"71000,00",16.0,RUE,1920,DE CHEVIGNE,51100.0,REIMS,51,454,CW,608,1,2.0,Appartement,35.0,1.0
1751782,02/03/2017,Vente,"74000,00",192.0,AV,4900,JEAN JAURES,51100.0,REIMS,51,454,CV,55,2,2.0,Appartement,41.0,2.0
1751783,03/03/2017,Vente en l'état futur d'achèvement,"297480,00",65.0,RUE,6230,DU MONT D ARENE,51100.0,REIMS,51,454,AT,9,1,2.0,Appartement,75.0,4.0
1751786,21/03/2017,Vente,"185000,00",10.0,RUE,5410,LEON HOURLIER,51100.0,REIMS,51,454,AW,519,1,2.0,Appartement,86.0,3.0
1751817,24/02/2017,Vente,"193050,00",22.0,RUE,4700,DE L ISLE,51100.0,REIMS,51,454,CX,106,2,2.0,Appartement,112.0,5.0
1751818,20/03/2017,Vente,"94600,00",17.0,RUE,7400,RAYMOND GUYOT,51100.0,REIMS,51,454,BI,748,2,2.0,Appartement,48.0,2.0
1751820,06/03/2017,Vente,"45000,00",135.0,RUE,2440,DE COURLANCY,51100.0,REIMS,51,454,HY,161,1,2.0,Appartement,19.0,1.0
1751827,27/02/2017,Vente,"251000,00",17.0,RUE,7400,RAYMOND GUYOT,51100.0,REIMS,51,454,BI,748,2,2.0,Appartement,103.0,4.0
1751830,27/02/2017,Vente,"458294,00",31.0,RUE,1550,CERES,51100.0,REIMS,51,454,BE,84,2,2.0,Appartement,165.0,5.0
1751832,15/03/2017,Vente,"91000,00",31.0,RUE,1100,BOUDET,51100.0,REIMS,51,454,AX,708,1,2.0,Appartement,47.0,2.0
1751836,09/03/2017,Vente en l'état futur d'achèvement,"170000,00",249.0,RUE,2440,DE COURLANCY,51100.0,REIMS,51,454,DN,216,1,2.0,Appartement,52.0,2.0
1751837,09/03/2017,Vente en l'état futur d'achèvement,"186700,00",249.0,RUE,2440,DE COURLANCY,51100.0,REIMS,51,454,DN,216,1,2.0,Appartement,54.0,2.0
1751841,27/02/2017,Vente,"73000,00",19.0,RUE,4650,HUGUES KRAFFT,51100.0,REIMS,51,454,AM,570,2,2.0,Appartement,54.0,3.0
1751859,09/03/2017,Vente,"185000,00",128.0,RUE,3850,GAMBETTA,51100.0,REIMS,51,454,DM,632,2,2.0,Appartement,83.0,5.0
1751860,25/02/2017,Vente,"62000,00",45.0,RUE,1260,DE LA BRIQUETERIE,51100.0,REIMS,51,454,DV,323,2,2.0,Appartement,20.0,1.0
1751863,15/03/2017,Vente,"148000,00",75.0,AV,4900,JEAN JAURES,51100.0,REIMS,51,454,BI,755,1,2.0,Appartement,57.0,3.0
1751866,22/03/2017,Vente,"250000,00",60.0,RUE,6210,DES MOISSONS,51100.0,REIMS,51,454,CK,128,2,2.0,Appartement,90.0,4.0
1751870,16/03/2017,Vente,"76000,00",83.0,RUE,4440,HENRI BARBUSSE,51100.0,REIMS,51,454,CV,668,3,2.0,Appartement,35.0,2.0
1751876,03/03/2017,Vente,"86000,00",12.0,RUE,4320,GUSTAVE LAURENT,51100.0,REIMS,51,454,CL,899,2,2.0,Appartement,50.0,2.0
1751878,14/03/2017,Vente,"69000,00",3.0,RUE,5940,MARLOT,51100.0,REIMS,51,454,IK,548,2,2.0,Appartement,38.0,2.0
1751879,22/03/2017,Vente,"104000,00",21.0,RUE,0390,ARMAND GUERY,51100.0,REIMS,51,454,AV,1030,2,2.0,Appartement,51.0,3.0
1751899,09/03/2017,Vente,"297670,00",23.0,BD,6690,DE LA PAIX,51100.0,REIMS,51,454,CK,128,3,2.0,Appartement,137.0,6.0
1751901,20/03/2017,Vente,"70000,00",33.0,RUE,4740,JACQUART,51100.0,REIMS,51,454,BH,134,1,2.0,Appartement,45.0,1.0
1751904,13/03/2017,Vente,"165000,00",29.0,BD,6790,PAUL DOUMER,51100.0,REIMS,51,454,IK,1362,2,2.0,Appartement,93.0,4.0
1751919,01/03/2017,Vente,"132000,00",36.0,RUE,6360,DES MURS,51100.0,REIMS,51,454,CY,69,2,2.0,Appartement,65.0,3.0
1751923,14/03/2017,Vente,"148484,00",2.0,RUE,8330,SIMON,51100.0,REIMS,51,454,DM,637,1,2.0,Appartement,77.0,3.0
1751924,06/03/2017,Vente,"51200,00",35.0,RUE,2070,CLOVIS,51100.0,REIMS,51,454,IK,623,1,2.0,Appartement,22.0,1.0
1751928,10/03/2017,Vente,"210100,00",9.0,RUE,2170,DU COLONEL FABIEN,51100.0,REIMS,51,454,HZ,98,1,2.0,Appartement,106.0,6.0
1751934,07/03/2017,Vente,"180000,00",1.0,RUE,1435,CARDINAL SUHARD,51100.0,REIMS,51,454,DM,637,1,2.0,Appartement,135.0,6.0
1751941,20/03/2017,Vente,"130000,00",14.0,RUE,7015,PIERRE DE COUBERTIN,51100.0,REIMS,51,454,AE,292,2,2.0,Appartement,72.0,4.0
1751943,09/03/2017,Vente,"91600,00",18.0,RUE,7310,PRIEUR DE LA MARNE,51100.0,REIMS,51,454,BI,264,1,2.0,Appartement,45.0,2.0
1751944,15/03/2017,Vente,"114304,00",14.0,RUE,2192,COMMANDANT ARNAUD,51100.0,REIMS,51,454,AL,419,2,2.0,Appartement,62.0,3.0
1751947,07/03/2017,Vente,"68200,00",271.0,AV,5300,DE LAON,51100.0,REIMS,51,454,AN,695,2,2.0,Appartement,48.0,2.0
1751959,09/03/2017,Vente,"51900,00",20.0,RUE,6210,DES MOISSONS,51100.0,REIMS,51,454,CW,20,2,2.0,Appartement,18.0,1.0
1751965,08/03/2017,Vente,"65000,00",41.0,BD,4760,JAMIN,51100.0,REIMS,51,454,BI,343,1,2.0,Appartement,27.0,2.0
1751974,01/03/2017,Vente,"90000,00",229.0,RUE,2440,DE COURLANCY,51100.0,REIMS,51,454,DN,229,1,2.0,Appartement,48.0,1.0
1751978,24/03/2017,Vente,"280000,00",11.0,BD,7960,ST MARCEAUX,51100.0,REIMS,51,454,CK,17,2,2.0,Appartement,147.0,7.0
1751981,24/03/2017,Vente,"143450,00",10.0,RUE,0790,BENOIST MALOT,51100.0,REIMS,51,454,DV,167,2,2.0,Appartement,67.0,3.0
1751985,02/03/2017,Vente,"85000,00",47.0,RUE,1620,CHABAUD,51100.0,REIMS,51,454,IK,714,1,2.0,Appartement,29.0,1.0
1751987,08/03/2017,Vente,"145000,00",52.0,RUE,1550,CERES,51100.0,REIMS,51,454,CX,78,1,2.0,Appartement,83.0,4.0
1752010,10/03/2017,Vente,"42500,00",56.0,RUE,2560,CROIX ST MARC,51100.0,REIMS,51,454,CV,404,1,2.0,Appartement,21.0,1.0
1752013,13/03/2017,Vente,"314100,00",27.0,BD,6690,DE LA PAIX,51100.0,REIMS,51,454,CK,128,4,2.0,Appartement,136.0,5.0
1752015,23/03/2017,Vente,"130000,00",61.0,RUE,5840,MALDAN,51100.0,REIMS,51,454,AR,143,2,2.0,Appartement,63.0,3.0
1752026,24/03/2017,Vente,"279900,00",96.0,RUE,1740,CHANZY,51100.0,REIMS,51,454,IK,126,3,2.0,Appartement,132.0,6.0
1752028,10/03/2017,Vente,"79000,00",14.0,AV,3455,DE L EUROPE,51100.0,REIMS,51,454,CN,577,1,2.0,Appartement,77.0,3.0
1752030,07/03/2017,Vente,"135000,00",96.0,AV,3320,D EPERNAY,51100.0,REIMS,51,454,HW,387,2,2.0,Appartement,105.0,5.0
1752035,24/03/2017,Vente,"97000,00",28.0,RUE,6520,NICOLAS HENRIOT,51100.0,REIMS,51,454,CW,496,2,2.0,Appartement,48.0,2.0
1752037,23/03/2017,Vente,"285000,00",10.0,RUE,8830,DES TROIS RAISINETS,51100.0,REIMS,51,454,CX,201,2,2.0,Appartement,104.0,5.0
1752038,01/03/2017,Vente,"63250,00",36.0,RUE,6360,DES MURS,51100.0,REIMS,51,454,CY,69,2,2.0,Appartement,27.0,1.0
1752041,02/03/2017,Vente,"95000,00",6.0,RUE,3100,DE L ECAILLE,51100.0,REIMS,51,454,DM,629,2,2.0,Appartement,53.0,2.0
1752043,27/03/2017,Vente,"62000,00",26.0,RUE,2450,COURMEAUX,51100.0,REIMS,51,454,BE,72,1,2.0,Appartement,25.0,1.0
1752045,02/03/2017,Vente,"174500,00",61.0,RUE,4770,DU JARD,51100.0,REIMS,51,454,IK,288,2,2.0,Appartement,68.0,3.0
1752056,03/03/2017,Vente,"124300,00",148.0,RUE,0600,DU BARBATRE,51100.0,REIMS,51,454,CZ,273,3,2.0,Appartement,60.0,2.0
1752058,16/03/2017,Vente,"45000,00",324.0,AV,5300,DE LAON,51100.0,REIMS,51,454,AM,672,2,2.0,Appartement,26.0,1.0
1752065,14/03/2017,Vente,"57000,00",5.0,RUE,2975,DR LUCIEN BETTINGER,51100.0,REIMS,51,454,AE,285,2,2.0,Appartement,72.0,4.0
1752069,23/03/2017,Vente,"90000,00",26.0,RUE,8200,STE GENEVIEVE,51100.0,REIMS,51,454,HX,185,2,2.0,Appartement,39.0,2.0
1752073,13/03/2017,Vente,"145800,00",13.0,RUE,4120,GOIOT,51100.0,REIMS,51,454,CZ,607,2,2.0,Appartement,93.0,5.0
1752083,04/03/2017,Vente,"64000,00",91.0,BD,3950,DU GENERAL LECLERC,51100.0,REIMS,51,454,IN,22,1,2.0,Appartement,29.0,1.0
1752088,13/03/2017,Vente en l'état futur d'achèvement,"255000,00",249.0,RUE,2440,DE COURLANCY,51100.0,REIMS,51,454,DN,216,1,2.0,Appartement,77.0,3.0
1752089,15/03/2017,Vente,"127000,00",78.0,AV,4010,GEORGES CLEMENCEAU,51100.0,REIMS,51,454,CL,690,2,2.0,Appartement,77.0,4.0
1752092,10/03/2017,Vente,"50000,00",59.0,RUE,1920,DE CHEVIGNE,51100.0,REIMS,51,454,CL,33,2,2.0,Appartement,29.0,1.0
1752094,28/03/2017,Vente en l'état futur d'achèvement,"135000,00",249.0,RUE,2440,DE COURLANCY,51100.0,REIMS,51,454,DN,216,1,2.0,Appartement,49.0,1.0
1752096,08/03/2017,Vente,"92000,00",29.0,RUE,5460,LESAGE,51100.0,REIMS,51,454,AW,317,1,2.0,Appartement,41.0,2.0
1752097,08/03/2017,Vente,"92000,00",29.0,RUE,5460,LESAGE,51100.0,REIMS,51,454,AW,317,1,2.0,Appartement,34.0,2.0
1752098,09/03/2017,Vente,"74000,00",67.0,RUE,3500,FAVART D HERBIGNY,51100.0,REIMS,51,454,CV,1134,1,2.0,Appartement,18.0,1.0
1752099,09/03/2017,Vente,"74000,00",67.0,RUE,3500,FAVART D HERBIGNY,51100.0,REIMS,51,454,CV,1134,1,2.0,Appartement,23.0,1.0
1752100,10/03/2017,Vente,"80650,00",12.0,RUE,6260,MONTLAURENT,51100.0,REIMS,51,454,CZ,427,1,2.0,Appartement,38.0,2.0
1752112,16/03/2017,Vente,"138000,00",112.0,BD,7960,ST MARCEAUX,51100.0,REIMS,51,454,CK,185,1,2.0,Appartement,76.0,3.0
1752113,17/03/2017,Vente,"164000,00",4.0,RUE,8224,DE LA SALLE,51100.0,REIMS,51,454,IL,111,2,2.0,Appartement,97.0,4.0
1752115,17/03/2017,Vente,"93500,00",86.0,RUE,4150,GOSSET,51100.0,REIMS,51,454,BC,153,2,2.0,Appartement,49.0,3.0
1752116,30/03/2017,Vente,"90000,00",1.0,RUE,8475,DE TAHURE,51100.0,REIMS,51,454,AH,485,2,2.0,Appartement,52.0,3.0
1752121,31/03/2017,Vente,"153000,00",37.0,RUE,4160,DE LA GOULETTE,51100.0,REIMS,51,454,BL,624,1,2.0,Appartement,118.0,5.0
1752122,10/03/2017,Vente,"46000,00",73.0,RUE,1360,CAMILLE LENOIR,51100.0,REIMS,51,454,BH,97,1,2.0,Appartement,20.0,1.0
1752123,29/03/2017,Vente,"40500,00",21.0,AV,4455,HENRI FARMAN,51100.0,REIMS,51,454,DH,90,1,2.0,Appartement,17.0,1.0
1752124,14/03/2017,Vente,"180000,00",77.0,RUE,9040,DE VESLE,51100.0,REIMS,51,454,IK,917,1,2.0,Appartement,55.0,4.0
1752125,29/03/2017,Vente,"210000,00",62.0,RUE,1740,CHANZY,51100.0,REIMS,51,454,IK,102,1,2.0,Appartement,69.0,3.0
1752127,20/03/2017,Vente,"54000,00",200.0,AV,4900,JEAN JAURES,51100.0,REIMS,51,454,CV,1,1,2.0,Appartement,35.0,2.0
1752128,17/03/2017,Vente,"60000,00",8.0,BD,5570,LOUIS BARTHOU,51100.0,REIMS,51,454,DT,701,0,2.0,Appartement,45.0,2.0
1752130,29/03/2017,Vente,"153000,00",30.0,RUE,6210,DES MOISSONS,51100.0,REIMS,51,454,CW,525,1,2.0,Appartement,60.0,2.0
1752134,27/03/2017,Vente,"340000,00",157.0,RUE,9040,DE VESLE,51100.0,REIMS,51,454,IK,816,0,2.0,Appartement,27.0,3.0
1752135,27/03/2017,Vente,"340000,00",157.0,RUE,9040,DE VESLE,51100.0,REIMS,51,454,IK,816,0,2.0,Appartement,24.0,3.0
1752136,27/03/2017,Vente,"340000,00",157.0,RUE,9040,DE VESLE,51100.0,REIMS,51,454,IK,816,0,2.0,Appartement,17.0,1.0
1752138,27/03/2017,Vente,"340000,00",157.0,RUE,9040,DE VESLE,51100.0,REIMS,51,454,IK,816,0,2.0,Appartement,20.0,1.0
1752139,27/03/2017,Vente,"95000,00",23.0,RUE,6863,PAUL SCHLEISS,51100.0,REIMS,51,454,HT,199,2,2.0,Appartement,60.0,3.0
1752157,07/03/2017,Vente en l'état futur d'achèvement,"211500,00",25.0,RUE,4190,DU GRAND CERF,51100.0,REIMS,51,454,CZ,317,1,2.0,Appartement,55.0,2.0
1752164,08/03/2017,Vente,"146000,00",3.0,RUE,8290,16E ET 22E DRAGONS,51100.0,REIMS,51,454,CK,17,2,2.0,Appartement,73.0,3.0
1752168,16/03/2017,Vente,"48000,00",2.0,RUE,1720,DU CHANOINE LALLEMENT,51100.0,REIMS,51,454,DT,175,2,2.0,Appartement,36.0,1.0
1752170,10/03/2017,Vente,"143000,00",20.0,BD,6690,DE LA PAIX,51100.0,REIMS,51,454,CX,106,2,2.0,Appartement,75.0,3.0
1752179,13/03/2017,Vente,"230000,00",126.0,RUE,0200,D ALSACE LORRAINE,51100.0,REIMS,51,454,CV,1152,0,2.0,Appartement,47.0,2.0
1752181,13/03/2017,Vente,"230000,00",126.0,RUE,0200,D ALSACE LORRAINE,51100.0,REIMS,51,454,CV,1152,0,2.0,Appartement,52.0,2.0
1752182,13/03/2017,Vente,"230000,00",126.0,RUE,0200,D ALSACE LORRAINE,51100.0,REIMS,51,454,CV,1152,0,2.0,Appartement,47.0,2.0
1752183,17/03/2017,Vente,"140000,00",61.0,BD,1510,CARTERET,51100.0,REIMS,51,454,CW,633,2,2.0,Appartement,105.0,5.0
1752185,17/03/2017,Vente,"184000,00",38.0,RUE,5650,DE LOUVOIS,51100.0,REIMS,51,454,DV,639,0,2.0,Appartement,22.0,1.0
1752188,17/03/2017,Vente,"184000,00",38.0,RUE,5650,DE LOUVOIS,51100.0,REIMS,51,454,DV,639,0,2.0,Appartement,21.0,1.0
1752194,23/03/2017,Vente,"99000,00",249.0,RUE,2440,DE COURLANCY,51100.0,REIMS,51,454,DN,217,2,2.0,Appartement,68.0,4.0
1752197,22/03/2017,Vente,"155000,00",22.0,RUE,0950,BLAVIER,51100.0,REIMS,51,454,AX,827,1,2.0,Appartement,66.0,1.0
1752199,16/03/2017,Vente,"340000,00",6.0,RUE,8250,DE SAVOYE,51100.0,REIMS,51,454,BH,57,0,2.0,Appartement,19.0,1.0
1752200,16/03/2017,Vente,"340000,00",6.0,RUE,8250,DE SAVOYE,51100.0,REIMS,51,454,BH,57,0,2.0,Appartement,18.0,1.0
1752202,16/03/2017,Vente,"340000,00",6.0,RUE,8250,DE SAVOYE,51100.0,REIMS,51,454,BH,57,0,2.0,Appartement,39.0,2.0
1752203,16/03/2017,Vente,"340000,00",6.0,RUE,8250,DE SAVOYE,51100.0,REIMS,51,454,BH,57,0,2.0,Appartement,53.0,3.0
1752205,16/03/2017,Vente,"340000,00",6.0,RUE,8250,DE SAVOYE,51100.0,REIMS,51,454,BH,57,0,2.0,Appartement,53.0,2.0
1752206,20/03/2017,Vente,"74500,00",32.0,RUE,5920,M CLEMENCE FOURIAUX,51100.0,REIMS,51,454,AV,1052,1,2.0,Appartement,48.0,3.0
1752208,07/03/2017,Vente,"140000,00",115.0,RUE,5460,LESAGE,51100.0,REIMS,51,454,AY,494,2,2.0,Appartement,63.0,3.0
1752212,23/03/2017,Vente,"97000,00",48.0,RUE,1280,BRULEE,51100.0,REIMS,51,454,IK,542,1,2.0,Appartement,54.0,3.0
1752215,22/03/2017,Vente en l'état futur d'achèvement,"120000,00",25.0,RUE,4190,DU GRAND CERF,51100.0,REIMS,51,454,CZ,317,2,2.0,Appartement,29.0,1.0
1752218,24/03/2017,Vente,"173000,00",21.0,ALL,1725,CH NICOLAS ROLAND,51100.0,REIMS,51,454,DM,458,2,2.0,Appartement,121.0,6.0
1752220,16/03/2017,Vente,"110510,00",6.0,RUE,5340,LECOINTRE,51100.0,REIMS,51,454,AV,194,3,2.0,Appartement,47.0,2.0
1752223,18/03/2017,Vente en l'état futur d'achèvement,"163554,00",65.0,RUE,6230,DU MONT D ARENE,51100.0,REIMS,51,454,AT,9,1,2.0,Appartement,43.0,2.0
1752230,07/03/2017,Vente,"95000,00",12.0,RUE,3680,FORTEL,51100.0,REIMS,51,454,AR,470,2,2.0,Appartement,73.0,3.0
1752262,10/03/2017,Vente,"117500,00",1.0,RUE,2810,DIDEROT,51100.0,REIMS,51,454,CX,128,2,2.0,Appartement,41.0,1.0
1752263,29/03/2017,Vente,"89000,00",77.0,RUE,8950,DE VENISE,51100.0,REIMS,51,454,CY,434,1,2.0,Appartement,48.0,2.0
1752268,24/03/2017,Vente,"151000,00",9.0,RUE,2440,DE COURLANCY,51100.0,REIMS,51,454,HX,554,1,2.0,Appartement,87.0,4.0
1752272,10/03/2017,Vente,"150000,00",3.0,AV,4010,GEORGES CLEMENCEAU,51100.0,REIMS,51,454,CK,29,2,2.0,Appartement,73.0,4.0
1752275,30/03/2017,Vente,"75500,00",41.0,AV,5300,DE LAON,51100.0,REIMS,51,454,AT,101,1,2.0,Appartement,55.0,2.0
1752277,21/03/2017,Vente en l'état futur d'achèvement,"160000,00",65.0,RUE,6230,DU MONT D ARENE,51100.0,REIMS,51,454,AT,9,1,2.0,Appartement,42.0,2.0
1752297,22/03/2017,Vente,"209000,00",8.0,RUE,2810,DIDEROT,51100.0,REIMS,51,454,CX,242,2,2.0,Appartement,69.0,4.0
1752299,24/03/2017,Vente,"184400,00",8.0,RUE,1880,CHAVAILLIAUD,51100.0,REIMS,51,454,CV,606,1,2.0,Appartement,68.0,3.0
1752315,13/03/2017,Vente,"98000,00",27.0,BD,6690,DE LA PAIX,51100.0,REIMS,51,454,CK,128,2,2.0,Appartement,41.0,1.0
1752326,29/03/2017,Vente,"191685,00",39.0,BD,2930,DOCTEUR HENRI HENROT,51100.0,REIMS,51,454,DM,663,2,2.0,Appartement,104.0,6.0
1752335,04/04/2017,Vente,"100500,00",3.0,ALL,0788,B FRANKLIN NEUV,51100.0,REIMS,51,454,KK,684,2,2.0,Appartement,64.0,3.0
1752338,23/03/2017,Vente,"107500,00",1.0,BD,9070,VICTOR HUGO,51100.0,REIMS,51,454,CZ,450,2,2.0,Appartement,65.0,4.0
1752341,28/03/2017,Vente,"62000,00",32.0,BD,4760,JAMIN,51100.0,REIMS,51,454,BI,854,1,2.0,Appartement,38.0,1.0
1752344,31/03/2017,Vente,"83600,00",1.0,RUE,6835,PAUL VERLAINE,51100.0,REIMS,51,454,AD,521,2,2.0,Appartement,65.0,3.0
1752346,29/03/2017,Vente,"100000,00",15.0,RUE,6000,MARTEAU,51100.0,REIMS,51,454,CV,34,2,2.0,Appartement,81.0,4.0
1752353,28/03/2017,Vente en l'état futur d'achèvement,"242000,00",65.0,RUE,6230,DU MONT D ARENE,51100.0,REIMS,51,454,AT,9,1,2.0,Appartement,66.0,3.0
1752359,27/03/2017,Vente en l'état futur d'achèvement,"151600,00",65.0,RUE,6230,DU MONT D ARENE,51100.0,REIMS,51,454,AT,9,1,2.0,Appartement,42.0,2.0
1752361,28/03/2017,Vente en l'état futur d'achèvement,"400000,00",65.0,RUE,6230,DU MONT D ARENE,51100.0,REIMS,51,454,AT,9,1,2.0,Appartement,104.0,4.0
1752365,03/04/2017,Vente,"70000,00",11.0,RUE,6210,DES MOISSONS,51100.0,REIMS,51,454,CW,637,1,2.0,Appartement,36.0,1.0
1752373,05/04/2017,Vente,"84000,00",5.0,RUE,3010,DOM PERIGNON,51100.0,REIMS,51,454,CV,1001,2,2.0,Appartement,37.0,2.0
1752374,05/04/2017,Vente,"110000,00",93.0,RUE,3850,GAMBETTA,51100.0,REIMS,51,454,CY,690,1,2.0,Appartement,58.0,2.0
1752375,07/04/2017,Vente,"124610,00",14.0,RUE,4290,GUERNIER,51100.0,REIMS,51,454,BI,627,2,2.0,Appartement,72.0,4.0
1752382,24/03/2017,Vente,"392250,00",36.0,RUE,8500,DE TALLEYRAND,51100.0,REIMS,51,454,IL,317,3,2.0,Appartement,135.0,5.0
1752390,31/03/2017,Vente,"73000,00",55.0,BD,3950,DU GENERAL LECLERC,51100.0,REIMS,51,454,IM,341,2,2.0,Appartement,28.0,1.0
1752391,17/03/2017,Vente,"157500,00",2.0,RUE,7720,DU RUISSELET,51100.0,REIMS,51,454,DM,632,2,2.0,Appartement,70.0,4.0
1752541,31/03/2017,Vente,"55010,00",2.0,RUE,2570,CROUTELLE,51100.0,REIMS,51,454,AV,129,1,2.0,Appartement,36.0,1.0
1752546,29/03/2017,Vente en l'état futur d'achèvement,"131756,00",65.0,RUE,6230,DU MONT D ARENE,51100.0,REIMS,51,454,AT,9,1,2.0,Appartement,42.0,2.0
1752548,15/03/2017,Vente,"262000,00",32.0,RUE,2840,DIEU LUMIERE,51100.0,REIMS,51,454,DM,98,3,2.0,Appartement,95.0,3.0
1752553,05/04/2017,Vente,"96000,00",48.0,RUE,5400,LEON FAUCHER,51100.0,REIMS,51,454,BC,29,1,2.0,Appartement,73.0,3.0
1752554,29/03/2017,Vente en l'état futur d'achèvement,"370000,00",65.0,RUE,6230,DU MONT D ARENE,51100.0,REIMS,51,454,AT,9,1,2.0,Appartement,82.0,4.0
1752557,03/04/2017,Vente en l'état futur d'achèvement,"101459,40",,RUE,0910,DE BEZANNES,51100.0,REIMS,51,454,HW,135,1,2.0,Appartement,22.0,1.0
1752558,04/04/2017,Vente en l'état futur d'achèvement,"130995,00",412.0,AV,5300,DE LAON,51100.0,REIMS,51,454,AE,142,1,2.0,Appartement,60.0,2.0
1752563,22/03/2017,Vente,"67250,00",31.0,RUE,3000,DOCTEUR THOMAS,51100.0,REIMS,51,454,AW,513,2,2.0,Appartement,37.0,1.0
1752566,28/03/2017,Vente en l'état futur d'achèvement,"151000,00",67.0,BD,6790,PAUL DOUMER,51100.0,REIMS,51,454,IK,356,1,2.0,Appartement,49.0,2.0
1752567,28/03/2017,Vente,"77880,00",3.0,RUE,5825,DE LA MAISON BLANCHE,51100.0,REIMS,51,454,DV,480,1,2.0,Appartement,35.0,2.0
1752568,21/03/2017,Vente,"79000,00",3.0,RUE,5825,DE LA MAISON BLANCHE,51100.0,REIMS,51,454,DV,480,1,2.0,Appartement,34.0,2.0
1752571,20/03/2017,Vente,"255000,00",32.0,RUE,4070,GERUZEZ,51100.0,REIMS,51,454,AR,163,1,2.0,Appartement,91.0,4.0
1752590,16/03/2017,Vente,"155000,00",155.0,RUE,1590,DE CERNAY,51100.0,REIMS,51,454,CV,96,1,2.0,Appartement,67.0,3.0
1752635,27/03/2017,Vente,"74000,00",133.0,RUE,2440,DE COURLANCY,51100.0,REIMS,51,454,HY,161,1,2.0,Appartement,42.0,1.0
1752660,30/03/2017,Vente en l'état futur d'achèvement,"371018,00",65.0,RUE,6230,DU MONT D ARENE,51100.0,REIMS,51,454,AT,9,1,2.0,Appartement,95.0,4.0
1752667,17/03/2017,Vente,"76500,00",237.0,RUE,2440,DE COURLANCY,51100.0,REIMS,51,454,DN,217,2,2.0,Appartement,42.0,2.0
1752669,31/03/2017,Vente,"60000,00",15.0,RUE,7405,RAYMOND POINCARE,51100.0,REIMS,51,454,AE,117,1,2.0,Appartement,70.0,4.0
1752679,03/04/2017,Vente,"133000,00",75.0,AV,4900,JEAN JAURES,51100.0,REIMS,51,454,BI,755,1,2.0,Appartement,55.0,3.0
1752682,04/04/2017,Vente,"97500,00",27.0,BD,6690,DE LA PAIX,51100.0,REIMS,51,454,CK,128,2,2.0,Appartement,41.0,1.0
1752683,05/04/2017,Vente,"90000,00",21.0,RUE,9210,DE WITRY,51100.0,REIMS,51,454,CT,186,2,2.0,Appartement,63.0,3.0
1752687,30/03/2017,Vente,"164000,00",13.0,RUE,1730,CHANTERAINE,51100.0,REIMS,51,454,DM,634,2,2.0,Appartement,93.0,5.0
1752691,31/03/2017,Vente,"119000,00",25.0,BD,1510,CARTERET,51100.0,REIMS,51,454,CV,836,2,2.0,Appartement,43.0,2.0
1752711,21/03/2017,Vente,"133000,00",58.0,RUE,4440,HENRI BARBUSSE,51100.0,REIMS,51,454,CL,356,2,2.0,Appartement,71.0,3.0
1752717,05/04/2017,Vente,"208000,00",8.0,RUE,0760,DE LA BELLE IMAGE,51100.0,REIMS,51,454,BE,250,3,2.0,Appartement,63.0,3.0
1752718,07/04/2017,Vente,"71300,00",340.0,AV,5300,DE LAON,51100.0,REIMS,51,454,AM,837,2,2.0,Appartement,67.0,4.0
1752719,20/03/2017,Vente,"219497,00",2.0,RUE,1550,CERES,51100.0,REIMS,51,454,CX,39,1,2.0,Appartement,49.0,2.0
1752728,31/03/2017,Vente,"82400,00",30.0,RUE,8980,VERNOUILLET,51100.0,REIMS,51,454,AT,240,1,2.0,Appartement,46.0,2.0
1752729,31/03/2017,Vente,"82400,00",30.0,RUE,8980,VERNOUILLET,51100.0,REIMS,51,454,AT,240,1,2.0,Appartement,56.0,2.0
1752731,31/03/2017,Vente,"75000,00",63.0,RUE,1590,DE CERNAY,51100.0,REIMS,51,454,CW,321,2,2.0,Appartement,39.0,2.0
1752734,31/03/2017,Vente,"66470,00",25.0,RUE,7580,ROGER SALENGRO,51100.0,REIMS,51,454,AX,657,2,2.0,Appartement,29.0,1.0
1752735,11/04/2017,Vente,"78000,00",7.0,ESP,5446,LE ROUET,51100.0,REIMS,51,454,CT,390,2,2.0,Appartement,54.0,2.0
1752740,29/03/2017,Vente,"227850,00",33.0,RUE,5310,LAURENT DERAMEZ,51100.0,REIMS,51,454,BH,162,2,2.0,Appartement,92.0,4.0
1752744,29/03/2017,Vente,"579000,00",22.0,RUE,8200,STE GENEVIEVE,51100.0,REIMS,51,454,HX,165,0,2.0,Appartement,40.0,2.0
1752745,29/03/2017,Vente,"579000,00",22.0,RUE,8200,STE GENEVIEVE,51100.0,REIMS,51,454,HX,165,0,2.0,Appartement,46.0,1.0
1752746,29/03/2017,Vente,"579000,00",22.0,RUE,8200,STE GENEVIEVE,51100.0,REIMS,51,454,HX,165,0,2.0,Appartement,50.0,2.0
1752748,29/03/2017,Vente,"579000,00",22.0,RUE,8200,STE GENEVIEVE,51100.0,REIMS,51,454,HX,165,0,2.0,Appartement,45.0,2.0
1752749,29/03/2017,Vente,"579000,00",22.0,RUE,8200,STE GENEVIEVE,51100.0,REIMS,51,454,HX,165,0,2.0,Appartement,46.0,2.0
1752750,29/03/2017,Vente,"579000,00",22.0,RUE,8200,STE GENEVIEVE,51100.0,REIMS,51,454,HX,165,0,2.0,Appartement,35.0,1.0
1752751,29/03/2017,Vente,"579000,00",22.0,RUE,8200,STE GENEVIEVE,51100.0,REIMS,51,454,HX,165,0,2.0,Appartement,50.0,3.0
1752752,29/03/2017,Vente,"579000,00",22.0,RUE,8200,STE GENEVIEVE,51100.0,REIMS,51,454,HX,165,0,2.0,Appartement,54.0,3.0
1752754,28/03/2017,Vente,"143000,00",71.0,RUE,2290,COQUEBERT,51100.0,REIMS,51,454,BI,564,1,2.0,Appartement,27.0,1.0
1752756,29/03/2017,Vente en l'état futur d'achèvement,"520000,00",2.0,RUE,5980,DE MARS,51100.0,REIMS,51,454,BE,293,2,2.0,Appartement,108.0,3.0
1752760,30/03/2017,Vente,"149000,00",79.0,BD,6790,PAUL DOUMER,51100.0,REIMS,51,454,IK,335,2,2.0,Appartement,89.0,4.0
1752772,31/03/2017,Vente,"260000,00",29.0,RUE,1620,CHABAUD,51100.0,REIMS,51,454,IK,929,2,2.0,Appartement,114.0,5.0
1752775,31/03/2017,Vente en l'état futur d'achèvement,"172792,00",65.0,RUE,6230,DU MONT D ARENE,51100.0,REIMS,51,454,AT,9,1,2.0,Appartement,44.0,2.0
1752776,06/04/2017,Vente,"75000,00",3.0,RUE,5785,MAGELLAN,51100.0,REIMS,51,454,EV,589,1,2.0,Appartement,60.0,3.0
1752777,06/04/2017,Vente,"75000,00",3.0,RUE,5785,MAGELLAN,51100.0,REIMS,51,454,EV,589,1,2.0,Appartement,60.0,3.0
1752779,07/04/2017,Vente,"139500,00",13.0,ESP,7433,REMI PELLOT,51100.0,REIMS,51,454,AN,169,1,2.0,Appartement,87.0,4.0
1752797,12/04/2017,Vente,"280000,00",21.0,RUE,1360,CAMILLE LENOIR,51100.0,REIMS,51,454,BH,303,3,2.0,Appartement,109.0,6.0
1752799,07/04/2017,Vente en l'état futur d'achèvement,"189000,00",412.0,AV,5300,DE LAON,51100.0,REIMS,51,454,AE,142,1,2.0,Appartement,78.0,4.0
1752802,03/04/2017,Vente en l'état futur d'achèvement,"256716,00",65.0,RUE,6230,DU MONT D ARENE,51100.0,REIMS,51,454,AT,9,1,2.0,Appartement,65.0,3.0
1752808,28/03/2017,Vente,"95000,00",2.0,PL,7016,PIERRE DE FERMAT,51100.0,REIMS,51,454,AE,117,2,2.0,Appartement,70.0,4.0
1752820,11/04/2017,Vente en l'état futur d'achèvement,"209000,00",43.0,RUE,8640,DE THILLOIS,51100.0,REIMS,51,454,IM,179,1,2.0,Appartement,47.0,2.0
1752821,10/04/2017,Vente en l'état futur d'achèvement,"88000,00",67.0,BD,6790,PAUL DOUMER,51100.0,REIMS,51,454,IK,356,1,2.0,Appartement,25.0,1.0
1752849,05/04/2017,Vente,"430000,00",5.0,RUE,6400,DE NANTEUIL,51100.0,REIMS,51,454,BE,120,0,2.0,Appartement,65.0,3.0
1752851,05/04/2017,Vente,"430000,00",5.0,RUE,6400,DE NANTEUIL,51100.0,REIMS,51,454,BE,120,0,2.0,Appartement,65.0,3.0
1752863,31/03/2017,Vente,"40000,00",41.0,RUE,3820,DE GABES,51100.0,REIMS,51,454,BL,332,3,2.0,Appartement,25.0,1.0
1752865,05/04/2017,Vente en l'état futur d'achèvement,"235500,00",65.0,RUE,6230,DU MONT D ARENE,51100.0,REIMS,51,454,AT,9,1,2.0,Appartement,62.0,3.0
1752885,05/04/2017,Vente,"60000,00",11.0,RUE,8580,DES TEMPLIERS,51100.0,REIMS,51,454,BH,528,2,2.0,Appartement,28.0,1.0
1752886,31/03/2017,Vente,"248000,00",14.0,RUE,3160,EDME MOREAU,51100.0,REIMS,51,454,AI,83,1,2.0,Appartement,119.0,4.0
1752912,18/04/2017,Vente,"95000,00",20.0,RUE,2170,DU COLONEL FABIEN,51100.0,REIMS,51,454,IN,90,1,2.0,Appartement,57.0,3.0
1752913,06/04/2017,Vente,"265000,00",10.0,PL,4600,DE L HOTEL DE VILLE,51100.0,REIMS,51,454,BE,292,2,2.0,Appartement,87.0,5.0
1752914,14/04/2017,Vente,"51500,00",16.0,RUE,5650,DE LOUVOIS,51100.0,REIMS,51,454,DV,672,1,2.0,Appartement,37.0,2.0
1752916,07/04/2017,Vente,"121500,00",7.0,RUE,8555,DES TEINTURIERS,51100.0,REIMS,51,454,CT,534,1,2.0,Appartement,60.0,3.0
1752918,05/04/2017,Vente,"335500,00",45.0,RUE,1620,CHABAUD,51100.0,REIMS,51,454,IK,714,1,2.0,Appartement,140.0,5.0
1752925,18/04/2017,Vente,"205000,00",20.0,RUE,0910,DE BEZANNES,51100.0,REIMS,51,454,HW,433,2,2.0,Appartement,80.0,3.0
1752936,31/03/2017,Vente,"159000,00",11.0,BD,7960,ST MARCEAUX,51100.0,REIMS,51,454,CK,17,2,2.0,Appartement,85.0,4.0
1752937,17/03/2017,Vente,"574200,00",18.0,RUE,3370,DE L ESPERANCE,51100.0,REIMS,51,454,DO,566,0,2.0,Appartement,70.0,3.0
1752938,17/03/2017,Vente,"574200,00",18.0,RUE,3370,DE L ESPERANCE,51100.0,REIMS,51,454,DO,566,0,2.0,Appartement,85.0,3.0
1752948,11/04/2017,Vente,"179800,00",53.0,RUE,1920,DE CHEVIGNE,51100.0,REIMS,51,454,CL,35,1,2.0,Appartement,87.0,4.0
1752956,11/04/2017,Vente,"105000,00",2.0,RUE,4150,GOSSET,51100.0,REIMS,51,454,BD,99,1,2.0,Appartement,72.0,3.0
1752959,11/04/2017,Vente,"78000,00",4.0,RUE,4220,GRANDVAL,51100.0,REIMS,51,454,CL,985,1,2.0,Appartement,40.0,2.0
1752960,14/04/2017,Vente,"85000,00",16.0,RUE,7010,PIERRE BROSSOLETTE,51100.0,REIMS,51,454,AV,857,2,2.0,Appartement,36.0,2.0
1752963,13/04/2017,Vente,"46500,00",32.0,RUE,6160,DE METZ,51100.0,REIMS,51,454,CV,520,1,2.0,Appartement,19.0,1.0
1752965,14/04/2017,Vente en l'état futur d'achèvement,"109000,00",67.0,BD,6790,PAUL DOUMER,51100.0,REIMS,51,454,IK,356,1,2.0,Appartement,46.0,2.0
1752968,10/04/2017,Vente,"65000,00",7.0,RUE,1300,BRUYANT,51100.0,REIMS,51,454,AS,272,1,2.0,Appartement,20.0,1.0
1752974,29/03/2017,Vente,"150000,00",4.0,RUE,1280,BRULEE,51100.0,REIMS,51,454,IK,576,2,2.0,Appartement,109.0,3.0
1752986,07/04/2017,Vente en l'état futur d'achèvement,"224500,00",,RUE,5891,MARCEL THIL,51100.0,REIMS,51,454,AV,1082,1,2.0,Appartement,70.0,3.0
1752988,11/04/2017,Vente en l'état futur d'achèvement,"163900,00",,RUE,5891,MARCEL THIL,51100.0,REIMS,51,454,AV,1082,1,2.0,Appartement,48.0,2.0
1752991,06/04/2017,Vente en l'état futur d'achèvement,"180000,00",,RUE,5891,MARCEL THIL,51100.0,REIMS,51,454,AV,1082,1,2.0,Appartement,52.0,2.0
1752994,12/04/2017,Vente en l'état futur d'achèvement,"180000,00",,RUE,5891,MARCEL THIL,51100.0,REIMS,51,454,AV,1082,1,2.0,Appartement,52.0,2.0
1752995,03/04/2017,Vente en l'état futur d'achèvement,"114000,00",,RUE,5891,MARCEL THIL,51100.0,REIMS,51,454,AV,1082,1,2.0,Appartement,36.0,1.0
1752997,13/04/2017,Vente,"345000,00",67.0,RUE,1360,CAMILLE LENOIR,51100.0,REIMS,51,454,BH,538,0,2.0,Appartement,15.0,1.0
1752998,13/04/2017,Vente,"345000,00",67.0,RUE,1360,CAMILLE LENOIR,51100.0,REIMS,51,454,BH,538,0,2.0,Appartement,2.0,0.0
1752999,13/04/2017,Vente,"345000,00",67.0,RUE,1360,CAMILLE LENOIR,51100.0,REIMS,51,454,BH,538,0,2.0,Appartement,15.0,1.0
1753000,13/04/2017,Vente,"345000,00",67.0,RUE,1360,CAMILLE LENOIR,51100.0,REIMS,51,454,BH,538,0,2.0,Appartement,23.0,1.0
1753001,13/04/2017,Vente,"345000,00",67.0,RUE,1360,CAMILLE LENOIR,51100.0,REIMS,51,454,BH,538,0,2.0,Appartement,15.0,1.0
1753003,13/04/2017,Vente,"345000,00",67.0,RUE,1360,CAMILLE LENOIR,51100.0,REIMS,51,454,BH,538,0,2.0,Appartement,20.0,1.0
1753004,13/04/2017,Vente,"345000,00",67.0,RUE,1360,CAMILLE LENOIR,51100.0,REIMS,51,454,BH,538,0,2.0,Appartement,15.0,1.0
1753005,13/04/2017,Vente,"345000,00",67.0,RUE,1360,CAMILLE LENOIR,51100.0,REIMS,51,454,BH,538,0,2.0,Appartement,15.0,1.0
1753006,05/04/2017,Vente en l'état futur d'achèvement,"175500,00",,RUE,5891,MARCEL THIL,51100.0,REIMS,51,454,AV,1082,1,2.0,Appartement,49.0,2.0
1753010,21/04/2017,Vente,"98500,00",18.0,RUE,3280,EMILE ZOLA,51100.0,REIMS,51,454,AW,400,2,2.0,Appartement,64.0,3.0
1753014,03/04/2017,Vente en l'état futur d'achèvement,"160900,00",,RUE,5891,MARCEL THIL,51100.0,REIMS,51,454,AV,1082,1,2.0,Appartement,48.0,2.0
1753017,14/04/2017,Vente en l'état futur d'achèvement,"157900,00",,RUE,5891,MARCEL THIL,51100.0,REIMS,51,454,AV,1082,1,2.0,Appartement,48.0,2.0
1753019,07/04/2017,Vente en l'état futur d'achèvement,"136000,00",,RUE,5891,MARCEL THIL,51100.0,REIMS,51,454,AV,1082,1,2.0,Appartement,26.0,1.0
1753021,04/04/2017,Vente en l'état futur d'achèvement,"178500,00",,RUE,5891,MARCEL THIL,51100.0,REIMS,51,454,AV,1082,1,2.0,Appartement,49.0,2.0
1753022,13/04/2017,Vente,"128400,00",1.0,RUE,3900,DU GENERAL BATTESTI,51100.0,REIMS,51,454,AY,488,1,2.0,Appartement,46.0,2.0
1753026,31/03/2017,Vente,"60000,00",1.0,RUE,8870,DES TUILERIES,51100.0,REIMS,51,454,DM,559,2,2.0,Appartement,39.0,1.0
1753027,05/04/2017,Vente,"20000,00",52.0,RUE,2570,CROUTELLE,51100.0,REIMS,51,454,AV,105,1,2.0,Appartement,40.0,2.0
1753028,05/04/2017,Vente,"20000,00",52.0,RUE,2570,CROUTELLE,51100.0,REIMS,51,454,AV,105,1,2.0,Appartement,41.0,2.0
1753031,30/03/2017,Vente,"245000,00",164.0,BD,7140,POMMERY,51100.0,REIMS,51,454,CL,592,1,2.0,Appartement,70.0,2.0
1753032,30/03/2017,Vente,"245000,00",164.0,BD,7140,POMMERY,51100.0,REIMS,51,454,CL,592,1,2.0,Appartement,33.0,1.0
1753033,30/03/2017,Vente,"245000,00",164.0,BD,7140,POMMERY,51100.0,REIMS,51,454,CL,592,1,2.0,Appartement,28.0,1.0
1753036,19/04/2017,Vente,"139700,00",17.0,RUE,0175,ALPHONSE DAUDET,51100.0,REIMS,51,454,HV,978,2,2.0,Appartement,90.0,5.0
1753038,24/04/2017,Vente,"175800,00",11.0,RUE,0390,ARMAND GUERY,51100.0,REIMS,51,454,AV,789,1,2.0,Appartement,100.0,3.0
1753039,19/04/2017,Vente,"220000,00",13.0,RUE,8320,DE SILLERY,51100.0,REIMS,51,454,CK,42,2,2.0,Appartement,70.0,3.0
1753040,21/04/2017,Vente,"13000,00",38.0,RUE,7160,PONSARDIN,51100.0,REIMS,51,454,CX,159,1,2.0,Appartement,65.0,3.0
1753058,04/04/2017,Vente,"125000,00",153.0,RUE,9040,DE VESLE,51100.0,REIMS,51,454,IK,1303,1,2.0,Appartement,49.0,2.0
1753059,04/04/2017,Vente,"125000,00",153.0,RUE,9040,DE VESLE,51100.0,REIMS,51,454,IK,1303,1,2.0,Appartement,29.0,2.0
1753077,22/04/2017,Vente,"80000,00",3.0,RUE,5825,DE LA MAISON BLANCHE,51100.0,REIMS,51,454,DV,480,1,2.0,Appartement,41.0,2.0
1753078,13/04/2017,Vente,"95000,00",1.0,RUE,7070,DU PISTOLET,51100.0,REIMS,51,454,DM,632,2,2.0,Appartement,46.0,2.0
1753085,13/04/2017,Vente,"149200,00",6.0,ESP,7433,REMI PELLOT,51100.0,REIMS,51,454,AN,169,1,2.0,Appartement,93.0,5.0
1753088,18/04/2017,Vente,"101000,00",3.0,RUE,4425,HELENE NAUTRE,51100.0,REIMS,51,454,BT,580,2,2.0,Appartement,73.0,3.0
1753090,31/03/2017,Vente,"107000,00",6.0,RUE,3100,DE L ECAILLE,51100.0,REIMS,51,454,DM,629,2,2.0,Appartement,54.0,2.0
1753106,25/04/2017,Vente,"88178,00",2.0,RUE,8603,THEODORE GERICAULT,51100.0,REIMS,51,454,AE,296,2,2.0,Appartement,70.0,3.0
1753108,05/04/2017,Vente,"255000,00",3.0,AV,4010,GEORGES CLEMENCEAU,51100.0,REIMS,51,454,CK,28,2,2.0,Appartement,124.0,4.0
1753113,19/04/2017,Vente en l'état futur d'achèvement,"102900,00",,RUE,0910,DE BEZANNES,51100.0,REIMS,51,454,HW,135,1,2.0,Appartement,22.0,1.0
1753115,19/04/2017,Vente en l'état futur d'achèvement,"155000,00",,RUE,3180,EDOUARD MIGNOT,51100.0,REIMS,51,454,AT,492,1,2.0,Appartement,47.0,2.0
1753117,19/04/2017,Vente en l'état futur d'achèvement,"167000,00",,RUE,3180,EDOUARD MIGNOT,51100.0,REIMS,51,454,AT,492,1,2.0,Appartement,46.0,2.0
1753122,13/04/2017,Vente,"215000,00",10.0,RUE,8830,DES TROIS RAISINETS,51100.0,REIMS,51,454,CX,201,2,2.0,Appartement,100.0,5.0
1753126,31/03/2017,Vente,"120000,00",86.0,RUE,7010,PIERRE BROSSOLETTE,51100.0,REIMS,51,454,AV,538,2,2.0,Appartement,67.0,3.0
1753129,03/04/2017,Vente,"60000,00",9.0,RUE,0010,ABBE DE L EPEE,51100.0,REIMS,51,454,IK,288,2,2.0,Appartement,32.0,1.0
1753138,05/04/2017,Vente,"49000,00",34.0,RUE,2430,DE COURCELLES,51100.0,REIMS,51,454,AR,330,1,2.0,Appartement,20.0,1.0
1753140,25/04/2017,Vente,"110000,00",187.0,RUE,6470,DE NEUFCHATEL,51100.0,REIMS,51,454,AH,582,1,2.0,Appartement,66.0,1.0
1753141,25/04/2017,Vente,"110000,00",187.0,RUE,6470,DE NEUFCHATEL,51100.0,REIMS,51,454,AH,582,1,2.0,Appartement,33.0,1.0
1753142,24/04/2017,Vente,"41000,00",48.0,RUE,4740,JACQUART,51100.0,REIMS,51,454,BI,556,1,2.0,Appartement,13.0,1.0
1753143,20/04/2017,Vente,"120000,00",67.0,AV,6730,DE PARIS,51100.0,REIMS,51,454,HX,625,0,2.0,Appartement,30.0,1.0
1753144,20/04/2017,Vente,"120000,00",67.0,AV,6730,DE PARIS,51100.0,REIMS,51,454,HX,625,0,2.0,Appartement,30.0,1.0
1753145,14/04/2017,Vente,"203000,00",34.0,RUE,9260,WERLE,51100.0,REIMS,51,454,BH,373,1,2.0,Appartement,115.0,4.0
1753146,14/04/2017,Vente,"203000,00",34.0,RUE,9260,WERLE,51100.0,REIMS,51,454,BH,373,1,2.0,Appartement,112.0,6.0
1753159,24/04/2017,Vente,"65000,00",2.0,AV,3913,DU GENERAL DE GAULLE,51100.0,REIMS,51,454,HX,547,1,2.0,Appartement,24.0,1.0
1753162,19/04/2017,Vente,"249000,00",6.0,RUE,7160,PONSARDIN,51100.0,REIMS,51,454,CX,69,1,2.0,Appartement,69.0,3.0
1753182,14/04/2017,Vente,"114050,00",6.0,ALL,0788,B FRANKLIN NEUV,51100.0,REIMS,51,454,KK,684,2,2.0,Appartement,64.0,3.0
1753187,03/04/2017,Vente,"292000,00",133.0,BD,7140,POMMERY,51100.0,REIMS,51,454,CI,65,4,2.0,Appartement,146.0,6.0
1753190,10/04/2017,Vente,"189900,00",4.0,RUE,2770,DESPREZ,51100.0,REIMS,51,454,AN,36,0,2.0,Appartement,55.0,3.0
1753191,10/04/2017,Vente,"189900,00",4.0,RUE,2770,DESPREZ,51100.0,REIMS,51,454,AN,36,0,2.0,Appartement,25.0,1.0
1753199,24/04/2017,Vente,"109500,00",15.0,RUE,0845,BERTRAND DE MUN,51100.0,REIMS,51,454,CM,145,2,2.0,Appartement,73.0,3.0
1753204,18/04/2017,Vente,"275000,00",16.0,RUE,3500,FAVART D HERBIGNY,51100.0,REIMS,51,454,CV,859,1,2.0,Appartement,112.0,4.0
1753208,24/04/2017,Vente,"393350,00",189.0,AV,5300,DE LAON,51100.0,REIMS,51,454,AV,1060,0,2.0,Appartement,19.0,1.0
1753209,24/04/2017,Vente,"393350,00",189.0,AV,5300,DE LAON,51100.0,REIMS,51,454,AV,1060,0,2.0,Appartement,20.0,1.0
1753210,24/04/2017,Vente,"393350,00",189.0,AV,5300,DE LAON,51100.0,REIMS,51,454,AV,1060,0,2.0,Appartement,30.0,1.0
1753211,24/04/2017,Vente,"393350,00",189.0,AV,5300,DE LAON,51100.0,REIMS,51,454,AV,1060,0,2.0,Appartement,26.0,1.0
1753212,24/04/2017,Vente,"393350,00",189.0,AV,5300,DE LAON,51100.0,REIMS,51,454,AV,1060,0,2.0,Appartement,28.0,1.0
1753213,24/04/2017,Vente,"393350,00",189.0,AV,5300,DE LAON,51100.0,REIMS,51,454,AV,1060,0,2.0,Appartement,23.0,1.0
1753214,24/04/2017,Vente,"393350,00",189.0,AV,5300,DE LAON,51100.0,REIMS,51,454,AV,1060,0,2.0,Appartement,22.0,1.0
1753215,24/04/2017,Vente,"393350,00",189.0,AV,5300,DE LAON,51100.0,REIMS,51,454,AV,1060,0,2.0,Appartement,35.0,1.0
1753224,03/04/2017,Vente,"64000,00",15.0,RUE,3770,FRANCOIS DOR,51100.0,REIMS,51,454,HX,385,2,2.0,Appartement,37.0,2.0
1753225,25/04/2017,Vente,"46500,00",39.0,AV,4455,HENRI FARMAN,51100.0,REIMS,51,454,EK,6,1,2.0,Appartement,18.0,1.0
1753226,11/04/2017,Vente,"80000,00",91.0,RUE,6470,DE NEUFCHATEL,51100.0,REIMS,51,454,AM,796,1,2.0,Appartement,38.0,2.0
1753228,20/04/2017,Vente,"161370,00",25.0,BD,6690,DE LA PAIX,51100.0,REIMS,51,454,CK,128,2,2.0,Appartement,69.0,3.0
1753233,14/04/2017,Vente,"294360,00",8.0,RUE,8570,DU TEMPLE,51100.0,REIMS,51,454,BE,311,2,2.0,Appartement,75.0,4.0
1753246,25/04/2017,Vente,"49000,00",39.0,AV,4455,HENRI FARMAN,51100.0,REIMS,51,454,EK,6,1,2.0,Appartement,19.0,1.0
1753249,24/04/2017,Vente,"59500,00",22.0,RUE,1170,BRANLY,51100.0,REIMS,51,454,HW,172,1,2.0,Appartement,25.0,1.0
1753252,25/04/2017,Vente,"105000,00",1.0,BD,9070,VICTOR HUGO,51100.0,REIMS,51,454,CZ,450,2,2.0,Appartement,67.0,4.0
1753256,21/04/2017,Vente,"36000,00",52.0,RUE,3000,DOCTEUR THOMAS,51100.0,REIMS,51,454,AW,280,1,2.0,Appartement,15.0,1.0
1753259,12/04/2017,Vente,"114000,00",24.0,RUE,7520,DE RILLY LA MONTAGNE,51100.0,REIMS,51,454,HS,222,2,2.0,Appartement,83.0,4.0
1753260,28/04/2017,Vente,"50000,00",2.0,RUE,5030,JOSEPH JACQUET,51100.0,REIMS,51,454,CL,662,1,2.0,Appartement,31.0,1.0
1753262,28/04/2017,Vente,"113000,00",78.0,AV,4900,JEAN JAURES,51100.0,REIMS,51,454,CW,622,2,2.0,Appartement,60.0,3.0
1753266,11/04/2017,Vente,"112700,00",24.0,RUE,4440,HENRI BARBUSSE,51100.0,REIMS,51,454,CL,225,2,2.0,Appartement,56.0,3.0
1753268,11/04/2017,Vente,"168700,00",23.0,BD,0710,DES BELGES,51100.0,REIMS,51,454,AM,89,1,2.0,Appartement,116.0,5.0
1753290,05/04/2017,Vente,"3000000,00",72.0,PL,3040,DROUET D ERLON,51100.0,REIMS,51,454,IL,347,0,2.0,Appartement,84.0,3.0
1753294,25/04/2017,Vente,"67000,00",4.0,RUE,7560,ROCKEFELLER,51100.0,REIMS,51,454,CX,614,1,2.0,Appartement,20.0,1.0
1753297,15/04/2017,Vente,"185250,00",2.0,RUE,1550,CERES,51100.0,REIMS,51,454,CX,39,1,2.0,Appartement,46.0,2.0
1753298,14/04/2017,Vente,"115000,00",2.0,RUE,4150,GOSSET,51100.0,REIMS,51,454,BD,99,1,2.0,Appartement,69.0,3.0
1753307,06/04/2017,Vente,"200000,00",22.0,RUE,7230,DE POUILLON,51100.0,REIMS,51,454,AN,127,0,2.0,Appartement,46.0,2.0
1753309,06/04/2017,Vente,"200000,00",22.0,RUE,7230,DE POUILLON,51100.0,REIMS,51,454,AN,127,0,2.0,Appartement,37.0,2.0
1753310,06/04/2017,Vente,"200000,00",22.0,RUE,7230,DE POUILLON,51100.0,REIMS,51,454,AN,127,0,2.0,Appartement,47.0,2.0
1753332,20/04/2017,Vente,"61500,00",33.0,RUE,2790,DEVILLE,51100.0,REIMS,51,454,AV,112,1,2.0,Appartement,40.0,3.0
1753334,11/04/2017,Vente,"70950,00",157.0,AV,4900,JEAN JAURES,51100.0,REIMS,51,454,BI,137,1,2.0,Appartement,30.0,3.0
1753336,05/04/2017,Vente,"318000,00",7.0,PL,1430,DU CARDINAL LUCON,51100.0,REIMS,51,454,CX,347,2,2.0,Appartement,96.0,3.0
1753341,07/04/2017,Vente,"74000,00",10.0,RUE,6740,PASSE DEMOISELLES,51100.0,REIMS,51,454,HX,92,1,2.0,Appartement,34.0,1.0
1753342,12/04/2017,Vente,"111500,00",11.0,AV,0070,ALEXANDRE DE SERBIE,51100.0,REIMS,51,454,DT,227,2,2.0,Appartement,78.0,5.0
1753346,12/04/2017,Vente en l'état futur d'achèvement,"173300,00",15.0,RUE,0123,CAPITAINE ALFRED DREYFUS,51100.0,REIMS,51,454,AV,1037,1,2.0,Appartement,49.0,2.0
1753360,13/04/2017,Vente,"40000,00",60.0,RUE,2080,CLOVIS CHEZEL,51100.0,REIMS,51,454,DN,444,1,2.0,Appartement,115.0,4.0
1753361,13/04/2017,Vente,"30000,00",60.0,RUE,2080,CLOVIS CHEZEL,51100.0,REIMS,51,454,DN,444,1,2.0,Appartement,115.0,4.0
1753362,11/04/2017,Vente,"54000,00",26.0,RUE,1860,DU CHATELET,51100.0,REIMS,51,454,DM,458,2,2.0,Appartement,36.0,1.0
1753363,28/04/2017,Vente,"120450,00",1.0,RUE,5565,DE LONDRES,51100.0,REIMS,51,454,CM,104,2,2.0,Appartement,123.0,6.0
1753364,11/04/2017,Vente,"204000,00",24.0,RUE,2450,COURMEAUX,51100.0,REIMS,51,454,BE,71,2,2.0,Appartement,78.0,3.0
1753365,28/04/2017,Vente,"112500,00",2.0,RUE,5090,JULES GUICHARD,51100.0,REIMS,51,454,AV,865,1,2.0,Appartement,59.0,2.0
1753367,26/04/2017,Vente,"107540,00",45.0,RUE,1390,DES CAPUCINS,51100.0,REIMS,51,454,IK,57,1,2.0,Appartement,45.0,2.0
1753370,27/04/2017,Vente,"137000,00",198.0,AV,4900,JEAN JAURES,51100.0,REIMS,51,454,CV,34,2,2.0,Appartement,88.0,4.0
1753373,14/04/2017,Vente,"119700,00",13.0,RUE,6720,DE PARGNY,51100.0,REIMS,51,454,HX,399,1,2.0,Appartement,76.0,4.0
1753379,21/04/2017,Vente,"150000,00",78.0,RUE,8950,DE VENISE,51100.0,REIMS,51,454,IK,329,2,2.0,Appartement,68.0,3.0
1753380,21/04/2017,Vente,"48000,00",78.0,RUE,5340,LECOINTRE,51100.0,REIMS,51,454,AV,73,1,2.0,Appartement,20.0,1.0
1753381,21/04/2017,Vente,"52000,00",66.0,RUE,3280,EMILE ZOLA,51100.0,REIMS,51,454,AW,564,1,2.0,Appartement,42.0,2.0
1753384,14/04/2017,Vente,"314800,00",6.0,BD,5680,LUNDY,51100.0,REIMS,51,454,BH,309,2,2.0,Appartement,108.0,4.0
1753390,10/04/2017,Vente,"206600,00",53.0,RUE,1920,DE CHEVIGNE,51100.0,REIMS,51,454,CL,35,1,2.0,Appartement,82.0,4.0
1753397,10/04/2017,Vente,"110000,00",21.0,RUE,9210,DE WITRY,51100.0,REIMS,51,454,CT,186,2,2.0,Appartement,44.0,2.0
1753400,02/05/2017,Vente,"135600,00",5.0,RUE,8670,DE TINQUEUX,51100.0,REIMS,51,454,IO,372,1,2.0,Appartement,75.0,3.0
1753410,14/04/2017,Vente,"113000,00",9.0,RUE,3210,DES ELUS,51100.0,REIMS,51,454,IL,503,1,2.0,Appartement,43.0,1.0
1753411,27/04/2017,Vente,"76500,00",1.0,RUE,2670,DAVID,51100.0,REIMS,51,454,CW,263,1,2.0,Appartement,40.0,3.0
1753417,14/04/2017,Vente,"97250,00",38.0,ALL,4337,GUY DE MAUPASSANT,51100.0,REIMS,51,454,HK,1287,1,2.0,Appartement,56.0,2.0
1753433,26/04/2017,Vente en l'état futur d'achèvement,"230500,00",,RUE,5891,MARCEL THIL,51100.0,REIMS,51,454,AV,1082,1,2.0,Appartement,70.0,3.0
1753438,24/04/2017,Vente en l'état futur d'achèvement,"229639,40",,RUE,5891,MARCEL THIL,51100.0,REIMS,51,454,AV,1082,1,2.0,Appartement,70.0,3.0
1753440,25/04/2017,Vente en l'état futur d'achèvement,"194500,00",,RUE,5891,MARCEL THIL,51100.0,REIMS,51,454,AV,1082,1,2.0,Appartement,56.0,2.0
1753451,14/04/2017,Vente en l'état futur d'achèvement,"118600,00",,RUE,5891,MARCEL THIL,51100.0,REIMS,51,454,AV,1082,1,2.0,Appartement,40.0,2.0
1753453,04/05/2017,Vente en l'état futur d'achèvement,"232500,00",,RUE,5891,MARCEL THIL,51100.0,REIMS,51,454,AV,1082,1,2.0,Appartement,70.0,3.0
1753457,25/04/2017,Vente en l'état futur d'achèvement,"124000,00",,RUE,5891,MARCEL THIL,51100.0,REIMS,51,454,AV,1082,1,2.0,Appartement,36.0,1.0
1753458,21/04/2017,Vente,"110000,00",1.0,RUE,5950,DES MARMOUZETS,51100.0,REIMS,51,454,CX,55,2,2.0,Appartement,50.0,2.0
1753461,09/05/2017,Vente,"125200,00",26.0,RUE,7190,DE PONTGIVART,51100.0,REIMS,51,454,AY,412,2,2.0,Appartement,69.0,3.0
1753466,24/04/2017,Vente,"238400,00",4.0,RUE,7080,PLUCHE,51100.0,REIMS,51,454,BE,469,2,2.0,Appartement,76.0,4.0
1753467,13/04/2017,Vente,"36360,00",22.0,RUE,1590,DE CERNAY,51100.0,REIMS,51,454,CW,136,1,2.0,Appartement,25.0,1.0
1753472,28/04/2017,Vente en l'état futur d'achèvement,"235900,00",,RUE,5891,MARCEL THIL,51100.0,REIMS,51,454,AV,1082,1,2.0,Appartement,70.0,3.0
1753487,26/04/2017,Vente,"190000,00",54.0,RUE,5460,LESAGE,51100.0,REIMS,51,454,AY,182,1,2.0,Appartement,100.0,3.0
1753489,26/04/2017,Vente,"407000,00",63.0,RUE,5460,LESAGE,51100.0,REIMS,51,454,AW,254,0,2.0,Appartement,32.0,3.0
1753490,26/04/2017,Vente,"407000,00",63.0,RUE,5460,LESAGE,51100.0,REIMS,51,454,AW,254,0,2.0,Appartement,72.0,4.0
1753497,10/05/2017,Vente,"140000,00",22.0,RUE,1460,DES CARMES,51100.0,REIMS,51,454,CY,278,1,2.0,Appartement,55.0,2.0
1753505,24/03/2017,Vente,"216000,00",276.0,BD,7140,POMMERY,51100.0,REIMS,51,454,CI,121,2,2.0,Appartement,132.0,5.0
1753508,20/04/2017,Vente,"145700,00",14.0,RUE,3000,DOCTEUR THOMAS,51100.0,REIMS,51,454,AW,363,2,2.0,Appartement,56.0,4.0
1753513,21/04/2017,Vente,"149000,00",177.0,RUE,6830,P VAILLANT COUTURIER,51100.0,REIMS,51,454,AN,665,2,2.0,Appartement,46.0,2.0
1753536,21/04/2017,Vente,"440200,00",20.0,AV,4900,JEAN JAURES,51100.0,REIMS,51,454,CW,77,3,2.0,Appartement,177.0,5.0
1753541,27/04/2017,Vente,"184100,00",2.0,AV,3913,DU GENERAL DE GAULLE,51100.0,REIMS,51,454,HX,547,1,2.0,Appartement,88.0,4.0
1753543,09/05/2017,Vente,"372000,00",3.0,RUE,1280,BRULEE,51100.0,REIMS,51,454,IK,87,3,2.0,Appartement,124.0,4.0
1753546,10/05/2017,Vente,"117000,00",29.0,RUE,1590,DE CERNAY,51100.0,REIMS,51,454,CW,677,2,2.0,Appartement,55.0,2.0
1753551,27/04/2017,Vente,"72000,00",48.0,RUE,7710,RUINART DE BRIMONT,51100.0,REIMS,51,454,CW,156,1,2.0,Appartement,22.0,1.0
1753554,26/04/2017,Vente,"90000,00",32.0,RUE,6360,DES MURS,51100.0,REIMS,51,454,CY,67,2,2.0,Appartement,43.0,2.0
1753558,05/05/2017,Vente,"50500,00",52.0,RUE,1360,CAMILLE LENOIR,51100.0,REIMS,51,454,BH,567,1,2.0,Appartement,20.0,1.0
1753568,27/04/2017,Vente,,49.0,RUE,7025,PIERRE TAITTINGER,51100.0,REIMS,51,454,HS,213,0,2.0,Appartement,71.0,2.0
1753570,27/04/2017,Vente,,49.0,RUE,7025,PIERRE TAITTINGER,51100.0,REIMS,51,454,HS,213,0,2.0,Appartement,104.0,4.0
1753571,27/04/2017,Vente,,49.0,RUE,7025,PIERRE TAITTINGER,51100.0,REIMS,51,454,HS,213,0,2.0,Appartement,71.0,2.0
1753574,27/04/2017,Vente,,49.0,RUE,7025,PIERRE TAITTINGER,51100.0,REIMS,51,454,HS,213,0,2.0,Appartement,108.0,4.0
1753575,27/04/2017,Vente,,49.0,RUE,7025,PIERRE TAITTINGER,51100.0,REIMS,51,454,HS,213,0,2.0,Appartement,60.0,2.0
1753576,27/04/2017,Vente,,49.0,RUE,7025,PIERRE TAITTINGER,51100.0,REIMS,51,454,HS,213,0,2.0,Appartement,92.0,3.0
1753578,27/04/2017,Vente,,49.0,RUE,7025,PIERRE TAITTINGER,51100.0,REIMS,51,454,HS,213,0,2.0,Appartement,79.0,3.0
1753582,27/04/2017,Vente,,49.0,RUE,7025,PIERRE TAITTINGER,51100.0,REIMS,51,454,HS,213,0,2.0,Appartement,60.0,2.0
1753584,27/04/2017,Vente,,49.0,RUE,7025,PIERRE TAITTINGER,51100.0,REIMS,51,454,HS,213,0,2.0,Appartement,61.0,2.0
1753587,27/04/2017,Vente,,49.0,RUE,7025,PIERRE TAITTINGER,51100.0,REIMS,51,454,HS,213,0,2.0,Appartement,92.0,3.0
1753591,27/04/2017,Vente,,49.0,RUE,7025,PIERRE TAITTINGER,51100.0,REIMS,51,454,HS,213,0,2.0,Appartement,104.0,4.0
1753595,27/04/2017,Vente,,49.0,RUE,7025,PIERRE TAITTINGER,51100.0,REIMS,51,454,HS,213,0,2.0,Appartement,79.0,3.0
1753597,27/04/2017,Vente,,49.0,RUE,7025,PIERRE TAITTINGER,51100.0,REIMS,51,454,HS,213,0,2.0,Appartement,45.0,2.0
1753598,27/04/2017,Vente,,49.0,RUE,7025,PIERRE TAITTINGER,51100.0,REIMS,51,454,HS,213,0,2.0,Appartement,108.0,4.0
1753600,27/04/2017,Vente,,49.0,RUE,7025,PIERRE TAITTINGER,51100.0,REIMS,51,454,HS,213,0,2.0,Appartement,147.0,5.0
1753602,27/04/2017,Vente,,49.0,RUE,7025,PIERRE TAITTINGER,51100.0,REIMS,51,454,HS,213,0,2.0,Appartement,61.0,2.0
1753605,27/04/2017,Vente,,49.0,RUE,7025,PIERRE TAITTINGER,51100.0,REIMS,51,454,HS,213,0,2.0,Appartement,147.0,5.0
1753608,27/04/2017,Vente,,49.0,RUE,7025,PIERRE TAITTINGER,51100.0,REIMS,51,454,HS,213,0,2.0,Appartement,56.0,2.0
1753611,27/04/2017,Vente,,49.0,RUE,7025,PIERRE TAITTINGER,51100.0,REIMS,51,454,HS,213,0,2.0,Appartement,79.0,3.0
1753618,27/04/2017,Vente,,49.0,RUE,7025,PIERRE TAITTINGER,51100.0,REIMS,51,454,HS,213,0,2.0,Appartement,104.0,4.0
1753619,27/04/2017,Vente,,49.0,RUE,7025,PIERRE TAITTINGER,51100.0,REIMS,51,454,HS,213,0,2.0,Appartement,92.0,3.0
1753627,09/05/2017,Vente,"321900,00",27.0,RUE,9040,DE VESLE,51100.0,REIMS,51,454,IK,4,2,2.0,Appartement,123.0,4.0
1753629,10/05/2017,Vente,"86800,00",16.0,RUE,7015,PIERRE DE COUBERTIN,51100.0,REIMS,51,454,AE,292,1,2.0,Appartement,72.0,4.0
1753638,19/04/2017,Vente,"156000,00",2.0,RUE,4150,GOSSET,51100.0,REIMS,51,454,BD,99,1,2.0,Appartement,94.0,4.0
1753650,28/04/2017,Vente,"150000,00",12.0,RUE,0870,DE BETHENY,51100.0,REIMS,51,454,BI,819,0,2.0,Appartement,10.0,1.0
1753651,28/04/2017,Vente,"150000,00",12.0,RUE,0870,DE BETHENY,51100.0,REIMS,51,454,BI,819,0,2.0,Appartement,41.0,2.0
1753652,28/04/2017,Vente,"150000,00",12.0,RUE,0870,DE BETHENY,51100.0,REIMS,51,454,BI,819,0,2.0,Appartement,54.0,3.0
1753655,28/04/2017,Vente,"315500,00",3.0,IMP,5470,DU LEVANT,51100.0,REIMS,51,454,CX,554,2,2.0,Appartement,116.0,4.0
1753656,27/04/2017,Vente,"208550,00",5.0,RUE,1590,DE CERNAY,51100.0,REIMS,51,454,CW,76,2,2.0,Appartement,104.0,4.0
1753661,10/05/2017,Vente,"680000,00",69.0,RUE,1390,DES CAPUCINS,51100.0,REIMS,51,454,IK,594,0,2.0,Appartement,63.0,3.0
1753662,10/05/2017,Vente,"680000,00",69.0,RUE,1390,DES CAPUCINS,51100.0,REIMS,51,454,IK,594,0,2.0,Appartement,40.0,2.0
1753663,10/05/2017,Vente,"680000,00",69.0,RUE,1390,DES CAPUCINS,51100.0,REIMS,51,454,IK,594,0,2.0,Appartement,55.0,3.0
1753665,10/05/2017,Vente,"680000,00",69.0,RUE,1390,DES CAPUCINS,51100.0,REIMS,51,454,IK,594,0,2.0,Appartement,48.0,3.0
1753666,10/05/2017,Vente,"680000,00",69.0,RUE,1390,DES CAPUCINS,51100.0,REIMS,51,454,IK,594,0,2.0,Appartement,65.0,3.0
1753667,10/05/2017,Vente,"680000,00",69.0,RUE,1390,DES CAPUCINS,51100.0,REIMS,51,454,IK,594,0,2.0,Appartement,48.0,3.0
1753668,10/05/2017,Vente,"680000,00",69.0,RUE,1390,DES CAPUCINS,51100.0,REIMS,51,454,IK,594,0,2.0,Appartement,52.0,3.0
1753669,10/05/2017,Vente,"680000,00",69.0,RUE,1390,DES CAPUCINS,51100.0,REIMS,51,454,IK,594,0,2.0,Appartement,43.0,2.0
1753671,24/04/2017,Vente,"86700,00",43.0,RUE,7100,DES POISSONNIERS,51100.0,REIMS,51,454,IM,273,1,2.0,Appartement,25.0,2.0
1753673,04/05/2017,Vente,"67500,00",77.0,RUE,6420,NARCISSE BRUNETTE,51100.0,REIMS,51,454,DT,227,2,2.0,Appartement,70.0,4.0
1753674,26/04/2017,Vente,"310000,00",39.0,RUE,1310,BUIRETTE,51100.0,REIMS,51,454,IM,211,4,2.0,Appartement,111.0,4.0
1753684,27/04/2017,Vente,"92026,00",59.0,PL,3040,DROUET D ERLON,51100.0,REIMS,51,454,IM,36,1,2.0,Appartement,34.0,2.0
1753688,15/05/2017,Vente,"58000,00",29.0,RUE,2790,DEVILLE,51100.0,REIMS,51,454,AV,115,2,2.0,Appartement,39.0,2.0
1753702,02/05/2017,Vente,"275000,00",10.0,RUE,8830,DES TROIS RAISINETS,51100.0,REIMS,51,454,CX,201,2,2.0,Appartement,112.0,5.0
1753723,10/05/2017,Vente,"55000,00",73.0,RUE,7160,PONSARDIN,51100.0,REIMS,51,454,CY,627,1,2.0,Appartement,27.0,1.0
1753728,03/05/2017,Vente,"139000,00",125.0,RUE,9040,DE VESLE,51100.0,REIMS,51,454,IK,1346,1,2.0,Appartement,59.0,2.0
1753731,28/04/2017,Vente,"59400,00",67.0,RUE,8950,DE VENISE,51100.0,REIMS,51,454,CY,441,1,2.0,Appartement,32.0,1.0
1753732,24/04/2017,Vente,"83900,00",16.0,RUE,5895,MARECHAL GALLIENI,51100.0,REIMS,51,454,AH,609,1,2.0,Appartement,47.0,2.0
1753738,02/05/2017,Vente en l'état futur d'achèvement,"192900,00",,RUE,5891,MARCEL THIL,51100.0,REIMS,51,454,AV,1082,1,2.0,Appartement,46.0,2.0
1753740,26/04/2017,Vente,"1100000,00",24.0,AV,5300,DE LAON,51100.0,REIMS,51,454,AW,342,0,2.0,Appartement,86.0,4.0
1753741,26/04/2017,Vente,"1100000,00",24.0,AV,5300,DE LAON,51100.0,REIMS,51,454,AW,342,0,2.0,Appartement,86.0,4.0
1753742,26/04/2017,Vente,"1100000,00",24.0,AV,5300,DE LAON,51100.0,REIMS,51,454,AW,342,0,2.0,Appartement,82.0,4.0
1753743,26/04/2017,Vente,"1100000,00",24.0,AV,5300,DE LAON,51100.0,REIMS,51,454,AW,342,0,2.0,Appartement,55.0,3.0
1753744,26/04/2017,Vente,"1100000,00",24.0,AV,5300,DE LAON,51100.0,REIMS,51,454,AW,342,0,2.0,Appartement,30.0,2.0
1753745,26/04/2017,Vente,"1100000,00",24.0,AV,5300,DE LAON,51100.0,REIMS,51,454,AW,342,0,2.0,Appartement,58.0,3.0
1753746,26/04/2017,Vente,"1100000,00",24.0,AV,5300,DE LAON,51100.0,REIMS,51,454,AW,342,0,2.0,Appartement,78.0,3.0
1753749,26/04/2017,Vente,"1100000,00",24.0,AV,5300,DE LAON,51100.0,REIMS,51,454,AW,342,0,2.0,Appartement,179.0,8.0
1753750,26/04/2017,Vente,"1100000,00",24.0,AV,5300,DE LAON,51100.0,REIMS,51,454,AW,342,0,2.0,Appartement,90.0,4.0
1753754,26/04/2017,Vente,"1100000,00",24.0,AV,5300,DE LAON,51100.0,REIMS,51,454,AW,342,0,2.0,Appartement,82.0,4.0
1753755,10/05/2017,Vente,"221000,00",42.0,RUE,1550,CERES,51100.0,REIMS,51,454,CX,66,3,2.0,Appartement,89.0,6.0
1753765,20/04/2017,Vente,"95000,00",52.0,PL,5790,MAGNEUX,51100.0,REIMS,51,454,AR,541,1,2.0,Appartement,52.0,2.0
1753773,11/05/2017,Vente,"40000,00",60.0,RUE,2080,CLOVIS CHEZEL,51100.0,REIMS,51,454,DN,444,1,2.0,Appartement,115.0,4.0
1753775,10/05/2017,Vente en l'état futur d'achèvement,"162500,00",,RUE,5891,MARCEL THIL,51100.0,REIMS,51,454,AV,1082,1,2.0,Appartement,48.0,2.0
1753783,28/04/2017,Vente,"146500,00",3.0,RUE,2210,CDT MARIN LA MESLEE,51100.0,REIMS,51,454,CI,77,1,2.0,Appartement,41.0,1.0
1753789,03/05/2017,Vente,"145500,00",23.0,BD,6750,PASTEUR,51100.0,REIMS,51,454,CK,310,2,2.0,Appartement,93.0,6.0
1753793,05/05/2017,Vente en l'état futur d'achèvement,"120000,00",,RUE,5891,MARCEL THIL,51100.0,REIMS,51,454,AV,1082,1,2.0,Appartement,36.0,1.0
1753797,27/04/2017,Vente,"42000,00",62.0,RUE,3850,GAMBETTA,51100.0,REIMS,51,454,CY,309,1,2.0,Appartement,18.0,1.0
1753798,21/04/2017,Vente,"294000,00",19.0,RUE,1550,CERES,51100.0,REIMS,51,454,BE,106,2,2.0,Appartement,130.0,5.0
1753800,27/04/2017,Vente,"105000,00",17.0,RUE,1110,BOULARD,51100.0,REIMS,51,454,IK,1361,1,2.0,Appartement,31.0,1.0
1753801,28/04/2017,Vente,"45000,00",52.0,BD,7290,PRESIDENT WILSON,51100.0,REIMS,51,454,DP,516,1,2.0,Appartement,18.0,1.0
1753802,12/05/2017,Vente,"66500,00",189.0,RUE,0600,DU BARBATRE,51100.0,REIMS,51,454,CZ,543,1,2.0,Appartement,32.0,1.0
1753804,28/04/2017,Vente en l'état futur d'achèvement,"322500,00",65.0,RUE,6230,DU MONT D ARENE,51100.0,REIMS,51,454,AT,9,1,2.0,Appartement,84.0,4.0
1753806,02/05/2017,Vente,"50000,00",21.0,AV,4455,HENRI FARMAN,51100.0,REIMS,51,454,DH,90,1,2.0,Appartement,17.0,1.0
1753838,05/05/2017,Vente en l'état futur d'achèvement,"284000,00",,RUE,5891,MARCEL THIL,51100.0,REIMS,51,454,AV,1082,1,2.0,Appartement,76.0,3.0
1753845,04/05/2017,Vente en l'état futur d'achèvement,"250000,00",65.0,RUE,6230,DU MONT D ARENE,51100.0,REIMS,51,454,AT,9,1,2.0,Appartement,71.0,3.0
1753848,12/05/2017,Vente en l'état futur d'achèvement,"214974,00",65.0,RUE,6230,DU MONT D ARENE,51100.0,REIMS,51,454,AT,9,1,2.0,Appartement,60.0,3.0
1753849,09/05/2017,Vente en l'état futur d'achèvement,"154880,00",65.0,RUE,6230,DU MONT D ARENE,51100.0,REIMS,51,454,AT,9,1,2.0,Appartement,41.0,2.0
1753851,03/05/2017,Vente,"100000,00",269.0,RUE,2440,DE COURLANCY,51100.0,REIMS,51,454,DN,194,1,2.0,Appartement,54.0,2.0
1753853,16/05/2017,Vente,"171900,00",11.0,RUE,7150,DE LA POMPELLE,51100.0,REIMS,51,454,CL,35,1,2.0,Appartement,88.0,4.0
1753860,17/05/2017,Vente,"150500,00",39.0,RUE,4560,HINCMAR,51100.0,REIMS,51,454,IK,1267,1,2.0,Appartement,51.0,2.0
1753862,17/05/2017,Vente,"163400,00",7.0,RUE,0280,D ANJOU,51100.0,REIMS,51,454,CX,517,1,2.0,Appartement,53.0,2.0
1753865,20/04/2017,Vente,"217500,00",1.0,RUE,7060,PIPER,51100.0,REIMS,51,454,CW,12,1,2.0,Appartement,69.0,3.0
1753867,16/05/2017,Vente,"60000,00",5.0,RUE,6330,DES MOULINS,51100.0,REIMS,51,454,DM,633,2,2.0,Appartement,29.0,1.0
1753874,28/04/2017,Vente,"88000,00",27.0,RUE,1710,DE CHAMPIGNY,51100.0,REIMS,51,454,AR,302,2,2.0,Appartement,68.0,4.0
1753884,27/04/2017,Vente,,40.0,RUE,2480,DES COUTURES,51100.0,REIMS,51,454,CI,77,1,2.0,Appartement,69.0,3.0
1753887,27/04/2017,Vente,,38.0,RUE,2480,DES COUTURES,51100.0,REIMS,51,454,CI,77,1,2.0,Appartement,63.0,3.0
1753888,27/04/2017,Vente,,38.0,RUE,2480,DES COUTURES,51100.0,REIMS,51,454,CI,77,1,2.0,Appartement,67.0,3.0
1753890,27/04/2017,Vente,,51.0,BD,4550,HENRY VASNIER,51100.0,REIMS,51,454,CI,77,1,2.0,Appartement,89.0,4.0
1753892,27/04/2017,Vente,,40.0,RUE,2480,DES COUTURES,51100.0,REIMS,51,454,CI,77,1,2.0,Appartement,105.0,5.0
1753898,27/04/2017,Vente,,51.0,BD,4550,HENRY VASNIER,51100.0,REIMS,51,454,CI,77,1,2.0,Appartement,70.0,3.0
1753899,27/04/2017,Vente,,51.0,BD,4550,HENRY VASNIER,51100.0,REIMS,51,454,CI,77,1,2.0,Appartement,82.0,4.0
1753901,27/04/2017,Vente,,51.0,BD,4550,HENRY VASNIER,51100.0,REIMS,51,454,CI,77,1,2.0,Appartement,74.0,3.0
1753903,27/04/2017,Vente,,51.0,BD,4550,HENRY VASNIER,51100.0,REIMS,51,454,CI,77,1,2.0,Appartement,89.0,4.0
1753904,27/04/2017,Vente,,3.0,RUE,2210,CDT MARIN LA MESLEE,51100.0,REIMS,51,454,CI,77,1,2.0,Appartement,62.0,3.0
1753907,27/04/2017,Vente,,40.0,RUE,2480,DES COUTURES,51100.0,REIMS,51,454,CI,77,1,2.0,Appartement,69.0,3.0
1753909,27/04/2017,Vente,,51.0,BD,4550,HENRY VASNIER,51100.0,REIMS,51,454,CI,77,1,2.0,Appartement,82.0,4.0
1753910,27/04/2017,Vente,,38.0,RUE,2480,DES COUTURES,51100.0,REIMS,51,454,CI,77,1,2.0,Appartement,67.0,3.0
1753912,27/04/2017,Vente,,40.0,RUE,2480,DES COUTURES,51100.0,REIMS,51,454,CI,77,1,2.0,Appartement,69.0,3.0
1753915,27/04/2017,Vente,,51.0,BD,4550,HENRY VASNIER,51100.0,REIMS,51,454,CI,77,1,2.0,Appartement,71.0,3.0
1753916,27/04/2017,Vente,,38.0,RUE,2480,DES COUTURES,51100.0,REIMS,51,454,CI,77,1,2.0,Appartement,62.0,3.0
1753919,27/04/2017,Vente,,3.0,RUE,2210,CDT MARIN LA MESLEE,51100.0,REIMS,51,454,CI,77,1,2.0,Appartement,89.0,4.0
1753920,27/04/2017,Vente,,40.0,RUE,2480,DES COUTURES,51100.0,REIMS,51,454,CI,77,1,2.0,Appartement,105.0,5.0
1753921,27/04/2017,Vente,,51.0,BD,4550,HENRY VASNIER,51100.0,REIMS,51,454,CI,77,1,2.0,Appartement,89.0,4.0
1753922,27/04/2017,Vente,,51.0,BD,4550,HENRY VASNIER,51100.0,REIMS,51,454,CI,77,1,2.0,Appartement,89.0,4.0
1753924,27/04/2017,Vente,,3.0,RUE,7330,DE LA PROCESSION,51100.0,REIMS,51,454,CI,135,1,2.0,Appartement,58.0,3.0
1753926,27/04/2017,Vente,,5.0,RUE,7330,DE LA PROCESSION,51100.0,REIMS,51,454,CI,135,1,2.0,Appartement,60.0,3.0
1753928,27/04/2017,Vente,,3.0,RUE,7330,DE LA PROCESSION,51100.0,REIMS,51,454,CI,135,1,2.0,Appartement,65.0,3.0
1753929,27/04/2017,Vente,,5.0,RUE,7330,DE LA PROCESSION,51100.0,REIMS,51,454,CI,135,1,2.0,Appartement,69.0,3.0
1753931,27/04/2017,Vente,,3.0,RUE,7330,DE LA PROCESSION,51100.0,REIMS,51,454,CI,135,1,2.0,Appartement,69.0,3.0
1753935,27/04/2017,Vente,,5.0,RUE,7330,DE LA PROCESSION,51100.0,REIMS,51,454,CI,135,1,2.0,Appartement,60.0,3.0
1753936,27/04/2017,Vente,,4.0,RUE,1890,DU CHEMIN VERT,51100.0,REIMS,51,454,CI,135,1,2.0,Appartement,67.0,3.0
1753939,27/04/2017,Vente,,3.0,RUE,7330,DE LA PROCESSION,51100.0,REIMS,51,454,CI,135,1,2.0,Appartement,39.0,2.0
1753941,27/04/2017,Vente,,3.0,RUE,7330,DE LA PROCESSION,51100.0,REIMS,51,454,CI,135,1,2.0,Appartement,57.0,3.0
1753943,27/04/2017,Vente,,3.0,RUE,7330,DE LA PROCESSION,51100.0,REIMS,51,454,CI,135,1,2.0,Appartement,69.0,3.0
1753944,27/04/2017,Vente,,3.0,RUE,7330,DE LA PROCESSION,51100.0,REIMS,51,454,CI,135,1,2.0,Appartement,59.0,3.0
1753947,27/04/2017,Vente,,4.0,RUE,1890,DU CHEMIN VERT,51100.0,REIMS,51,454,CI,135,1,2.0,Appartement,40.0,2.0
1753948,27/04/2017,Vente,,5.0,RUE,7330,DE LA PROCESSION,51100.0,REIMS,51,454,CI,135,1,2.0,Appartement,65.0,3.0
1753949,27/04/2017,Vente,,4.0,RUE,1890,DU CHEMIN VERT,51100.0,REIMS,51,454,CI,135,1,2.0,Appartement,60.0,3.0
1753950,27/04/2017,Vente,,4.0,RUE,1890,DU CHEMIN VERT,51100.0,REIMS,51,454,CI,135,1,2.0,Appartement,39.0,2.0
1753951,27/04/2017,Vente,,3.0,RUE,7330,DE LA PROCESSION,51100.0,REIMS,51,454,CI,135,1,2.0,Appartement,65.0,3.0
1753952,27/04/2017,Vente,,4.0,RUE,1890,DU CHEMIN VERT,51100.0,REIMS,51,454,CI,135,1,2.0,Appartement,60.0,3.0
1753955,27/04/2017,Vente,,5.0,RUE,7330,DE LA PROCESSION,51100.0,REIMS,51,454,CI,135,1,2.0,Appartement,40.0,2.0
1753956,27/04/2017,Vente,,5.0,RUE,7330,DE LA PROCESSION,51100.0,REIMS,51,454,CI,135,1,2.0,Appartement,60.0,3.0
1753965,27/04/2017,Vente,,3.0,RUE,7330,DE LA PROCESSION,51100.0,REIMS,51,454,CI,135,1,2.0,Appartement,40.0,2.0
1753966,27/04/2017,Vente,,4.0,RUE,1890,DU CHEMIN VERT,51100.0,REIMS,51,454,CI,135,1,2.0,Appartement,60.0,3.0
1753968,27/04/2017,Vente,,5.0,RUE,7330,DE LA PROCESSION,51100.0,REIMS,51,454,CI,135,1,2.0,Appartement,69.0,3.0
1753971,27/04/2017,Vente,,4.0,RUE,1890,DU CHEMIN VERT,51100.0,REIMS,51,454,CI,135,1,2.0,Appartement,88.0,4.0
1753972,27/04/2017,Vente,,5.0,RUE,7330,DE LA PROCESSION,51100.0,REIMS,51,454,CI,135,1,2.0,Appartement,69.0,3.0
1753974,27/04/2017,Vente,,4.0,RUE,1890,DU CHEMIN VERT,51100.0,REIMS,51,454,CI,135,1,2.0,Appartement,40.0,2.0
1753976,27/04/2017,Vente,,5.0,RUE,7330,DE LA PROCESSION,51100.0,REIMS,51,454,CI,135,1,2.0,Appartement,40.0,2.0
1753977,27/04/2017,Vente,,1.0,RUE,0377,D ARLINGTON,51100.0,REIMS,51,454,CM,207,0,2.0,Appartement,74.0,3.0
1753978,27/04/2017,Vente,,1.0,RUE,0377,D ARLINGTON,51100.0,REIMS,51,454,CM,207,0,2.0,Appartement,59.0,2.0
1753980,27/04/2017,Vente,,1.0,RUE,0377,D ARLINGTON,51100.0,REIMS,51,454,CM,207,0,2.0,Appartement,77.0,3.0
1753987,27/04/2017,Vente,,1.0,RUE,0377,D ARLINGTON,51100.0,REIMS,51,454,CM,207,0,2.0,Appartement,100.0,4.0
1753988,27/04/2017,Vente,,1.0,RUE,0377,D ARLINGTON,51100.0,REIMS,51,454,CM,207,0,2.0,Appartement,47.0,2.0
1753990,27/04/2017,Vente,,1.0,RUE,0377,D ARLINGTON,51100.0,REIMS,51,454,CM,207,0,2.0,Appartement,44.0,2.0
1753992,27/04/2017,Vente,,1.0,RUE,0377,D ARLINGTON,51100.0,REIMS,51,454,CM,207,0,2.0,Appartement,47.0,2.0
1753994,27/04/2017,Vente,,1.0,RUE,0377,D ARLINGTON,51100.0,REIMS,51,454,CM,207,0,2.0,Appartement,74.0,3.0
1753995,27/04/2017,Vente,,1.0,RUE,0377,D ARLINGTON,51100.0,REIMS,51,454,CM,207,0,2.0,Appartement,59.0,2.0
1753997,27/04/2017,Vente,,1.0,RUE,0377,D ARLINGTON,51100.0,REIMS,51,454,CM,207,0,2.0,Appartement,117.0,5.0
1754000,27/04/2017,Vente,,1.0,RUE,0377,D ARLINGTON,51100.0,REIMS,51,454,CM,207,0,2.0,Appartement,77.0,3.0
1754003,27/04/2017,Vente,,1.0,RUE,0377,D ARLINGTON,51100.0,REIMS,51,454,CM,207,0,2.0,Appartement,77.0,3.0
1754004,27/04/2017,Vente,,1.0,RUE,0377,D ARLINGTON,51100.0,REIMS,51,454,CM,207,0,2.0,Appartement,100.0,4.0
1754007,27/04/2017,Vente,,1.0,RUE,0377,D ARLINGTON,51100.0,REIMS,51,454,CM,207,0,2.0,Appartement,59.0,2.0
1754011,27/04/2017,Vente,,1.0,RUE,0377,D ARLINGTON,51100.0,REIMS,51,454,CM,207,0,2.0,Appartement,78.0,3.0
1754015,27/04/2017,Vente,,1.0,RUE,0377,D ARLINGTON,51100.0,REIMS,51,454,CM,207,0,2.0,Appartement,93.0,4.0
1754016,27/04/2017,Vente,,1.0,RUE,0377,D ARLINGTON,51100.0,REIMS,51,454,CM,207,0,2.0,Appartement,44.0,2.0
1754017,27/04/2017,Vente,,1.0,RUE,0377,D ARLINGTON,51100.0,REIMS,51,454,CM,207,0,2.0,Appartement,59.0,2.0
1754019,27/04/2017,Vente,,1.0,RUE,0377,D ARLINGTON,51100.0,REIMS,51,454,CM,207,0,2.0,Appartement,77.0,3.0
1754021,27/04/2017,Vente,,1.0,RUE,0377,D ARLINGTON,51100.0,REIMS,51,454,CM,207,0,2.0,Appartement,77.0,3.0
1754022,27/04/2017,Vente,,1.0,RUE,0377,D ARLINGTON,51100.0,REIMS,51,454,CM,207,0,2.0,Appartement,77.0,3.0
1754028,27/04/2017,Vente,,1.0,RUE,0377,D ARLINGTON,51100.0,REIMS,51,454,CM,207,0,2.0,Appartement,78.0,3.0
1754031,27/04/2017,Vente,,1.0,RUE,0377,D ARLINGTON,51100.0,REIMS,51,454,CM,207,0,2.0,Appartement,78.0,3.0
1754033,27/04/2017,Vente,,1.0,RUE,0377,D ARLINGTON,51100.0,REIMS,51,454,CM,207,0,2.0,Appartement,59.0,2.0
1754034,27/04/2017,Vente,,1.0,RUE,0377,D ARLINGTON,51100.0,REIMS,51,454,CM,207,0,2.0,Appartement,77.0,3.0
1754035,27/04/2017,Vente,,1.0,RUE,0377,D ARLINGTON,51100.0,REIMS,51,454,CM,207,0,2.0,Appartement,47.0,2.0
1754036,27/04/2017,Vente,,1.0,RUE,0377,D ARLINGTON,51100.0,REIMS,51,454,CM,207,0,2.0,Appartement,93.0,4.0
1754037,27/04/2017,Vente,,1.0,RUE,0377,D ARLINGTON,51100.0,REIMS,51,454,CM,207,0,2.0,Appartement,78.0,3.0
1754038,27/04/2017,Vente,,1.0,RUE,0377,D ARLINGTON,51100.0,REIMS,51,454,CM,207,0,2.0,Appartement,47.0,2.0
1754039,27/04/2017,Vente,,1.0,RUE,0377,D ARLINGTON,51100.0,REIMS,51,454,CM,207,0,2.0,Appartement,59.0,2.0
1754045,27/04/2017,Vente,,1.0,RUE,0377,D ARLINGTON,51100.0,REIMS,51,454,CM,207,0,2.0,Appartement,77.0,3.0
1754046,27/04/2017,Vente,,1.0,RUE,0377,D ARLINGTON,51100.0,REIMS,51,454,CM,207,0,2.0,Appartement,119.0,5.0
1754049,27/04/2017,Vente,,1.0,RUE,0377,D ARLINGTON,51100.0,REIMS,51,454,CM,207,0,2.0,Appartement,78.0,3.0
1754050,27/04/2017,Vente,,1.0,RUE,0377,D ARLINGTON,51100.0,REIMS,51,454,CM,207,0,2.0,Appartement,78.0,3.0
1754052,03/05/2017,Vente,"410000,00",113.0,RUE,3850,GAMBETTA,51100.0,REIMS,51,454,CY,711,0,2.0,Appartement,55.0,2.0
1754055,03/05/2017,Vente,"410000,00",113.0,RUE,3850,GAMBETTA,51100.0,REIMS,51,454,CY,711,0,2.0,Appartement,59.0,2.0
1754056,03/05/2017,Vente,"410000,00",113.0,RUE,3850,GAMBETTA,51100.0,REIMS,51,454,CY,711,0,2.0,Appartement,55.0,2.0
1754057,02/05/2017,Vente,"147000,00",93.0,RUE,0600,DU BARBATRE,51100.0,REIMS,51,454,CY,733,1,2.0,Appartement,76.0,4.0
1754059,17/05/2017,Vente,"77100,00",191.0,RUE,1390,DES CAPUCINS,51100.0,REIMS,51,454,CY,369,1,2.0,Appartement,33.0,2.0
1754062,05/05/2017,Vente,"111000,00",8.0,RUE,8560,DES TELLIERS,51100.0,REIMS,51,454,IL,606,2,2.0,Appartement,18.0,1.0
1754063,28/04/2017,Vente,"102000,00",57.0,RUE,2070,CLOVIS,51100.0,REIMS,51,454,IK,396,2,2.0,Appartement,42.0,2.0
1754073,21/04/2017,Vente,"132000,00",19.0,BD,0710,DES BELGES,51100.0,REIMS,51,454,AM,89,1,2.0,Appartement,133.0,6.0
1754075,27/04/2017,Vente,,51.0,BD,4550,HENRY VASNIER,51100.0,REIMS,51,454,CI,77,1,2.0,Appartement,67.0,3.0
1754078,27/04/2017,Vente,,51.0,BD,4550,HENRY VASNIER,51100.0,REIMS,51,454,CI,77,1,2.0,Appartement,67.0,3.0
1754080,27/04/2017,Vente,,51.0,BD,4550,HENRY VASNIER,51100.0,REIMS,51,454,CI,77,1,2.0,Appartement,64.0,3.0
1754081,27/04/2017,Vente,,51.0,BD,4550,HENRY VASNIER,51100.0,REIMS,51,454,CI,77,1,2.0,Appartement,68.0,3.0
1754082,27/04/2017,Vente,,51.0,BD,4550,HENRY VASNIER,51100.0,REIMS,51,454,CI,77,1,2.0,Appartement,38.0,2.0
1754087,27/04/2017,Vente,,51.0,BD,4550,HENRY VASNIER,51100.0,REIMS,51,454,CI,77,1,2.0,Appartement,70.0,3.0
1754089,27/04/2017,Vente,,51.0,BD,4550,HENRY VASNIER,51100.0,REIMS,51,454,CI,77,1,2.0,Appartement,70.0,3.0
1754093,27/04/2017,Vente,,36.0,RUE,2480,DES COUTURES,51100.0,REIMS,51,454,CI,77,1,2.0,Appartement,90.0,4.0
1754094,27/04/2017,Vente,,51.0,BD,4550,HENRY VASNIER,51100.0,REIMS,51,454,CI,77,1,2.0,Appartement,67.0,3.0
1754095,27/04/2017,Vente,,51.0,BD,4550,HENRY VASNIER,51100.0,REIMS,51,454,CI,77,1,2.0,Appartement,87.0,4.0
1754096,27/04/2017,Vente,,51.0,BD,4550,HENRY VASNIER,51100.0,REIMS,51,454,CI,77,1,2.0,Appartement,45.0,2.0
1754098,27/04/2017,Vente,,36.0,RUE,2480,DES COUTURES,51100.0,REIMS,51,454,CI,77,1,2.0,Appartement,90.0,4.0
1754099,27/04/2017,Vente,,51.0,BD,4550,HENRY VASNIER,51100.0,REIMS,51,454,CI,77,1,2.0,Appartement,120.0,5.0
1754103,27/04/2017,Vente,,51.0,BD,4550,HENRY VASNIER,51100.0,REIMS,51,454,CI,77,1,2.0,Appartement,45.0,2.0
1754106,27/04/2017,Vente,,51.0,BD,4550,HENRY VASNIER,51100.0,REIMS,51,454,CI,77,1,2.0,Appartement,84.0,4.0
1754107,27/04/2017,Vente,,51.0,BD,4550,HENRY VASNIER,51100.0,REIMS,51,454,CI,77,1,2.0,Appartement,68.0,3.0
1754108,27/04/2017,Vente,,51.0,BD,4550,HENRY VASNIER,51100.0,REIMS,51,454,CI,77,1,2.0,Appartement,70.0,3.0
1754109,27/04/2017,Vente,,51.0,BD,4550,HENRY VASNIER,51100.0,REIMS,51,454,CI,77,1,2.0,Appartement,45.0,2.0
1754110,27/04/2017,Vente,,51.0,BD,4550,HENRY VASNIER,51100.0,REIMS,51,454,CI,77,1,2.0,Appartement,76.0,3.0
1754111,27/04/2017,Vente,,51.0,BD,4550,HENRY VASNIER,51100.0,REIMS,51,454,CI,77,1,2.0,Appartement,87.0,4.0
1754112,27/04/2017,Vente,,51.0,BD,4550,HENRY VASNIER,51100.0,REIMS,51,454,CI,77,1,2.0,Appartement,68.0,3.0
1754114,27/04/2017,Vente,,51.0,BD,4550,HENRY VASNIER,51100.0,REIMS,51,454,CI,77,1,2.0,Appartement,47.0,2.0
1754115,27/04/2017,Vente,,51.0,BD,4550,HENRY VASNIER,51100.0,REIMS,51,454,CI,77,1,2.0,Appartement,68.0,3.0
1754116,27/04/2017,Vente,,51.0,BD,4550,HENRY VASNIER,51100.0,REIMS,51,454,CI,77,1,2.0,Appartement,65.0,3.0
1754117,27/04/2017,Vente,,51.0,BD,4550,HENRY VASNIER,51100.0,REIMS,51,454,CI,77,1,2.0,Appartement,87.0,4.0
1754118,27/04/2017,Vente,,51.0,BD,4550,HENRY VASNIER,51100.0,REIMS,51,454,CI,77,1,2.0,Appartement,66.0,3.0
1754119,27/04/2017,Vente,,36.0,RUE,2480,DES COUTURES,51100.0,REIMS,51,454,CI,77,1,2.0,Appartement,90.0,4.0
1754122,27/04/2017,Vente,,51.0,BD,4550,HENRY VASNIER,51100.0,REIMS,51,454,CI,77,1,2.0,Appartement,44.0,2.0
1754123,27/04/2017,Vente,,51.0,BD,4550,HENRY VASNIER,51100.0,REIMS,51,454,CI,77,1,2.0,Appartement,39.0,2.0
1754124,27/04/2017,Vente,,51.0,BD,4550,HENRY VASNIER,51100.0,REIMS,51,454,CI,77,1,2.0,Appartement,45.0,2.0
1754125,27/04/2017,Vente,,51.0,BD,4550,HENRY VASNIER,51100.0,REIMS,51,454,CI,77,2,2.0,Appartement,39.0,2.0
1754126,27/04/2017,Vente,,51.0,BD,4550,HENRY VASNIER,51100.0,REIMS,51,454,CI,77,1,2.0,Appartement,67.0,3.0
1754127,27/04/2017,Vente,,51.0,BD,4550,HENRY VASNIER,51100.0,REIMS,51,454,CI,77,1,2.0,Appartement,45.0,2.0
1754139,27/04/2017,Vente,,51.0,BD,4550,HENRY VASNIER,51100.0,REIMS,51,454,CI,77,1,2.0,Appartement,45.0,2.0
1754141,27/04/2017,Vente,,51.0,BD,4550,HENRY VASNIER,51100.0,REIMS,51,454,CI,77,1,2.0,Appartement,70.0,3.0
1754143,27/04/2017,Vente,,51.0,BD,4550,HENRY VASNIER,51100.0,REIMS,51,454,CI,77,1,2.0,Appartement,67.0,3.0
1754146,27/04/2017,Vente,,51.0,BD,4550,HENRY VASNIER,51100.0,REIMS,51,454,CI,77,1,2.0,Appartement,70.0,3.0
1754149,27/04/2017,Vente,,51.0,BD,4550,HENRY VASNIER,51100.0,REIMS,51,454,CI,77,1,2.0,Appartement,45.0,2.0
1754154,27/04/2017,Vente,,51.0,BD,4550,HENRY VASNIER,51100.0,REIMS,51,454,CI,77,1,2.0,Appartement,67.0,3.0
1754155,27/04/2017,Vente,,36.0,RUE,2480,DES COUTURES,51100.0,REIMS,51,454,CI,77,1,2.0,Appartement,87.0,4.0
1754156,27/04/2017,Vente,,36.0,RUE,2480,DES COUTURES,51100.0,REIMS,51,454,CI,77,1,2.0,Appartement,90.0,4.0
1754157,27/04/2017,Vente,,51.0,BD,4550,HENRY VASNIER,51100.0,REIMS,51,454,CI,77,1,2.0,Appartement,67.0,3.0
1754159,27/04/2017,Vente,,51.0,BD,4550,HENRY VASNIER,51100.0,REIMS,51,454,CI,77,1,2.0,Appartement,70.0,2.0
1754161,27/04/2017,Vente,,51.0,BD,4550,HENRY VASNIER,51100.0,REIMS,51,454,CI,77,1,2.0,Appartement,45.0,2.0
1754163,27/04/2017,Vente,,51.0,BD,4550,HENRY VASNIER,51100.0,REIMS,51,454,CI,77,1,2.0,Appartement,67.0,3.0
1754171,05/05/2017,Vente,"156000,00",32.0,PL,3040,DROUET D ERLON,51100.0,REIMS,51,454,IL,207,2,2.0,Appartement,67.0,3.0
1754174,03/05/2017,Vente en l'état futur d'achèvement,"250000,00",249.0,RUE,2440,DE COURLANCY,51100.0,REIMS,51,454,DN,216,1,2.0,Appartement,77.0,3.0
1754180,18/05/2017,Vente,"89300,00",5.0,RUE,0108,ALFRED DE VIGNY,51100.0,REIMS,51,454,AD,831,2,2.0,Appartement,65.0,3.0
1754181,17/05/2017,Vente,"109200,00",1.0,AV,8030,ST POL,51100.0,REIMS,51,454,DM,332,2,2.0,Appartement,59.0,3.0
1754183,15/05/2017,Vente,"124000,00",45.0,AV,8030,ST POL,51100.0,REIMS,51,454,DM,629,2,2.0,Appartement,89.0,4.0
1754187,16/05/2017,Vente,"113500,00",3.0,RUE,7070,DU PISTOLET,51100.0,REIMS,51,454,DM,632,2,2.0,Appartement,54.0,2.0
1754207,26/04/2017,Vente en l'état futur d'achèvement,"145000,00",13.0,ALL,5425,LEON MICHAUD,51100.0,REIMS,51,454,CL,6,1,2.0,Appartement,48.0,2.0
1754217,25/04/2017,Vente,"113000,00",60.0,RUE,7790,DE ST BRICE,51100.0,REIMS,51,454,AT,1,3,2.0,Appartement,46.0,3.0
1754220,28/04/2017,Vente,"83000,00",2.0,RUE,1550,CERES,51100.0,REIMS,51,454,CX,39,1,2.0,Appartement,21.0,1.0
1754223,28/04/2017,Vente,"65100,00",140.0,BD,2650,DAUPHINOT,51100.0,REIMS,51,454,CV,1049,2,2.0,Appartement,71.0,3.0
1754224,18/05/2017,Vente,"301500,00",9.0,RUE,4560,HINCMAR,51100.0,REIMS,51,454,IK,80,2,2.0,Appartement,116.0,4.0
1754225,27/04/2017,Vente,"150000,00",2.0,RUE,4150,GOSSET,51100.0,REIMS,51,454,BD,99,1,2.0,Appartement,101.0,4.0
1754232,17/05/2017,Vente,"65000,00",3.0,CHS,7970,SAINT MARTIN,51100.0,REIMS,51,454,DN,587,1,2.0,Appartement,43.0,2.0
1754236,17/05/2017,Vente,"120000,00",29.0,AV,3913,DU GENERAL DE GAULLE,51100.0,REIMS,51,454,HY,3,1,2.0,Appartement,80.0,3.0
1754239,18/05/2017,Vente,"125000,00",15.0,RUE,8890,DE L UNION FONCIERE,51100.0,REIMS,51,454,HX,220,2,2.0,Appartement,63.0,3.0
1754241,03/05/2017,Vente,"46870,00",6.0,RUE,8930,VAUTHIER LE NOIR,51100.0,REIMS,51,454,CX,317,1,2.0,Appartement,16.0,1.0
1754248,13/05/2017,Vente,"66000,00",26.0,RUE,6270,MONTOISON,51100.0,REIMS,51,454,CX,440,2,2.0,Appartement,39.0,2.0
1754255,27/04/2017,Vente,"141000,00",25.0,RUE,4070,GERUZEZ,51100.0,REIMS,51,454,AR,301,2,2.0,Appartement,92.0,5.0
1754256,26/04/2017,Vente,"52500,00",21.0,AV,4455,HENRI FARMAN,51100.0,REIMS,51,454,DH,90,1,2.0,Appartement,17.0,1.0
1754349,22/05/2017,Vente,"56700,00",82.0,RUE,6330,DES MOULINS,51100.0,REIMS,51,454,CY,617,2,2.0,Appartement,28.0,1.0
1754358,15/05/2017,Vente,"123000,00",27.0,AV,4010,GEORGES CLEMENCEAU,51100.0,REIMS,51,454,CL,560,2,2.0,Appartement,80.0,4.0
1754359,16/05/2017,Vente,"85055,00",140.0,BD,2650,DAUPHINOT,51100.0,REIMS,51,454,CV,1049,2,2.0,Appartement,50.0,2.0
1754365,03/05/2017,Vente en l'état futur d'achèvement,"122000,00",13.0,ALL,5425,LEON MICHAUD,51100.0,REIMS,51,454,CL,6,1,2.0,Appartement,45.0,2.0
1754368,05/05/2017,Vente,"95000,00",50.0,RUE,5160,DE LA JUSTICE,51100.0,REIMS,51,454,BD,99,1,2.0,Appartement,58.0,2.0
1754370,05/05/2017,Vente,"195000,00",3.0,RUE,2070,CLOVIS,51100.0,REIMS,51,454,IK,906,4,2.0,Appartement,94.0,3.0
1754382,28/04/2017,Vente,"100000,00",8.0,RUE,5880,DU MARC,51100.0,REIMS,51,454,BE,525,1,2.0,Appartement,20.0,1.0
1754383,28/04/2017,Vente,"100000,00",8.0,RUE,5880,DU MARC,51100.0,REIMS,51,454,BE,525,1,2.0,Appartement,97.0,1.0
1754397,27/04/2017,Vente,"270000,00",43.0,RUE,4880,JEAN DE LA FONTAINE,51100.0,REIMS,51,454,CV,429,0,2.0,Appartement,49.0,3.0
1754398,27/04/2017,Vente,"270000,00",43.0,RUE,4880,JEAN DE LA FONTAINE,51100.0,REIMS,51,454,CV,429,0,2.0,Appartement,18.0,1.0
1754399,27/04/2017,Vente,"270000,00",43.0,RUE,4880,JEAN DE LA FONTAINE,51100.0,REIMS,51,454,CV,429,0,2.0,Appartement,49.0,3.0
1754400,27/04/2017,Vente,"270000,00",43.0,RUE,4880,JEAN DE LA FONTAINE,51100.0,REIMS,51,454,CV,429,0,2.0,Appartement,47.0,3.0
1754401,27/04/2017,Vente,"270000,00",43.0,RUE,4880,JEAN DE LA FONTAINE,51100.0,REIMS,51,454,CV,429,0,2.0,Appartement,28.0,1.0
1754403,16/05/2017,Vente,"111100,00",18.0,RUE,7340,DU PROGRES,51100.0,REIMS,51,454,AO,335,1,2.0,Appartement,63.0,3.0
1754405,16/05/2017,Vente,"68000,00",61.0,RUE,6230,DU MONT D ARENE,51100.0,REIMS,51,454,AT,15,2,2.0,Appartement,35.0,2.0
1754406,16/05/2017,Vente,"95580,00",13.0,RUE,5400,LEON FAUCHER,51100.0,REIMS,51,454,BC,129,2,2.0,Appartement,44.0,2.0
1754407,17/05/2017,Vente,"113000,00",40.0,RUE,0100,ALEXANDRE HENROT,51100.0,REIMS,51,454,AO,849,2,2.0,Appartement,63.0,3.0
1754408,12/05/2017,Vente,"42000,00",58.0,BD,7550,ROBESPIERRE,51100.0,REIMS,51,454,AY,341,1,2.0,Appartement,27.0,1.0
1754410,12/05/2017,Vente,"98000,00",45.0,RUE,4100,DES GOBELINS,51100.0,REIMS,51,454,CT,411,2,2.0,Appartement,47.0,3.0
1754413,12/05/2017,Vente,"73000,00",161.0,RUE,1590,DE CERNAY,51100.0,REIMS,51,454,CV,1215,2,2.0,Appartement,38.0,2.0
1754417,15/05/2017,Vente,"54000,00",16.0,RUE,5460,LESAGE,51100.0,REIMS,51,454,AW,242,2,2.0,Appartement,29.0,2.0
1754420,10/05/2017,Vente en l'état futur d'achèvement,"165000,00",,RUE,5891,MARCEL THIL,51100.0,REIMS,51,454,AV,1082,1,2.0,Appartement,48.0,2.0
1754422,09/05/2017,Vente,"78000,00",55.0,RUE,3000,DOCTEUR THOMAS,51100.0,REIMS,51,454,AW,214,2,2.0,Appartement,45.0,1.0
1754426,18/05/2017,Vente,"128000,00",2.0,AV,3913,DU GENERAL DE GAULLE,51100.0,REIMS,51,454,HX,547,1,2.0,Appartement,66.0,3.0
1754429,22/05/2017,Vente,"49850,00",66.0,RUE,1670,DU CHAMP DE MARS,51100.0,REIMS,51,454,BI,590,1,2.0,Appartement,15.0,1.0
1754431,11/05/2017,Vente,"250000,00",72.0,RUE,7160,PONSARDIN,51100.0,REIMS,51,454,CX,554,1,2.0,Appartement,45.0,2.0
1754433,18/05/2017,Vente,"155000,00",143.0,RUE,2440,DE COURLANCY,51100.0,REIMS,51,454,HY,38,1,2.0,Appartement,76.0,3.0
1754434,15/05/2017,Vente,"603000,00",47.0,RUE,3000,DOCTEUR THOMAS,51100.0,REIMS,51,454,AW,212,0,2.0,Appartement,41.0,2.0
1754435,15/05/2017,Vente,"603000,00",47.0,RUE,3000,DOCTEUR THOMAS,51100.0,REIMS,51,454,AW,212,0,2.0,Appartement,41.0,2.0
1754436,15/05/2017,Vente,"603000,00",47.0,RUE,3000,DOCTEUR THOMAS,51100.0,REIMS,51,454,AW,212,0,2.0,Appartement,61.0,3.0
1754437,15/05/2017,Vente,"603000,00",47.0,RUE,3000,DOCTEUR THOMAS,51100.0,REIMS,51,454,AW,212,0,2.0,Appartement,38.0,2.0
1754438,15/05/2017,Vente,"603000,00",47.0,RUE,3000,DOCTEUR THOMAS,51100.0,REIMS,51,454,AW,212,0,2.0,Appartement,59.0,3.0
1754439,15/05/2017,Vente,"603000,00",47.0,RUE,3000,DOCTEUR THOMAS,51100.0,REIMS,51,454,AW,212,0,2.0,Appartement,68.0,3.0
1754440,15/05/2017,Vente,"603000,00",47.0,RUE,3000,DOCTEUR THOMAS,51100.0,REIMS,51,454,AW,212,0,2.0,Appartement,34.0,2.0
1754447,15/05/2017,Vente en l'état futur d'achèvement,"184500,00",,RUE,5891,MARCEL THIL,51100.0,REIMS,51,454,AV,1082,1,2.0,Appartement,49.0,2.0
1754451,17/05/2017,Vente en l'état futur d'achèvement,"167500,00",,RUE,5891,MARCEL THIL,51100.0,REIMS,51,454,AV,1082,1,2.0,Appartement,48.0,2.0
1754455,05/05/2017,Vente,"180000,00",2.0,RUE,1550,CERES,51100.0,REIMS,51,454,CX,39,1,2.0,Appartement,47.0,2.0
1754458,04/05/2017,Vente,"132000,00",51.0,RUE,7710,RUINART DE BRIMONT,51100.0,REIMS,51,454,CW,422,3,2.0,Appartement,79.0,3.0
1754463,17/05/2017,Vente,"120000,00",113.0,RUE,9040,DE VESLE,51100.0,REIMS,51,454,IK,1347,1,2.0,Appartement,63.0,2.0
1754474,05/05/2017,Vente,"350000,00",17.0,PL,7990,ST NICAISE,51100.0,REIMS,51,454,CZ,33,1,2.0,Appartement,99.0,5.0
1754475,05/05/2017,Vente,"350000,00",17.0,PL,7990,ST NICAISE,51100.0,REIMS,51,454,CZ,33,1,2.0,Appartement,57.0,3.0
1754476,05/05/2017,Vente,"350000,00",17.0,PL,7990,ST NICAISE,51100.0,REIMS,51,454,CZ,33,1,2.0,Appartement,60.0,3.0
1754492,18/05/2017,Vente,"155000,00",171.0,RUE,0600,DU BARBATRE,51100.0,REIMS,51,454,CZ,408,3,2.0,Appartement,72.0,3.0
1754493,20/05/2017,Vente,"122400,00",179.0,AV,5300,DE LAON,51100.0,REIMS,51,454,AV,819,1,2.0,Appartement,20.0,1.0
1754494,20/05/2017,Vente,"122400,00",179.0,AV,5300,DE LAON,51100.0,REIMS,51,454,AV,819,1,2.0,Appartement,22.0,2.0
1754495,20/05/2017,Vente,"185400,00",179.0,AV,5300,DE LAON,51100.0,REIMS,51,454,AV,819,1,2.0,Appartement,18.0,1.0
1754497,20/05/2017,Vente,"185400,00",179.0,AV,5300,DE LAON,51100.0,REIMS,51,454,AV,819,1,2.0,Appartement,24.0,2.0
1754498,22/05/2017,Vente,"60000,00",3.0,AV,4010,GEORGES CLEMENCEAU,51100.0,REIMS,51,454,CK,29,2,2.0,Appartement,60.0,3.0
1754503,20/05/2017,Vente,"87000,00",16.0,BD,5570,LOUIS BARTHOU,51100.0,REIMS,51,454,DT,671,2,2.0,Appartement,56.0,3.0
1754507,23/05/2017,Vente,"394000,00",15.0,RUE,3650,FOLLE PEINE,51100.0,REIMS,51,454,CY,425,1,2.0,Appartement,109.0,4.0
1754509,23/05/2017,Vente,"132900,00",15.0,RUE,0264,ANDRE CAURAS,51100.0,REIMS,51,454,AN,169,1,2.0,Appartement,81.0,4.0
1754514,18/05/2017,Vente en l'état futur d'achèvement,"170400,00",65.0,RUE,6230,DU MONT D ARENE,51100.0,REIMS,51,454,AT,9,1,2.0,Appartement,41.0,2.0
1754517,23/05/2017,Vente,"117900,00",2.0,RUE,0815,BERGSON,51100.0,REIMS,51,454,HV,978,2,2.0,Appartement,76.0,4.0
1754524,09/05/2017,Vente,"193000,00",8.0,RUE,7980,ST MAURICE,51100.0,REIMS,51,454,CZ,381,2,2.0,Appartement,80.0,3.0
1754527,18/05/2017,Vente,"59000,00",161.0,RUE,1590,DE CERNAY,51100.0,REIMS,51,454,CV,1215,2,2.0,Appartement,32.0,2.0
1754528,24/05/2017,Vente,"80000,00",161.0,RUE,1590,DE CERNAY,51100.0,REIMS,51,454,CV,1215,1,2.0,Appartement,32.0,2.0
1754529,24/05/2017,Vente,"80000,00",161.0,RUE,1590,DE CERNAY,51100.0,REIMS,51,454,CV,1215,2,2.0,Appartement,17.0,1.0
1754530,09/05/2017,Vente,"219000,00",2.0,RUE,4730,DES JACOBINS,51100.0,REIMS,51,454,IK,95,1,2.0,Appartement,106.0,3.0
1754543,11/05/2017,Vente,"68000,00",14.0,BD,2830,DIEU LUMIERE,51100.0,REIMS,51,454,DK,269,2,2.0,Appartement,33.0,1.0
1754544,04/05/2017,Vente,"140000,00",8.0,RUE,5880,DU MARC,51100.0,REIMS,51,454,BE,525,1,2.0,Appartement,120.0,5.0
1754547,01/03/2017,Vente,"109000,00",8.0,AV,3455,DE L EUROPE,51100.0,REIMS,51,454,CM,118,2,2.0,Appartement,76.0,3.0
1754549,10/05/2017,Vente en l'état futur d'achèvement,"300000,00",25.0,RUE,4190,DU GRAND CERF,51100.0,REIMS,51,454,CZ,317,2,2.0,Appartement,74.0,3.0
1754552,19/05/2017,Vente,"73000,00",28.0,RUE,7980,ST MAURICE,51100.0,REIMS,51,454,CZ,370,3,2.0,Appartement,45.0,2.0
1754565,09/05/2017,Vente en l'état futur d'achèvement,"150000,00",13.0,ALL,5425,LEON MICHAUD,51100.0,REIMS,51,454,CL,6,1,2.0,Appartement,53.0,3.0
1754567,12/05/2017,Vente,"106500,00",4.0,ALL,3045,DU BELLAY,51100.0,REIMS,51,454,DK,184,1,2.0,Appartement,78.0,4.0
1754582,02/05/2017,Vente,"83500,00",87.0,RUE,3000,DOCTEUR THOMAS,51100.0,REIMS,51,454,AW,233,1,2.0,Appartement,55.0,2.0
1754583,30/05/2017,Vente,"225000,00",3.0,RUE,4620,HOUZEAU MUIRON,51100.0,REIMS,51,454,CW,554,8,2.0,Appartement,100.0,5.0
1754590,03/05/2017,Vente,"76000,00",93.0,RUE,3850,GAMBETTA,51100.0,REIMS,51,454,CY,629,1,2.0,Appartement,35.0,2.0
1754603,09/05/2017,Vente,"82000,00",12.0,AV,3455,DE L EUROPE,51100.0,REIMS,51,454,CN,577,2,2.0,Appartement,56.0,2.0
1754607,30/05/2017,Vente,"105000,00",133.0,RUE,2440,DE COURLANCY,51100.0,REIMS,51,454,HY,161,2,2.0,Appartement,59.0,2.0
1754631,17/05/2017,Vente,"69500,00",55.0,RUE,3000,DOCTEUR THOMAS,51100.0,REIMS,51,454,AW,214,2,2.0,Appartement,45.0,1.0
1754632,15/05/2017,Vente,"350000,00",47.0,BD,0710,DES BELGES,51100.0,REIMS,51,454,AM,631,0,2.0,Appartement,52.0,3.0
1754633,15/05/2017,Vente,"350000,00",47.0,BD,0710,DES BELGES,51100.0,REIMS,51,454,AM,631,0,2.0,Appartement,67.0,4.0
1754634,12/05/2017,Vente,"39250,00",27.0,RUE,3770,FRANCOIS DOR,51100.0,REIMS,51,454,HW,390,1,2.0,Appartement,20.0,1.0
1754635,16/05/2017,Vente,"114000,00",25.0,RUE,4070,GERUZEZ,51100.0,REIMS,51,454,AR,301,2,2.0,Appartement,79.0,4.0
1754642,17/05/2017,Vente,"126500,00",25.0,RUE,3770,FRANCOIS DOR,51100.0,REIMS,51,454,HX,390,2,2.0,Appartement,74.0,4.0
1754644,18/05/2017,Vente,"165000,00",16.0,RUE,4035,GERARD PHILIPE,51100.0,REIMS,51,454,CI,67,2,2.0,Appartement,71.0,3.0
1754647,26/05/2017,Vente,"24000,00",9.0,RUE,7010,PIERRE BROSSOLETTE,51100.0,REIMS,51,454,AR,220,1,2.0,Appartement,9.0,1.0
1754650,30/05/2017,Vente,"77515,00",3.0,RUE,5785,MAGELLAN,51100.0,REIMS,51,454,EV,589,2,2.0,Appartement,42.0,2.0
1754651,29/05/2017,Vente,"42000,00",1.0,RUE,6470,DE NEUFCHATEL,51100.0,REIMS,51,454,AX,104,1,2.0,Appartement,18.0,1.0
1754652,31/05/2017,Vente,"170000,00",16.0,RUE,8430,DE STRASBOURG,51100.0,REIMS,51,454,CV,946,0,2.0,Appartement,36.0,2.0
1754653,31/05/2017,Vente,"170000,00",16.0,RUE,8430,DE STRASBOURG,51100.0,REIMS,51,454,CV,946,0,2.0,Appartement,35.0,2.0
1754659,30/05/2017,Vente,"92500,00",5.0,BD,7550,ROBESPIERRE,51100.0,REIMS,51,454,AY,371,2,2.0,Appartement,52.0,2.0
1754665,12/05/2017,Vente,"49000,00",30.0,BD,4550,HENRY VASNIER,51100.0,REIMS,51,454,CZ,546,1,2.0,Appartement,22.0,1.0
1754672,30/05/2017,Vente,"54000,00",116.0,RUE,7160,PONSARDIN,51100.0,REIMS,51,454,CY,131,2,2.0,Appartement,31.0,2.0
1754679,22/05/2017,Vente en l'état futur d'achèvement,"252000,00",,RUE,0910,DE BEZANNES,51100.0,REIMS,51,454,HW,135,1,2.0,Appartement,72.0,3.0
1754682,11/05/2017,Vente,"160000,00",50.0,RUE,6830,P VAILLANT COUTURIER,51100.0,REIMS,51,454,AV,775,1,2.0,Appartement,74.0,3.0
1754689,04/05/2017,Vente,"175600,00",37.0,RUE,6470,DE NEUFCHATEL,51100.0,REIMS,51,454,AX,804,2,2.0,Appartement,134.0,5.0
1754692,15/05/2017,Vente,"200400,00",42.0,RUE,2430,DE COURCELLES,51100.0,REIMS,51,454,AR,315,2,2.0,Appartement,89.0,3.0
1754698,01/06/2017,Vente,"116000,00",19.0,RUE,6720,DE PARGNY,51100.0,REIMS,51,454,HX,401,2,2.0,Appartement,68.0,4.0
1754699,05/05/2017,Vente,"75000,00",19.0,RUE,4650,HUGUES KRAFFT,51100.0,REIMS,51,454,AM,570,2,2.0,Appartement,69.0,4.0
1754700,31/05/2017,Vente,"58000,00",4.0,RUE,2290,COQUEBERT,51100.0,REIMS,51,454,BH,418,1,2.0,Appartement,21.0,1.0
1754710,31/05/2017,Vente,"65010,00",2.0,RUE,2570,CROUTELLE,51100.0,REIMS,51,454,AV,129,1,2.0,Appartement,40.0,1.0
1754716,26/05/2017,Vente,"47300,00",161.0,RUE,1590,DE CERNAY,51100.0,REIMS,51,454,CV,1215,1,2.0,Appartement,17.0,1.0
1754718,12/05/2017,Vente,"124000,00",2.0,RUE,4150,GOSSET,51100.0,REIMS,51,454,BD,99,1,2.0,Appartement,71.0,3.0
1754733,31/05/2017,Vente,"72000,00",15.0,RUE,7017,PIERRE LAPLACE,51100.0,REIMS,51,454,AE,285,1,2.0,Appartement,74.0,4.0
1754739,29/05/2017,Vente,"4000,00",30.0,RUE,1110,BOULARD,51100.0,REIMS,51,454,IK,610,1,2.0,Appartement,57.0,2.0
1754741,29/05/2017,Vente,"79000,00",44.0,RUE,5270,LANDOUZY,51100.0,REIMS,51,454,AW,152,2,2.0,Appartement,38.0,2.0
1754743,15/05/2017,Vente en l'état futur d'achèvement,"129000,00",13.0,ALL,5425,LEON MICHAUD,51100.0,REIMS,51,454,CL,6,1,2.0,Appartement,44.0,2.0
1754747,06/06/2017,Vente,"100000,00",67.0,RUE,8950,DE VENISE,51100.0,REIMS,51,454,CY,441,2,2.0,Appartement,63.0,3.0
1754750,02/06/2017,Vente,"68100,00",5.0,RUE,8670,DE TINQUEUX,51100.0,REIMS,51,454,IO,372,1,2.0,Appartement,29.0,1.0
1754755,02/05/2017,Vente,"55000,00",29.0,RUE,9090,VICTOR ROGELET,51100.0,REIMS,51,454,AW,168,2,2.0,Appartement,38.0,2.0
1754757,30/05/2017,Vente en l'état futur d'achèvement,"409000,00",249.0,RUE,2440,DE COURLANCY,51100.0,REIMS,51,454,DN,216,1,2.0,Appartement,109.0,4.0
1754818,17/05/2017,Vente,"29000,00",34.0,RUE,6230,DU MONT D ARENE,51100.0,REIMS,51,454,AV,370,1,2.0,Appartement,15.0,1.0
1754827,22/05/2017,Vente,"137600,00",19.0,RUE,2760,DESBUREAUX,51100.0,REIMS,51,454,AL,419,2,2.0,Appartement,103.0,5.0
1754829,23/05/2017,Vente,"81000,00",112.0,RUE,6230,DU MONT D ARENE,51100.0,REIMS,51,454,AR,352,2,2.0,Appartement,39.0,2.0
1754830,16/05/2017,Vente,"75000,00",8.0,RUE,8320,DE SILLERY,51100.0,REIMS,51,454,CI,146,1,2.0,Appartement,53.0,2.0
1754832,24/05/2017,Vente,"169000,00",106.0,RUE,0600,DU BARBATRE,51100.0,REIMS,51,454,CY,269,2,2.0,Appartement,67.0,3.0
1754835,31/05/2017,Vente,"69500,00",2.0,RUE,2570,CROUTELLE,51100.0,REIMS,51,454,AV,129,1,2.0,Appartement,41.0,2.0
1754836,24/05/2017,Vente en l'état futur d'achèvement,"107474,00",,RUE,5891,MARCEL THIL,51100.0,REIMS,51,454,AV,1082,1,2.0,Appartement,26.0,1.0
1754838,24/05/2017,Vente,"319650,00",14.0,RUE,7240,DE POUILLY,51100.0,REIMS,51,454,IL,62,1,2.0,Appartement,112.0,5.0
1754855,02/06/2017,Vente,"185000,00",28.0,RUE,5780,DE LA MAGDELEINE,51100.0,REIMS,51,454,IM,294,2,2.0,Appartement,76.0,4.0
1754862,23/05/2017,Vente,"118000,00",35.0,RUE,2070,CLOVIS,51100.0,REIMS,51,454,IK,623,1,2.0,Appartement,41.0,1.0
1754870,18/05/2017,Vente,"35000,00",63.0,RUE,8640,DE THILLOIS,51100.0,REIMS,51,454,IM,170,1,2.0,Appartement,10.0,1.0
1754882,12/05/2017,Vente,"154000,00",43.0,RUE,1620,CHABAUD,51100.0,REIMS,51,454,IK,714,1,2.0,Appartement,97.0,3.0
1754890,23/05/2017,Vente,"75000,00",13.0,RUE,1190,DE BRAZZAVILLE,51100.0,REIMS,51,454,CM,105,1,2.0,Appartement,70.0,3.0
1754891,23/05/2017,Vente,"75000,00",13.0,RUE,1190,DE BRAZZAVILLE,51100.0,REIMS,51,454,CM,105,1,2.0,Appartement,70.0,3.0
1754896,18/05/2017,Vente,"80100,00",43.0,RUE,3430,EUGENE DESTEUQUE,51100.0,REIMS,51,454,CX,71,1,2.0,Appartement,26.0,2.0
1754898,23/05/2017,Vente,"53500,00",68.0,RUE,3500,FAVART D HERBIGNY,51100.0,REIMS,51,454,CV,887,1,2.0,Appartement,28.0,1.0
1754901,18/05/2017,Vente,"205000,00",3.0,RUE,8290,16E ET 22E DRAGONS,51100.0,REIMS,51,454,CK,17,2,2.0,Appartement,105.0,4.0
1754902,23/05/2017,Vente,"251300,00",3.0,RUE,1310,BUIRETTE,51100.0,REIMS,51,454,IM,84,2,2.0,Appartement,137.0,5.0
1754905,11/05/2017,Vente,"43500,00",32.0,RUE,7610,DES ROMAINS,51100.0,REIMS,51,454,AT,29,1,2.0,Appartement,17.0,1.0
1754910,22/05/2017,Vente,"50000,00",7.0,RUE,2975,DR LUCIEN BETTINGER,51100.0,REIMS,51,454,AE,283,2,2.0,Appartement,70.0,4.0
1754913,17/05/2017,Vente,"230000,00",2.0,RUE,1310,BUIRETTE,51100.0,REIMS,51,454,IM,48,1,2.0,Appartement,37.0,2.0
1754914,17/05/2017,Vente,"230000,00",2.0,RUE,1310,BUIRETTE,51100.0,REIMS,51,454,IM,48,1,2.0,Appartement,38.0,2.0
1754916,30/05/2017,Vente,"130000,00",3.0,BD,2830,DIEU LUMIERE,51100.0,REIMS,51,454,DM,638,2,2.0,Appartement,68.0,3.0
1754921,22/05/2017,Vente,"168000,00",49.0,RUE,5340,LECOINTRE,51100.0,REIMS,51,454,AV,684,2,2.0,Appartement,78.0,3.0
1754923,24/05/2017,Vente,"73000,00",6.0,RUE,6760,PAUL ADAM,51100.0,REIMS,51,454,IK,228,2,2.0,Appartement,32.0,2.0
1754925,17/05/2017,Vente,"81200,00",55.0,RUE,7580,ROGER SALENGRO,51100.0,REIMS,51,454,AX,725,1,2.0,Appartement,74.0,4.0
1754933,02/06/2017,Vente,"315000,00",21.0,PL,1770,DU CHAPITRE,51100.0,REIMS,51,454,CX,31,3,2.0,Appartement,138.0,5.0
1754936,24/05/2017,Vente,"172000,00",61.0,BD,1510,CARTERET,51100.0,REIMS,51,454,CW,633,2,2.0,Appartement,105.0,4.0
1754940,24/05/2017,Vente,"69940,00",23.0,BD,6690,DE LA PAIX,51100.0,REIMS,51,454,CK,128,2,2.0,Appartement,26.0,1.0
1754947,22/05/2017,Vente,"104500,00",18.0,RUE,0330,ANTOINE GOUSSIEZ,51100.0,REIMS,51,454,AX,763,3,2.0,Appartement,42.0,2.0
1754948,31/05/2017,Vente,"78000,00",87.0,RUE,3000,DOCTEUR THOMAS,51100.0,REIMS,51,454,AW,233,1,2.0,Appartement,55.0,2.0
1754949,01/06/2017,Vente,"122000,00",3.0,CHS,7970,SAINT MARTIN,51100.0,REIMS,51,454,DN,587,1,2.0,Appartement,80.0,4.0
1754956,18/05/2017,Vente,"96000,00",8.0,IMP,1440,DES CARMELITES,51100.0,REIMS,51,454,IK,1425,1,2.0,Appartement,30.0,2.0
1754964,24/05/2017,Vente,"128000,00",9.0,RUE,1056,DES BONS MALADES,51100.0,REIMS,51,454,IO,383,1,2.0,Appartement,58.0,2.0
1754969,31/05/2017,Vente,"121450,00",25.0,RUE,7580,ROGER SALENGRO,51100.0,REIMS,51,454,AX,657,1,2.0,Appartement,31.0,1.0
1754970,31/05/2017,Vente,"121450,00",25.0,RUE,7580,ROGER SALENGRO,51100.0,REIMS,51,454,AX,657,1,2.0,Appartement,25.0,1.0
1754973,24/05/2017,Vente,"105010,00",8.0,AV,3455,DE L EUROPE,51100.0,REIMS,51,454,CM,118,2,2.0,Appartement,76.0,3.0
1754976,30/05/2017,Vente en l'état futur d'achèvement,"160000,00",13.0,ALL,5425,LEON MICHAUD,51100.0,REIMS,51,454,CL,6,1,2.0,Appartement,57.0,2.0
1754977,24/05/2017,Vente en l'état futur d'achèvement,"138000,00",13.0,ALL,5425,LEON MICHAUD,51100.0,REIMS,51,454,CL,6,1,2.0,Appartement,46.0,2.0
1754979,12/01/2017,Adjudication,"91000,00",101.0,RUE,3850,GAMBETTA,51100.0,REIMS,51,454,CY,634,3,2.0,Appartement,105.0,4.0
1754985,30/05/2017,Vente,"130000,00",10.0,RUE,8830,DES TROIS RAISINETS,51100.0,REIMS,51,454,CX,201,2,2.0,Appartement,59.0,3.0
1754993,30/05/2017,Vente,"128500,00",5.0,RUE,7070,DU PISTOLET,51100.0,REIMS,51,454,DM,632,2,2.0,Appartement,61.0,3.0
1754996,02/06/2017,Vente,"67800,00",10.0,RUE,7015,PIERRE DE COUBERTIN,51100.0,REIMS,51,454,AE,292,1,2.0,Appartement,56.0,3.0
1754998,02/06/2017,Vente en l'état futur d'achèvement,"85000,00",51.0,RUE,0600,DU BARBATRE,51100.0,REIMS,51,454,CY,749,1,2.0,Appartement,20.0,1.0
1755002,30/05/2017,Vente,"79000,00",6.0,RUE,5195,KERGUELEN,51100.0,REIMS,51,454,ET,559,2,2.0,Appartement,60.0,3.0
1755003,02/06/2017,Vente,"1020000,00",11.0,RUE,0340,DE L ARBALETE,51100.0,REIMS,51,454,IL,78,0,2.0,Appartement,204.0,8.0
1755014,31/05/2017,Vente,"63000,00",11.0,RUE,6210,DES MOISSONS,51100.0,REIMS,51,454,CW,637,1,2.0,Appartement,28.0,1.0
1755018,16/05/2017,Vente,"125000,00",14.0,RUE,7860,SAINT HILAIRE,51100.0,REIMS,51,454,BE,38,2,2.0,Appartement,47.0,2.0
1755029,01/06/2017,Vente,"130000,00",51.0,BD,3950,DU GENERAL LECLERC,51100.0,REIMS,51,454,IM,502,4,2.0,Appartement,74.0,3.0
1755033,01/06/2017,Vente,"225900,00",1.0,RUE,1030,DE LA BONNE FEMME,51100.0,REIMS,51,454,DO,788,1,2.0,Appartement,127.0,6.0
1755043,31/05/2017,Vente,"113280,00",15.0,RUE,8890,DE L UNION FONCIERE,51100.0,REIMS,51,454,HX,220,2,2.0,Appartement,62.0,3.0
1755055,07/06/2017,Vente en l'état futur d'achèvement,"202900,00",,RUE,5891,MARCEL THIL,51100.0,REIMS,51,454,AV,1082,1,2.0,Appartement,53.0,2.0
1755068,24/05/2017,Vente,"60000,00",55.0,RUE,7580,ROGER SALENGRO,51100.0,REIMS,51,454,AX,725,1,2.0,Appartement,33.0,2.0
1755069,09/06/2017,Vente,"78500,00",170.0,AV,4900,JEAN JAURES,51100.0,REIMS,51,454,CV,1005,2,2.0,Appartement,47.0,2.0
1755072,02/06/2017,Vente,"163000,00",17.0,RUE,0845,BERTRAND DE MUN,51100.0,REIMS,51,454,CM,145,2,2.0,Appartement,73.0,3.0
1755074,31/05/2017,Vente en l'état futur d'achèvement,"139000,00",13.0,ALL,5425,LEON MICHAUD,51100.0,REIMS,51,454,CL,6,1,2.0,Appartement,44.0,2.0
1755076,17/05/2017,Vente,"79000,00",43.0,AV,8030,ST POL,51100.0,REIMS,51,454,DM,629,2,2.0,Appartement,54.0,2.0
1755097,31/05/2017,Vente,"146000,00",6.0,RUE,7610,DES ROMAINS,51100.0,REIMS,51,454,AT,72,1,2.0,Appartement,73.0,3.0
1755100,06/06/2017,Vente,"235000,00",26.0,RUE,9220,VOLTAIRE,51100.0,REIMS,51,454,CX,163,2,2.0,Appartement,86.0,3.0
1755106,29/05/2017,Vente,"55000,00",36.0,AV,6730,DE PARIS,51100.0,REIMS,51,454,IO,438,1,2.0,Appartement,25.0,1.0
1755111,31/05/2017,Vente,"879285,00",189.0,AV,5300,DE LAON,51100.0,REIMS,51,454,AV,1054,0,2.0,Appartement,20.0,1.0
1755112,31/05/2017,Vente,"879285,00",189.0,AV,5300,DE LAON,51100.0,REIMS,51,454,AV,1054,0,2.0,Appartement,19.0,1.0
1755114,31/05/2017,Vente,"879285,00",189.0,AV,5300,DE LAON,51100.0,REIMS,51,454,AV,1054,0,2.0,Appartement,20.0,1.0
1755115,31/05/2017,Vente,"879285,00",189.0,AV,5300,DE LAON,51100.0,REIMS,51,454,AV,1054,0,2.0,Appartement,18.0,1.0
1755116,31/05/2017,Vente,"879285,00",189.0,AV,5300,DE LAON,51100.0,REIMS,51,454,AV,1054,0,2.0,Appartement,18.0,1.0
1755117,31/05/2017,Vente,"879285,00",189.0,AV,5300,DE LAON,51100.0,REIMS,51,454,AV,1054,0,2.0,Appartement,69.0,3.0
1755118,31/05/2017,Vente,"879285,00",189.0,AV,5300,DE LAON,51100.0,REIMS,51,454,AV,1054,0,2.0,Appartement,20.0,1.0
1755119,31/05/2017,Vente,"879285,00",189.0,AV,5300,DE LAON,51100.0,REIMS,51,454,AV,1054,0,2.0,Appartement,20.0,1.0
1755120,31/05/2017,Vente,"879285,00",189.0,AV,5300,DE LAON,51100.0,REIMS,51,454,AV,1054,0,2.0,Appartement,17.0,1.0
1755121,31/05/2017,Vente,"879285,00",189.0,AV,5300,DE LAON,51100.0,REIMS,51,454,AV,1054,0,2.0,Appartement,20.0,1.0
1755122,31/05/2017,Vente,"879285,00",189.0,AV,5300,DE LAON,51100.0,REIMS,51,454,AV,1054,0,2.0,Appartement,15.0,1.0
1755123,31/05/2017,Vente,"879285,00",189.0,AV,5300,DE LAON,51100.0,REIMS,51,454,AV,1054,0,2.0,Appartement,15.0,1.0
1755124,31/05/2017,Vente,"879285,00",189.0,AV,5300,DE LAON,51100.0,REIMS,51,454,AV,1055,0,2.0,Appartement,25.0,1.0
1755125,31/05/2017,Vente,"879285,00",189.0,AV,5300,DE LAON,51100.0,REIMS,51,454,AV,1055,0,2.0,Appartement,23.0,1.0
1755126,31/05/2017,Vente,"879285,00",189.0,AV,5300,DE LAON,51100.0,REIMS,51,454,AV,1055,0,2.0,Appartement,38.0,1.0
1755127,31/05/2017,Vente,"879285,00",189.0,AV,5300,DE LAON,51100.0,REIMS,51,454,AV,1055,0,2.0,Appartement,15.0,1.0
1755128,31/05/2017,Vente,"879285,00",189.0,AV,5300,DE LAON,51100.0,REIMS,51,454,AV,1055,0,2.0,Appartement,15.0,1.0
1755129,31/05/2017,Vente,"879285,00",189.0,AV,5300,DE LAON,51100.0,REIMS,51,454,AV,1055,0,2.0,Appartement,19.0,1.0
1755130,31/05/2017,Vente,"879285,00",189.0,AV,5300,DE LAON,51100.0,REIMS,51,454,AV,1055,0,2.0,Appartement,38.0,1.0
1755131,31/05/2017,Vente,"879285,00",189.0,AV,5300,DE LAON,51100.0,REIMS,51,454,AV,1055,0,2.0,Appartement,30.0,1.0
1755132,31/05/2017,Vente,"879285,00",189.0,AV,5300,DE LAON,51100.0,REIMS,51,454,AV,1055,0,2.0,Appartement,29.0,1.0
1755142,08/06/2017,Vente,"238000,00",8.0,RUE,5410,LEON HOURLIER,51100.0,REIMS,51,454,AW,519,1,2.0,Appartement,83.0,3.0
1755166,29/05/2017,Vente,"145000,00",5.0,RUE,6050,MARYSE BASTIE,51100.0,REIMS,51,454,BC,23,2,2.0,Appartement,77.0,5.0
1755170,08/06/2017,Vente,"88000,00",3.0,ALL,7019,PIERRE GRANDREMY,51100.0,REIMS,51,454,HT,90,2,2.0,Appartement,73.0,4.0
1755177,24/05/2017,Vente,"188000,00",41.0,AV,8030,ST POL,51100.0,REIMS,51,454,DM,629,2,2.0,Appartement,121.0,6.0
1755179,23/05/2017,Vente,"316000,00",6.0,RUE,7160,PONSARDIN,51100.0,REIMS,51,454,CX,69,1,2.0,Appartement,82.0,3.0
1755182,01/06/2017,Vente,"59000,00",44.0,RUE,4320,GUSTAVE LAURENT,51100.0,REIMS,51,454,CL,881,1,2.0,Appartement,22.0,1.0
1755183,07/06/2017,Vente,"58000,00",50.0,RUE,7040,PIERRET,51100.0,REIMS,51,454,AW,127,1,2.0,Appartement,21.0,1.0
1755188,07/06/2017,Vente,"46500,00",21.0,RUE,5090,JULES GUICHARD,51100.0,REIMS,51,454,AV,654,1,2.0,Appartement,18.0,1.0
1755190,22/05/2017,Vente,"196500,00",25.0,RUE,2790,DEVILLE,51100.0,REIMS,51,454,AV,892,0,2.0,Appartement,30.0,2.0
1755191,22/05/2017,Vente,"196500,00",25.0,RUE,2790,DEVILLE,51100.0,REIMS,51,454,AV,892,0,2.0,Appartement,22.0,1.0
1755192,22/05/2017,Vente,"196500,00",25.0,RUE,2790,DEVILLE,51100.0,REIMS,51,454,AV,892,0,2.0,Appartement,38.0,2.0
1755196,29/05/2017,Vente,"33000,00",8.0,RUE,5195,KERGUELEN,51100.0,REIMS,51,454,ET,547,2,2.0,Appartement,42.0,2.0
1755206,30/05/2017,Vente,"104490,00",3.0,RUE,5930,MARIE STUART,51100.0,REIMS,51,454,CX,254,2,2.0,Appartement,37.0,1.0
1755214,02/06/2017,Vente,"142000,00",113.0,RUE,2560,CROIX ST MARC,51100.0,REIMS,51,454,CV,246,1,2.0,Appartement,58.0,3.0
1755215,09/06/2017,Vente,"117900,00",3.0,RUE,4545,HENRI ROYER,51100.0,REIMS,51,454,HV,978,2,2.0,Appartement,76.0,4.0
1755218,06/06/2017,Vente,"49000,00",9.0,,3915,GPE GENERAL EISENHOWER,51100.0,REIMS,51,454,HS,216,1,2.0,Appartement,42.0,2.0
1755219,06/06/2017,Vente,"49000,00",7.0,,3915,GPE GENERAL EISENHOWER,51100.0,REIMS,51,454,HS,216,1,2.0,Appartement,42.0,2.0
1755220,12/06/2017,Vente,"79500,00",30.0,RUE,5940,MARLOT,51100.0,REIMS,51,454,IK,507,1,2.0,Appartement,40.0,1.0
1755221,12/06/2017,Vente,"79500,00",30.0,RUE,5940,MARLOT,51100.0,REIMS,51,454,IK,507,2,2.0,Appartement,22.0,1.0
1755222,13/06/2017,Vente,"70000,00",81.0,AV,4900,JEAN JAURES,51100.0,REIMS,51,454,BI,750,1,2.0,Appartement,55.0,3.0
1755223,15/06/2017,Vente en l'état futur d'achèvement,"150000,00",67.0,BD,6790,PAUL DOUMER,51100.0,REIMS,51,454,IK,356,1,2.0,Appartement,49.0,2.0
1755226,23/05/2017,Vente,"78000,00",3.0,RUE,1310,BUIRETTE,51100.0,REIMS,51,454,IM,84,4,2.0,Appartement,137.0,5.0
1755227,24/05/2017,Vente,"130000,00",8.0,RUE,7790,DE ST BRICE,51100.0,REIMS,51,454,AT,179,2,2.0,Appartement,40.0,1.0
1755228,22/05/2017,Vente,"41500,00",117.0,RUE,3570,DE FISMES,51100.0,REIMS,51,454,AR,802,1,2.0,Appartement,14.0,1.0
1755237,14/06/2017,Vente,"95000,00",30.0,RUE,7010,PIERRE BROSSOLETTE,51100.0,REIMS,51,454,AV,416,2,2.0,Appartement,67.0,3.0
1755238,13/06/2017,Vente,"163200,00",9.0,RUE,1667,DES CHAMPS NEUV,51100.0,REIMS,51,454,KI,243,1,2.0,Appartement,77.0,4.0
1755244,13/06/2017,Vente,"62500,00",67.0,RUE,8950,DE VENISE,51100.0,REIMS,51,454,CY,441,1,2.0,Appartement,32.0,1.0
1755246,12/06/2017,Vente,"96000,00",78.0,RUE,8950,DE VENISE,51100.0,REIMS,51,454,IK,329,2,2.0,Appartement,37.0,1.0
1755253,13/06/2017,Vente,"50000,00",5.0,RUE,7070,DU PISTOLET,51100.0,REIMS,51,454,DM,632,2,2.0,Appartement,28.0,1.0
1755255,12/06/2017,Vente,"185000,00",10.0,RUE,8830,DES TROIS RAISINETS,51100.0,REIMS,51,454,CX,201,2,2.0,Appartement,75.0,4.0
1755258,31/05/2017,Vente,"100000,00",13.0,RUE,4120,GOIOT,51100.0,REIMS,51,454,CZ,607,2,2.0,Appartement,69.0,3.0
1755260,30/05/2017,Vente,"110000,00",3.0,RUE,1730,CHANTERAINE,51100.0,REIMS,51,454,DM,634,2,2.0,Appartement,79.0,4.0
1755264,24/05/2017,Vente,"245000,00",8.0,RUE,4540,HENRI IV,51100.0,REIMS,51,454,BE,354,1,2.0,Appartement,92.0,4.0
1755271,07/06/2017,Vente en l'état futur d'achèvement,"152168,00",65.0,RUE,6230,DU MONT D ARENE,51100.0,REIMS,51,454,AT,9,1,2.0,Appartement,41.0,2.0
1755276,08/06/2017,Vente,"110000,00",10.0,RUE,0790,BENOIST MALOT,51100.0,REIMS,51,454,DV,167,2,2.0,Appartement,70.0,3.0
1755280,09/06/2017,Vente,"94600,00",79.0,RUE,8950,DE VENISE,51100.0,REIMS,51,454,CY,434,1,2.0,Appartement,49.0,2.0
1755282,06/06/2017,Vente en l'état futur d'achèvement,"192000,00",13.0,ALL,5425,LEON MICHAUD,51100.0,REIMS,51,454,CL,6,1,2.0,Appartement,74.0,3.0
1755283,26/04/2017,Vente,"300000,00",9.0,RUE,5270,LANDOUZY,51100.0,REIMS,51,454,AW,346,0,2.0,Appartement,70.0,4.0
1755284,26/04/2017,Vente,"300000,00",9.0,RUE,5270,LANDOUZY,51100.0,REIMS,51,454,AW,346,0,2.0,Appartement,70.0,4.0
1755285,26/04/2017,Vente,"300000,00",9.0,RUE,5270,LANDOUZY,51100.0,REIMS,51,454,AW,346,0,2.0,Appartement,70.0,4.0
1755287,26/04/2017,Vente,"300000,00",9.0,RUE,5270,LANDOUZY,51100.0,REIMS,51,454,AW,346,0,2.0,Appartement,70.0,4.0
1755291,09/06/2017,Vente,"87000,00",13.0,RUE,5400,LEON FAUCHER,51100.0,REIMS,51,454,BC,129,2,2.0,Appartement,43.0,2.0
1755295,09/06/2017,Vente,"97000,00",12.0,RUE,0910,DE BEZANNES,51100.0,REIMS,51,454,HW,386,2,2.0,Appartement,58.0,2.0
1755301,02/06/2017,Vente,"145000,00",2.0,RUE,4150,GOSSET,51100.0,REIMS,51,454,BD,99,1,2.0,Appartement,87.0,3.0
1755304,07/06/2017,Vente,"65000,00",17.0,RUE,7090,PLUMET FOLLIART,51100.0,REIMS,51,454,AV,481,1,2.0,Appartement,35.0,1.0
1755306,21/06/2017,Vente,"45000,00",42.0,RUE,6480,DE LA NEUVILLETTE,51100.0,REIMS,51,454,AX,339,1,2.0,Appartement,16.0,1.0
1755309,16/06/2017,Vente,"133000,00",4.0,RUE,5891,MARCEL THIL,51100.0,REIMS,51,454,AV,949,1,2.0,Appartement,56.0,2.0
1755311,09/06/2017,Vente,"79000,00",3.0,CHS,7970,SAINT MARTIN,51100.0,REIMS,51,454,DN,587,1,2.0,Appartement,60.0,3.0
1755313,09/06/2017,Vente,"119200,00",67.0,RUE,4770,DU JARD,51100.0,REIMS,51,454,IK,288,2,2.0,Appartement,72.0,3.0
1755316,14/06/2017,Vente en l'état futur d'achèvement,"108000,00",51.0,RUE,0600,DU BARBATRE,51100.0,REIMS,51,454,CY,749,1,2.0,Appartement,30.0,1.0
1755322,08/06/2017,Vente en l'état futur d'achèvement,"353000,00",,RUE,3180,EDOUARD MIGNOT,51100.0,REIMS,51,454,AT,492,1,2.0,Appartement,97.0,3.0
1755324,13/06/2017,Vente en l'état futur d'achèvement,"207000,00",51.0,RUE,0600,DU BARBATRE,51100.0,REIMS,51,454,CY,749,1,2.0,Appartement,50.0,2.0
1755329,14/06/2017,Vente en l'état futur d'achèvement,"107000,00",51.0,RUE,0600,DU BARBATRE,51100.0,REIMS,51,454,CY,749,1,2.0,Appartement,30.0,1.0
1755331,12/06/2017,Vente en l'état futur d'achèvement,"231100,00",65.0,RUE,6230,DU MONT D ARENE,51100.0,REIMS,51,454,AT,9,1,2.0,Appartement,63.0,3.0
1755332,20/06/2017,Vente en l'état futur d'achèvement,"171438,00",412.0,AV,5300,DE LAON,51100.0,REIMS,51,454,AE,142,1,2.0,Appartement,77.0,4.0
1755337,29/05/2017,Vente,"460000,00",22.0,RUE,8500,DE TALLEYRAND,51100.0,REIMS,51,454,IL,509,3,2.0,Appartement,146.0,4.0
1755343,02/06/2017,Vente en l'état futur d'achèvement,"140000,00",249.0,RUE,2440,DE COURLANCY,51100.0,REIMS,51,454,DN,216,1,2.0,Appartement,37.0,1.0
1755365,09/06/2017,Vente,"82000,00",127.0,RUE,0200,D ALSACE LORRAINE,51100.0,REIMS,51,454,CV,113,2,2.0,Appartement,31.0,2.0
1755367,12/06/2017,Vente,"434000,00",9.0,BD,5881,MARCELIN BERTHELOT,51100.0,REIMS,51,454,BO,180,0,2.0,Appartement,80.0,2.0
1755368,12/06/2017,Vente,"434000,00",9.0,BD,5881,MARCELIN BERTHELOT,51100.0,REIMS,51,454,BO,180,0,2.0,Appartement,119.0,4.0
1755376,27/04/2017,Vente,"131400,00",7.0,IMP,1440,DES CARMELITES,51100.0,REIMS,51,454,IK,1347,1,2.0,Appartement,63.0,2.0
1755382,01/06/2017,Vente,"88000,00",5.0,ALL,0788,B FRANKLIN NEUV,51100.0,REIMS,51,454,KK,684,2,2.0,Appartement,64.0,3.0
1755386,29/05/2017,Vente,"88000,00",28.0,RUE,0600,DU BARBATRE,51100.0,REIMS,51,454,CY,26,2,2.0,Appartement,51.0,2.0
1755394,07/06/2017,Vente,"110100,00",117.0,RUE,5825,DE LA MAISON BLANCHE,51100.0,REIMS,51,454,DT,424,1,2.0,Appartement,76.0,3.0
1755397,16/06/2017,Vente,"135000,00",13.0,ESP,5446,LE ROUET,51100.0,REIMS,51,454,CT,390,1,2.0,Appartement,73.0,3.0
1755401,02/06/2017,Vente,"79650,00",9.0,RUE,4740,JACQUART,51100.0,REIMS,51,454,BH,195,1,2.0,Appartement,38.0,2.0
1755404,31/05/2017,Vente,"406000,00",3.0,RUE,8080,ST SYMPHORIEN,51100.0,REIMS,51,454,CX,197,1,2.0,Appartement,114.0,4.0
1755417,08/06/2017,Vente,"83000,00",20.0,RUE,3610,FLIN DES OLIVIERS,51100.0,REIMS,51,454,HX,10,1,2.0,Appartement,36.0,2.0
1755430,09/06/2017,Vente en l'état futur d'achèvement,"140000,00",249.0,RUE,2440,DE COURLANCY,51100.0,REIMS,51,454,DN,216,1,2.0,Appartement,37.0,1.0
1755431,13/06/2017,Vente,"72000,00",14.0,RUE,8820,DES 3 PILIERS,51100.0,REIMS,51,454,AW,77,1,2.0,Appartement,41.0,2.0
1755437,08/06/2017,Vente,"72000,00",4.0,ALL,7615,RONSARD,51100.0,REIMS,51,454,DK,184,1,2.0,Appartement,65.0,3.0
1755444,07/06/2017,Vente en l'état futur d'achèvement,"157000,00",13.0,ALL,5425,LEON MICHAUD,51100.0,REIMS,51,454,CL,6,1,2.0,Appartement,58.0,2.0
1755453,07/06/2017,Vente,"133000,00",4.0,RUE,6830,P VAILLANT COUTURIER,51100.0,REIMS,51,454,AV,258,2,2.0,Appartement,67.0,3.0
1755454,23/06/2017,Vente,"65000,00",52.0,RUE,7790,DE ST BRICE,51100.0,REIMS,51,454,AT,313,1,2.0,Appartement,30.0,1.0
1755458,02/06/2017,Vente,"165000,00",85.0,RUE,4770,DU JARD,51100.0,REIMS,51,454,IK,343,1,2.0,Appartement,32.0,1.0
1755459,02/06/2017,Vente,"165000,00",85.0,RUE,4770,DU JARD,51100.0,REIMS,51,454,IK,343,4,2.0,Appartement,90.0,4.0
1755463,02/06/2017,Vente,"280000,00",40.0,PL,3040,DROUET D ERLON,51100.0,REIMS,51,454,IL,332,2,2.0,Appartement,136.0,5.0
1755468,22/06/2017,Vente,"208890,00",7.0,RUE,8296,OLIVIER DE SERRES,51100.0,REIMS,51,454,CL,982,1,2.0,Appartement,58.0,3.0
1755471,12/06/2017,Vente,"68000,00",32.0,RUE,6740,PASSE DEMOISELLES,51100.0,REIMS,51,454,HY,89,2,2.0,Appartement,28.0,1.0
1755472,22/06/2017,Vente,"65000,00",5.0,RUE,6330,DES MOULINS,51100.0,REIMS,51,454,DM,633,2,2.0,Appartement,32.0,1.0
1755477,21/06/2017,Vente,"94300,00",3.0,RUE,8260,SCULPTEURS JACQUES,51100.0,REIMS,51,454,HW,278,1,2.0,Appartement,66.0,4.0
1755482,23/06/2017,Vente en l'état futur d'achèvement,"83600,00",51.0,RUE,0600,DU BARBATRE,51100.0,REIMS,51,454,CY,749,1,2.0,Appartement,21.0,1.0
1755492,21/06/2017,Vente en l'état futur d'achèvement,"116050,00",412.0,AV,5300,DE LAON,51100.0,REIMS,51,454,AE,142,1,2.0,Appartement,40.0,2.0
1755496,23/06/2017,Vente en l'état futur d'achèvement,"176000,00",51.0,RUE,0600,DU BARBATRE,51100.0,REIMS,51,454,CY,749,1,2.0,Appartement,47.0,2.0
1755499,22/06/2017,Vente,"92500,00",1.0,RUE,1822,CHARLES PEGUY,51100.0,REIMS,51,454,AI,664,1,2.0,Appartement,73.0,4.0
1755500,23/06/2017,Vente,"258000,00",26.0,RUE,8500,DE TALLEYRAND,51100.0,REIMS,51,454,IL,499,2,2.0,Appartement,123.0,4.0
1755604,14/06/2017,Vente,"47500,00",59.0,RUE,6230,DU MONT D ARENE,51100.0,REIMS,51,454,AT,16,1,2.0,Appartement,19.0,1.0
1755615,14/06/2017,Vente,"55000,00",192.0,AV,5300,DE LAON,51100.0,REIMS,51,454,AX,847,1,2.0,Appartement,20.0,1.0
1755618,22/06/2017,Vente,"59000,00",63.0,RUE,1590,DE CERNAY,51100.0,REIMS,51,454,CW,321,1,2.0,Appartement,22.0,1.0
1755622,06/04/2017,Vente,"157400,00",15.0,RUE,5400,LEON FAUCHER,51100.0,REIMS,51,454,BC,128,1,2.0,Appartement,91.0,3.0
1755623,07/06/2017,Vente,"72000,00",1.0,PL,5370,LENONCOURT,51100.0,REIMS,51,454,DM,629,2,2.0,Appartement,35.0,1.0
1755624,01/06/2017,Vente,"349639,00",2.0,RUE,2260,CONDORCET,51100.0,REIMS,51,454,IL,173,1,2.0,Appartement,100.0,4.0
1755627,02/06/2017,Vente,"185000,00",17.0,RUE,7400,RAYMOND GUYOT,51100.0,REIMS,51,454,BI,748,2,2.0,Appartement,89.0,3.0
1755634,06/06/2017,Vente,"66030,00",15.0,AV,3320,D EPERNAY,51100.0,REIMS,51,454,DP,459,1,2.0,Appartement,26.0,1.0
1755647,02/06/2017,Vente,"84000,00",95.0,AV,5300,DE LAON,51100.0,REIMS,51,454,AV,251,1,2.0,Appartement,34.0,2.0
1755651,26/06/2017,Vente,"125000,00",42.0,RUE,3850,GAMBETTA,51100.0,REIMS,51,454,IK,171,2,2.0,Appartement,51.0,2.0
1755657,23/06/2017,Vente,"158800,00",11.0,RUE,7150,DE LA POMPELLE,51100.0,REIMS,51,454,CL,35,1,2.0,Appartement,88.0,4.0
1755658,31/05/2017,Vente,"103650,00",5.0,RUE,6740,PASSE DEMOISELLES,51100.0,REIMS,51,454,HX,576,1,2.0,Appartement,42.0,2.0
1755661,15/06/2017,Vente en l'état futur d'achèvement,"412620,00",14.0,BD,6690,DE LA PAIX,51100.0,REIMS,51,454,CX,534,1,2.0,Appartement,89.0,3.0
1755671,16/06/2017,Vente,"92000,00",171.0,AV,5300,DE LAON,51100.0,REIMS,51,454,AV,40,1,2.0,Appartement,42.0,2.0
1755676,14/06/2017,Vente,"72000,00",4.0,RUE,7560,ROCKEFELLER,51100.0,REIMS,51,454,CX,614,1,2.0,Appartement,26.0,1.0
1755684,12/06/2017,Vente,"129000,00",52.0,BD,7290,PRESIDENT WILSON,51100.0,REIMS,51,454,DP,516,2,2.0,Appartement,89.0,4.0
1755710,10/06/2017,Vente,"203000,00",5.0,RUE,1590,DE CERNAY,51100.0,REIMS,51,454,CW,76,1,2.0,Appartement,83.0,4.0
1755711,22/06/2017,Vente,"109000,00",63.0,BD,1510,CARTERET,51100.0,REIMS,51,454,CW,324,2,2.0,Appartement,93.0,4.0
1755734,28/06/2017,Vente,"65000,00",3.0,RUE,4050,GERBERT,51100.0,REIMS,51,454,CY,95,1,2.0,Appartement,25.0,1.0
1755737,28/06/2017,Vente,"136100,00",50.0,BD,7290,PRESIDENT WILSON,51100.0,REIMS,51,454,DP,516,2,2.0,Appartement,110.0,5.0
1755740,06/06/2017,Vente,"186200,00",4.0,RUE,2290,COQUEBERT,51100.0,REIMS,51,454,BH,418,1,2.0,Appartement,68.0,3.0
1755756,21/06/2017,Vente,"179000,00",45.0,RUE,8500,DE TALLEYRAND,51100.0,REIMS,51,454,IL,613,1,2.0,Appartement,110.0,3.0
1755757,09/06/2017,Vente en l'état futur d'achèvement,"122000,00",,RUE,5891,MARCEL THIL,51100.0,REIMS,51,454,AV,1082,1,2.0,Appartement,36.0,1.0
1755765,13/06/2017,Vente en l'état futur d'achèvement,"134900,00",,RUE,5891,MARCEL THIL,51100.0,REIMS,51,454,AV,1082,1,2.0,Appartement,36.0,1.0
1755767,14/06/2017,Vente en l'état futur d'achèvement,"106500,00",,RUE,5891,MARCEL THIL,51100.0,REIMS,51,454,AV,1082,1,2.0,Appartement,26.0,1.0
1755769,16/06/2017,Vente en l'état futur d'achèvement,"111500,00",,RUE,5891,MARCEL THIL,51100.0,REIMS,51,454,AV,1082,1,2.0,Appartement,28.0,1.0
1755770,21/06/2017,Vente,"68000,00",96.0,RUE,8430,DE STRASBOURG,51100.0,REIMS,51,454,CV,685,1,2.0,Appartement,42.0,2.0
1755781,16/06/2017,Vente en l'état futur d'achèvement,"112055,00",14.0,BD,6690,DE LA PAIX,51100.0,REIMS,51,454,CX,534,1,2.0,Appartement,28.0,1.0
1755782,27/06/2017,Vente,"75000,00",25.0,RUE,9090,VICTOR ROGELET,51100.0,REIMS,51,454,AW,166,1,2.0,Appartement,34.0,2.0
1755783,19/06/2017,Vente,"197000,00",45.0,RUE,8500,DE TALLEYRAND,51100.0,REIMS,51,454,IL,613,1,2.0,Appartement,96.0,3.0
1755785,27/06/2017,Vente en l'état futur d'achèvement,"530413,00",14.0,BD,6690,DE LA PAIX,51100.0,REIMS,51,454,CX,534,1,2.0,Appartement,106.0,4.0
1755792,03/05/2017,Vente,"55000,00",32.0,RUE,8250,DE SAVOYE,51100.0,REIMS,51,454,BH,614,1,2.0,Appartement,40.0,2.0
1755813,13/06/2017,Vente,"278000,00",8.0,RUE,3150,DE L ECU,51100.0,REIMS,51,454,CW,4,1,2.0,Appartement,123.0,5.0
1755815,08/06/2017,Vente,"216000,00",51.0,RUE,5650,DE LOUVOIS,51100.0,REIMS,51,454,DV,726,1,2.0,Appartement,66.0,3.0
1755817,06/06/2017,Vente,"54017,00",74.0,BD,7140,POMMERY,51100.0,REIMS,51,454,CL,960,1,2.0,Appartement,22.0,1.0
1755833,09/06/2017,Vente,"94000,00",16.0,RUE,4080,GILBERT,51100.0,REIMS,51,454,AR,212,2,2.0,Appartement,25.0,0.0
1755836,13/06/2017,Vente,"248000,00",21.0,RUE,6760,PAUL ADAM,51100.0,REIMS,51,454,IK,194,3,2.0,Appartement,98.0,5.0
1755839,19/06/2017,Vente,"39000,00",9.0,RUE,7010,PIERRE BROSSOLETTE,51100.0,REIMS,51,454,AR,220,2,2.0,Appartement,27.0,1.0
1755842,16/06/2017,Vente,"52000,00",16.0,RUE,7010,PIERRE BROSSOLETTE,51100.0,REIMS,51,454,AV,857,2,2.0,Appartement,25.0,1.0
1755843,14/06/2017,Vente,"365000,00",29.0,RUE,7040,PIERRET,51100.0,REIMS,51,454,AW,103,0,2.0,Appartement,25.0,1.0
1755844,14/06/2017,Vente,"365000,00",29.0,RUE,7040,PIERRET,51100.0,REIMS,51,454,AW,103,0,2.0,Appartement,50.0,2.0
1755845,14/06/2017,Vente,"365000,00",29.0,RUE,7040,PIERRET,51100.0,REIMS,51,454,AW,103,0,2.0,Appartement,72.0,3.0
1755846,14/06/2017,Vente,"365000,00",29.0,RUE,7040,PIERRET,51100.0,REIMS,51,454,AW,103,0,2.0,Appartement,50.0,2.0
1755847,14/06/2017,Vente,"365000,00",29.0,RUE,7040,PIERRET,51100.0,REIMS,51,454,AW,103,0,2.0,Appartement,30.0,1.0
1755865,08/06/2017,Vente,"128850,00",25.0,RUE,2480,DES COUTURES,51100.0,REIMS,51,454,CI,10,2,2.0,Appartement,62.0,3.0
1755868,07/06/2017,Vente,"95000,00",113.0,RUE,9040,DE VESLE,51100.0,REIMS,51,454,IK,1347,1,2.0,Appartement,29.0,1.0
1755883,30/06/2017,Vente en l'état futur d'achèvement,"173000,00",412.0,AV,5300,DE LAON,51100.0,REIMS,51,454,AE,142,1,2.0,Appartement,66.0,3.0
1755885,16/06/2017,Vente,"139900,00",48.0,RUE,5160,DE LA JUSTICE,51100.0,REIMS,51,454,BD,99,1,2.0,Appartement,82.0,3.0
1755890,14/06/2017,Vente en l'état futur d'achèvement,"139000,00",13.0,ALL,5425,LEON MICHAUD,51100.0,REIMS,51,454,CL,6,1,2.0,Appartement,48.0,2.0
1755893,27/06/2017,Vente,"150000,00",17.0,RUE,3090,DURUY,51100.0,REIMS,51,454,AX,933,0,2.0,Appartement,69.0,4.0
1755894,27/06/2017,Vente,"150000,00",17.0,RUE,3090,DURUY,51100.0,REIMS,51,454,AX,933,0,2.0,Appartement,26.0,2.0
1755895,28/06/2017,Vente,"540000,00",64.0,BD,1800,CHARLES ARNOULD,51100.0,REIMS,51,454,AN,637,0,2.0,Appartement,53.0,3.0
1755896,28/06/2017,Vente,"540000,00",64.0,BD,1800,CHARLES ARNOULD,51100.0,REIMS,51,454,AN,637,0,2.0,Appartement,48.0,3.0
1755897,28/06/2017,Vente,"540000,00",64.0,BD,1800,CHARLES ARNOULD,51100.0,REIMS,51,454,AN,637,0,2.0,Appartement,41.0,2.0
1755898,28/06/2017,Vente,"540000,00",64.0,BD,1800,CHARLES ARNOULD,51100.0,REIMS,51,454,AN,637,0,2.0,Appartement,50.0,3.0
1755899,28/06/2017,Vente,"540000,00",64.0,BD,1800,CHARLES ARNOULD,51100.0,REIMS,51,454,AN,637,0,2.0,Appartement,40.0,3.0
1755902,08/06/2017,Vente en l'état futur d'achèvement,"280500,00",,RUE,5891,MARCEL THIL,51100.0,REIMS,51,454,AV,1082,1,2.0,Appartement,76.0,3.0
1755906,19/06/2017,Vente,"200000,00",23.0,BD,6690,DE LA PAIX,51100.0,REIMS,51,454,CK,128,2,2.0,Appartement,137.0,6.0
1755909,30/06/2017,Vente,"64000,00",14.0,RUE,8820,DES 3 PILIERS,51100.0,REIMS,51,454,AW,77,1,2.0,Appartement,30.0,2.0
1755917,14/06/2017,Vente en l'état futur d'achèvement,"135000,00",13.0,ALL,5425,LEON MICHAUD,51100.0,REIMS,51,454,CL,6,1,2.0,Appartement,46.0,2.0
1755920,22/06/2017,Vente,"75500,00",80.0,RUE,6330,DES MOULINS,51100.0,REIMS,51,454,CY,617,2,2.0,Appartement,27.0,1.0
1755948,16/06/2017,Vente,"42750,00",21.0,AV,4455,HENRI FARMAN,51100.0,REIMS,51,454,DH,90,1,2.0,Appartement,17.0,1.0
1755949,30/06/2017,Vente,"34000,00",1.0,RUE,2790,DEVILLE,51100.0,REIMS,51,454,AV,903,1,2.0,Appartement,19.0,1.0
1755956,20/06/2017,Vente,"74000,00",4.0,PL,7016,PIERRE DE FERMAT,51100.0,REIMS,51,454,AE,117,2,2.0,Appartement,70.0,4.0
1755965,09/06/2017,Vente,"115000,00",52.0,RUE,5110,JULES LAURENT,51100.0,REIMS,51,454,AM,874,0,2.0,Appartement,100.0,4.0
1755966,09/06/2017,Vente,"115000,00",52.0,RUE,5110,JULES LAURENT,51100.0,REIMS,51,454,AM,874,0,2.0,Appartement,32.0,2.0
1755975,29/06/2017,Vente,"24900,00",1.0,RUE,8720,TOURNEBONNEAU,51100.0,REIMS,51,454,DM,628,1,2.0,Appartement,11.0,1.0
1755977,16/06/2017,Vente,"191180,00",17.0,RUE,2390,DE COURAUX,51100.0,REIMS,51,454,DK,273,1,2.0,Appartement,82.0,4.0
1755980,29/06/2017,Vente,"113400,00",126.0,BD,8925,VASCO DE GAMA,51100.0,REIMS,51,454,EV,594,2,2.0,Appartement,79.0,4.0
1755982,05/07/2017,Vente,"329000,00",9.0,RUE,7400,RAYMOND GUYOT,51100.0,REIMS,51,454,BH,529,2,2.0,Appartement,136.0,5.0
1755984,19/06/2017,Vente,"99000,00",23.0,RUE,6125,DE LA MEDITERRANEE,51100.0,REIMS,51,454,CN,579,1,2.0,Appartement,105.0,5.0
1755985,19/06/2017,Vente,"137900,00",16.0,RUE,5895,MARECHAL GALLIENI,51100.0,REIMS,51,454,AH,609,1,2.0,Appartement,74.0,3.0
1755998,16/06/2017,Vente,"120000,00",48.0,RUE,5160,DE LA JUSTICE,51100.0,REIMS,51,454,BD,99,1,2.0,Appartement,76.0,3.0
1756015,20/06/2017,Vente,"71500,00",53.0,RUE,2290,COQUEBERT,51100.0,REIMS,51,454,BH,18,2,2.0,Appartement,49.0,2.0
1756022,30/06/2017,Vente,"96800,00",9.0,RUE,2740,DERODE,51100.0,REIMS,51,454,BI,202,2,2.0,Appartement,56.0,3.0
1756023,30/06/2017,Vente,"68650,00",32.0,RUE,4890,JEAN JACQUES ROUSSEAU,51100.0,REIMS,51,454,BE,189,2,2.0,Appartement,30.0,1.0
1756025,23/06/2017,Vente,"155000,00",45.0,RUE,8500,DE TALLEYRAND,51100.0,REIMS,51,454,IL,613,2,2.0,Appartement,109.0,3.0
1756035,21/06/2017,Vente,"152000,00",6.0,RUE,3987,GEORGES BERNANOS,51100.0,REIMS,51,454,HV,978,2,2.0,Appartement,97.0,5.0
1756037,28/06/2017,Vente,"96000,00",79.0,RUE,2430,DE COURCELLES,51100.0,REIMS,51,454,AT,248,6,2.0,Appartement,46.0,3.0
1756045,23/06/2017,Vente,"60000,00",10.0,RUE,4870,JEAN DE FOIGNY,51100.0,REIMS,51,454,DO,591,2,2.0,Appartement,55.0,3.0
1756047,20/06/2017,Vente,"170500,00",148.0,RUE,9040,DE VESLE,51100.0,REIMS,51,454,IM,234,1,2.0,Appartement,66.0,2.0
1756048,30/06/2017,Vente,"64200,00",4.0,RUE,5580,LOUIS BERTON,51100.0,REIMS,51,454,CY,56,1,2.0,Appartement,23.0,1.0
1756057,27/06/2017,Vente,"350000,00",7.0,BD,3950,DU GENERAL LECLERC,51100.0,REIMS,51,454,IM,28,1,2.0,Appartement,23.0,1.0
1756058,27/06/2017,Vente,"350000,00",7.0,BD,3950,DU GENERAL LECLERC,51100.0,REIMS,51,454,IM,28,1,2.0,Appartement,36.0,1.0
1756059,27/06/2017,Vente,"350000,00",7.0,BD,3950,DU GENERAL LECLERC,51100.0,REIMS,51,454,IM,28,1,2.0,Appartement,30.0,1.0
1756060,27/06/2017,Vente,"350000,00",7.0,BD,3950,DU GENERAL LECLERC,51100.0,REIMS,51,454,IM,28,2,2.0,Appartement,59.0,2.0
1756061,27/06/2017,Vente,"350000,00",7.0,BD,3950,DU GENERAL LECLERC,51100.0,REIMS,51,454,IM,28,1,2.0,Appartement,37.0,1.0
1756062,03/07/2017,Vente,"112000,00",179.0,AV,4900,JEAN JAURES,51100.0,REIMS,51,454,BK,461,1,2.0,Appartement,72.0,4.0
1756070,29/06/2017,Vente,"85000,00",50.0,RUE,6830,P VAILLANT COUTURIER,51100.0,REIMS,51,454,AV,775,1,2.0,Appartement,44.0,2.0
1756075,24/06/2017,Vente,"67000,00",4.0,RUE,7710,RUINART DE BRIMONT,51100.0,REIMS,51,454,CW,94,2,2.0,Appartement,51.0,2.0
1756077,26/06/2017,Vente,"133000,00",14.0,RUE,7710,RUINART DE BRIMONT,51100.0,REIMS,51,454,CW,100,3,2.0,Appartement,40.0,2.0
1756089,15/06/2017,Vente,"112570,00",15.0,RUE,1730,CHANTERAINE,51100.0,REIMS,51,454,DM,634,2,2.0,Appartement,79.0,4.0
1756092,13/06/2017,Vente,"119418,00",1.0,RUE,6310,MOULIN BRULE,51100.0,REIMS,51,454,IO,168,2,2.0,Appartement,88.0,4.0
1756097,03/07/2017,Vente,"148000,00",7.0,RUE,1850,DU CHATEAU PORTE MARS,51100.0,REIMS,51,454,IL,6,2,2.0,Appartement,68.0,3.0
1756102,07/07/2017,Vente,"63000,00",30.0,RUE,6720,DE PARGNY,51100.0,REIMS,51,454,HW,373,2,2.0,Appartement,34.0,1.0
1756105,06/07/2017,Vente,"315200,00",18.0,RUE,4700,DE L ISLE,51100.0,REIMS,51,454,CX,134,3,2.0,Appartement,128.0,4.0
1756106,07/07/2017,Vente,"65000,00",15.0,RUE,7015,PIERRE DE COUBERTIN,51100.0,REIMS,51,454,AE,110,2,2.0,Appartement,90.0,5.0
1756108,10/05/2017,Vente,"76000,00",76.0,RUE,5615,LOUIS PASTEUR NEUV,51100.0,REIMS,51,454,KI,231,1,2.0,Appartement,44.0,2.0
1756109,15/06/2017,Vente,"169850,00",55.0,RUE,2080,CLOVIS CHEZEL,51100.0,REIMS,51,454,DL,147,0,2.0,Appartement,45.0,2.0
1756110,15/06/2017,Vente,"169850,00",55.0,RUE,2080,CLOVIS CHEZEL,51100.0,REIMS,51,454,DL,147,0,2.0,Appartement,35.0,1.0
1756111,15/06/2017,Vente,"169850,00",55.0,RUE,2080,CLOVIS CHEZEL,51100.0,REIMS,51,454,DL,147,0,2.0,Appartement,35.0,1.0
1756132,28/06/2017,Vente,"243000,00",53.0,RUE,8500,DE TALLEYRAND,51100.0,REIMS,51,454,IL,355,1,2.0,Appartement,88.0,3.0
1756145,26/06/2017,Vente en l'état futur d'achèvement,"242926,00",65.0,RUE,6230,DU MONT D ARENE,51100.0,REIMS,51,454,AT,9,1,2.0,Appartement,65.0,3.0
1756149,23/06/2017,Vente,"99000,00",3.0,RUE,0180,ALPHONSE DEFFAUT,51100.0,REIMS,51,454,AN,287,1,2.0,Appartement,44.0,2.0
1756150,23/06/2017,Vente,"99000,00",3.0,RUE,0180,ALPHONSE DEFFAUT,51100.0,REIMS,51,454,AN,287,1,2.0,Appartement,115.0,1.0
1756151,26/06/2017,Vente en l'état futur d'achèvement,"132000,00",13.0,ALL,5425,LEON MICHAUD,51100.0,REIMS,51,454,CL,6,1,2.0,Appartement,44.0,2.0
1756154,30/06/2017,Vente,"85000,00",141.0,RUE,9040,DE VESLE,51100.0,REIMS,51,454,IK,824,1,2.0,Appartement,67.0,2.0
1756155,27/06/2017,Vente,"50000,00",52.0,RUE,3000,DOCTEUR THOMAS,51100.0,REIMS,51,454,AW,280,1,2.0,Appartement,14.0,1.0
1756158,27/06/2017,Vente,"50000,00",52.0,RUE,3000,DOCTEUR THOMAS,51100.0,REIMS,51,454,AW,280,1,2.0,Appartement,12.0,1.0
1756162,03/07/2017,Vente,"235000,00",11.0,RUE,0360,DES ARDENNES,51100.0,REIMS,51,454,AX,631,0,2.0,Appartement,49.0,2.0
1756163,03/07/2017,Vente,"235000,00",11.0,RUE,0360,DES ARDENNES,51100.0,REIMS,51,454,AX,631,0,2.0,Appartement,46.0,2.0
1756164,03/07/2017,Vente,"235000,00",11.0,RUE,0360,DES ARDENNES,51100.0,REIMS,51,454,AX,631,0,2.0,Appartement,57.0,3.0
1756165,23/06/2017,Vente,"97200,00",7.0,RUE,0280,D ANJOU,51100.0,REIMS,51,454,CX,517,1,2.0,Appartement,31.0,1.0
1756167,28/06/2017,Vente,"84800,00",27.0,RUE,1100,BOUDET,51100.0,REIMS,51,454,AX,705,4,2.0,Appartement,44.0,3.0
1756170,28/06/2017,Vente,"245000,00",11.0,RUE,8580,DES TEMPLIERS,51100.0,REIMS,51,454,BH,528,2,2.0,Appartement,94.0,5.0
1756173,29/06/2017,Vente,"177000,00",9.0,RUE,6178,MIGUEL DE CERVANTES,51100.0,REIMS,51,454,EX,502,1,2.0,Appartement,99.0,4.0
1756175,26/06/2017,Vente,"154000,00",45.0,RUE,4740,JACQUART,51100.0,REIMS,51,454,BH,126,1,2.0,Appartement,80.0,4.0
1756188,27/06/2017,Vente,"171750,00",128.0,RUE,3850,GAMBETTA,51100.0,REIMS,51,454,DM,632,2,2.0,Appartement,70.0,4.0
1756195,30/06/2017,Vente,"130000,00",17.0,RUE,6720,DE PARGNY,51100.0,REIMS,51,454,HX,401,2,2.0,Appartement,67.0,4.0
1756198,06/07/2017,Vente,"47200,00",32.0,RUE,3000,DOCTEUR THOMAS,51100.0,REIMS,51,454,AW,548,1,2.0,Appartement,26.0,1.0
1756199,05/07/2017,Vente,"650000,00",26.0,RUE,1740,CHANZY,51100.0,REIMS,51,454,IK,74,0,2.0,Appartement,160.0,7.0
1756200,05/07/2017,Vente,"650000,00",26.0,RUE,1740,CHANZY,51100.0,REIMS,51,454,IK,74,0,2.0,Appartement,65.0,3.0
1756203,21/06/2017,Vente,"172500,00",76.0,BD,1800,CHARLES ARNOULD,51100.0,REIMS,51,454,AO,493,2,2.0,Appartement,86.0,4.0
1756207,14/06/2017,Vente,"77000,00",179.0,AV,4900,JEAN JAURES,51100.0,REIMS,51,454,BK,461,2,2.0,Appartement,39.0,2.0
1756210,05/07/2017,Vente,"55000,00",13.0,RUE,8720,TOURNEBONNEAU,51100.0,REIMS,51,454,DM,630,1,2.0,Appartement,33.0,1.0
1756227,07/07/2017,Vente,"358500,00",37.0,RUE,8900,DE L UNIVERSITE,51100.0,REIMS,51,454,CX,581,2,2.0,Appartement,125.0,4.0
1756243,07/07/2017,Vente,"100000,00",37.0,RUE,4160,DE LA GOULETTE,51100.0,REIMS,51,454,BL,624,1,2.0,Appartement,118.0,5.0
1756246,07/07/2017,Vente,"263000,00",4.0,RUE,1610,CESAR POULAIN,51100.0,REIMS,51,454,CW,555,2,2.0,Appartement,104.0,3.0
1756248,04/07/2017,Vente,"210100,00",8.0,COUR,3110,DES ECHELLES,51100.0,REIMS,51,454,CW,81,1,2.0,Appartement,63.0,3.0
1756256,16/06/2017,Vente,"298000,00",61.0,RUE,5490,LIBERGIER,51100.0,REIMS,51,454,IK,929,2,2.0,Appartement,110.0,4.0
1756289,29/06/2017,Vente,"125750,00",55.0,AV,6823,PAUL MARCHANDEAU,51100.0,REIMS,51,454,DO,37,2,2.0,Appartement,65.0,3.0
1756313,19/06/2017,Vente,"76000,00",22.0,RUE,0600,DU BARBATRE,51100.0,REIMS,51,454,CY,29,1,2.0,Appartement,42.0,2.0
1756336,07/07/2017,Vente,"118000,00",1.0,RUE,8290,16E ET 22E DRAGONS,51100.0,REIMS,51,454,CK,17,1,2.0,Appartement,58.0,2.0
1756342,07/07/2017,Vente,"87000,00",39.0,RUE,4560,HINCMAR,51100.0,REIMS,51,454,IK,1267,1,2.0,Appartement,24.0,1.0
1756343,22/06/2017,Vente,"100000,00",1.0,ALL,0788,B FRANKLIN NEUV,51100.0,REIMS,51,454,KK,684,1,2.0,Appartement,74.0,4.0
1756390,07/06/2017,Vente en l'état futur d'achèvement,"126000,00",13.0,ALL,5425,LEON MICHAUD,51100.0,REIMS,51,454,CL,6,1,2.0,Appartement,46.0,2.0
1756391,03/07/2017,Vente,"103000,00",13.0,RUE,3970,DU GENERAL SARRAIL,51100.0,REIMS,51,454,IL,420,1,2.0,Appartement,35.0,2.0
1756402,30/06/2017,Vente,"65030,00",15.0,AV,3320,D EPERNAY,51100.0,REIMS,51,454,DP,459,1,2.0,Appartement,32.0,1.0
1756408,13/07/2017,Vente,"112000,00",22.0,RUE,6360,DES MURS,51100.0,REIMS,51,454,CY,62,1,2.0,Appartement,46.0,3.0
1756411,07/07/2017,Vente,"96000,00",1.0,RUE,1822,CHARLES PEGUY,51100.0,REIMS,51,454,AI,664,2,2.0,Appartement,59.0,3.0
1756414,13/07/2017,Vente,"4000,00",17.0,PL,1770,DU CHAPITRE,51100.0,REIMS,51,454,CX,29,2,2.0,Appartement,75.0,4.0
1756417,10/07/2017,Vente,"120000,00",76.0,RUE,5615,LOUIS PASTEUR NEUV,51100.0,REIMS,51,454,KI,231,1,2.0,Appartement,60.0,3.0
1756420,19/06/2017,Vente,"141000,00",6.0,RUE,7610,DES ROMAINS,51100.0,REIMS,51,454,AT,72,1,2.0,Appartement,72.0,3.0
1756426,07/07/2017,Vente,"113000,00",5.0,ESP,7433,REMI PELLOT,51100.0,REIMS,51,454,AN,169,1,2.0,Appartement,70.0,3.0
1756431,07/07/2017,Vente,"462000,00",14.0,RUE,1350,DU CADRAN ST PIERRE,51100.0,REIMS,51,454,IL,266,1,2.0,Appartement,166.0,5.0
1756433,07/07/2017,Vente,"110260,00",5.0,RUE,8720,TOURNEBONNEAU,51100.0,REIMS,51,454,DM,628,1,2.0,Appartement,45.0,2.0
1756435,10/07/2017,Vente,"163000,00",100.0,AV,4010,GEORGES CLEMENCEAU,51100.0,REIMS,51,454,CL,875,2,2.0,Appartement,103.0,5.0
1756437,03/07/2017,Vente,"176000,00",5.0,RUE,0470,DES AUGUSTINS,51100.0,REIMS,51,454,CY,43,2,2.0,Appartement,52.0,3.0
1756444,23/06/2017,Vente,"84000,00",140.0,BD,2650,DAUPHINOT,51100.0,REIMS,51,454,CV,1049,2,2.0,Appartement,49.0,2.0
1756448,20/06/2017,Vente,"75000,00",54.0,RUE,2430,DE COURCELLES,51100.0,REIMS,51,454,AR,808,1,2.0,Appartement,35.0,1.0
1756449,10/07/2017,Vente,"90000,00",1.0,BD,1800,CHARLES ARNOULD,51100.0,REIMS,51,454,AV,2,2,2.0,Appartement,33.0,2.0
1756458,07/07/2017,Vente,"102000,00",18.0,RUE,7340,DU PROGRES,51100.0,REIMS,51,454,AO,335,1,2.0,Appartement,63.0,3.0
1756464,30/06/2017,Vente,"79900,00",2.0,RUE,1550,CERES,51100.0,REIMS,51,454,CX,39,1,2.0,Appartement,27.0,2.0
1756466,30/06/2017,Vente,"180000,00",35.0,RUE,7160,PONSARDIN,51100.0,REIMS,51,454,CK,119,2,2.0,Appartement,79.0,4.0
1756635,05/07/2017,Vente,"63000,00",8.0,RUE,2960,DU DOCTEUR LEFORT,51100.0,REIMS,51,454,DO,602,1,2.0,Appartement,55.0,3.0
1756636,05/07/2017,Vente,"63000,00",8.0,RUE,2960,DU DOCTEUR LEFORT,51100.0,REIMS,51,454,DO,602,1,2.0,Appartement,55.0,3.0
1756640,11/07/2017,Vente,"50000,00",66.0,RUE,9040,DE VESLE,51100.0,REIMS,51,454,IM,119,1,2.0,Appartement,13.0,1.0
1756641,29/06/2017,Vente,"372500,00",40.0,RUE,6520,NICOLAS HENRIOT,51100.0,REIMS,51,454,CW,501,2,2.0,Appartement,135.0,6.0
1756645,21/06/2017,Vente,"95000,00",3.0,RUE,2440,DE COURLANCY,51100.0,REIMS,51,454,HX,75,2,2.0,Appartement,43.0,2.0
1756658,29/06/2017,Vente,"85000,00",2.0,RUE,8605,THEOPHILE GAUTIER,51100.0,REIMS,51,454,AD,829,2,2.0,Appartement,73.0,4.0
1756666,17/07/2017,Vente,"55000,00",16.0,RUE,1920,DE CHEVIGNE,51100.0,REIMS,51,454,CW,608,1,2.0,Appartement,22.0,1.0
1756682,27/06/2017,Vente,"147500,00",5.0,RUE,9100,VIELLART,51100.0,REIMS,51,454,CV,34,2,2.0,Appartement,75.0,3.0
1756684,11/07/2017,Vente,"82000,00",102.0,RUE,3850,GAMBETTA,51100.0,REIMS,51,454,CY,622,1,2.0,Appartement,32.0,1.0
1756688,11/07/2017,Vente,"420000,00",19.0,RUE,5490,LIBERGIER,51100.0,REIMS,51,454,IK,46,0,2.0,Appartement,58.0,2.0
1756689,11/07/2017,Vente,"420000,00",19.0,RUE,5490,LIBERGIER,51100.0,REIMS,51,454,IK,46,0,2.0,Appartement,48.0,2.0
1756690,11/07/2017,Vente,"420000,00",19.0,RUE,5490,LIBERGIER,51100.0,REIMS,51,454,IK,46,0,2.0,Appartement,31.0,1.0
1756692,11/07/2017,Vente,"420000,00",19.0,RUE,5490,LIBERGIER,51100.0,REIMS,51,454,IK,46,0,2.0,Appartement,45.0,2.0
1756697,13/07/2017,Vente,"131000,00",19.0,RUE,2760,DESBUREAUX,51100.0,REIMS,51,454,AL,419,2,2.0,Appartement,79.0,4.0
1756699,05/07/2017,Vente,"210000,00",45.0,RUE,8500,DE TALLEYRAND,51100.0,REIMS,51,454,IL,613,2,2.0,Appartement,93.0,3.0
1756701,13/07/2017,Vente,"105000,00",8.0,RUE,2192,COMMANDANT ARNAUD,51100.0,REIMS,51,454,AL,402,2,2.0,Appartement,71.0,3.0
1756711,06/07/2017,Vente,"61500,00",52.0,RUE,3000,DOCTEUR THOMAS,51100.0,REIMS,51,454,AW,280,1,2.0,Appartement,12.0,1.0
1756712,06/07/2017,Vente,"61500,00",52.0,RUE,3000,DOCTEUR THOMAS,51100.0,REIMS,51,454,AW,280,1,2.0,Appartement,12.0,1.0
1756713,05/07/2017,Vente,"94000,00",24.0,RUE,6720,DE PARGNY,51100.0,REIMS,51,454,HW,390,1,2.0,Appartement,44.0,2.0
1756715,05/07/2017,Vente,"105000,00",15.0,RUE,5400,LEON FAUCHER,51100.0,REIMS,51,454,BC,128,1,2.0,Appartement,73.0,2.0
1756721,03/07/2017,Vente en l'état futur d'achèvement,"183760,00",65.0,RUE,6230,DU MONT D ARENE,51100.0,REIMS,51,454,AT,9,1,2.0,Appartement,45.0,2.0
1756723,30/06/2017,Vente,"190000,00",61.0,RUE,3360,ERNEST RENAN,51100.0,REIMS,51,454,AR,407,2,2.0,Appartement,75.0,3.0
1756731,30/06/2017,Vente,"135000,00",27.0,RUE,1710,DE CHAMPIGNY,51100.0,REIMS,51,454,AR,302,2,2.0,Appartement,76.0,5.0
1756744,29/06/2017,Vente,"45000,00",21.0,AV,4455,HENRI FARMAN,51100.0,REIMS,51,454,DH,90,1,2.0,Appartement,17.0,1.0
1756751,30/06/2017,Vente en l'état futur d'achèvement,"97853,00",65.0,RUE,6230,DU MONT D ARENE,51100.0,REIMS,51,454,AT,9,1,2.0,Appartement,29.0,1.0
1756782,12/07/2017,Vente,"49500,00",4.0,RUE,7560,ROCKEFELLER,51100.0,REIMS,51,454,CX,614,1,2.0,Appartement,18.0,1.0
1756783,12/07/2017,Vente,"169000,00",9.0,AV,4900,JEAN JAURES,51100.0,REIMS,51,454,BH,265,3,2.0,Appartement,78.0,4.0
1756784,13/07/2017,Vente en l'état futur d'achèvement,"174500,00",51.0,RUE,0600,DU BARBATRE,51100.0,REIMS,51,454,CY,749,1,2.0,Appartement,47.0,2.0
1756785,13/07/2017,Vente,"100000,00",7.0,RUE,0450,AUGER,51100.0,REIMS,51,454,AI,222,2,2.0,Appartement,60.0,3.0
1756788,13/07/2017,Vente,"75000,00",3.0,RUE,5785,MAGELLAN,51100.0,REIMS,51,454,EV,589,1,2.0,Appartement,42.0,2.0
1756789,13/07/2017,Vente,"75000,00",3.0,RUE,5785,MAGELLAN,51100.0,REIMS,51,454,EV,589,1,2.0,Appartement,60.0,3.0
1756790,11/07/2017,Vente en l'état futur d'achèvement,"106000,00",51.0,RUE,0600,DU BARBATRE,51100.0,REIMS,51,454,CY,749,1,2.0,Appartement,20.0,1.0
1756797,11/07/2017,Vente,"105000,00",3.0,RUE,3210,DES ELUS,51100.0,REIMS,51,454,IL,100,3,2.0,Appartement,45.0,2.0
1756800,13/07/2017,Vente en l'état futur d'achèvement,"174000,00",51.0,RUE,0600,DU BARBATRE,51100.0,REIMS,51,454,CY,749,1,2.0,Appartement,47.0,2.0
1756803,11/07/2017,Vente,"72500,00",9.0,RUE,1850,DU CHATEAU PORTE MARS,51100.0,REIMS,51,454,IL,7,1,2.0,Appartement,58.0,2.0
1756812,13/07/2017,Vente en l'état futur d'achèvement,"176500,00",51.0,RUE,0600,DU BARBATRE,51100.0,REIMS,51,454,CY,749,1,2.0,Appartement,46.0,2.0
1756814,11/07/2017,Vente en l'état futur d'achèvement,"96300,00",51.0,RUE,0600,DU BARBATRE,51100.0,REIMS,51,454,CY,749,1,2.0,Appartement,24.0,1.0
1756819,12/07/2017,Vente en l'état futur d'achèvement,"180000,00",51.0,RUE,0600,DU BARBATRE,51100.0,REIMS,51,454,CY,749,1,2.0,Appartement,43.0,2.0
1756821,12/07/2017,Vente en l'état futur d'achèvement,"88500,00",51.0,RUE,0600,DU BARBATRE,51100.0,REIMS,51,454,CY,749,1,2.0,Appartement,24.0,1.0
1756824,04/07/2017,Vente,"124000,00",101.0,RUE,3850,GAMBETTA,51100.0,REIMS,51,454,CY,634,2,2.0,Appartement,52.0,3.0
1756843,07/07/2017,Vente,"250000,00",3.0,RUE,2260,CONDORCET,51100.0,REIMS,51,454,IL,171,1,2.0,Appartement,107.0,5.0
1756844,12/07/2017,Vente,"175500,00",18.0,BD,5680,LUNDY,51100.0,REIMS,51,454,BH,350,1,2.0,Appartement,53.0,3.0
1756846,06/07/2017,Vente,"12000,00",7.0,RUE,3430,EUGENE DESTEUQUE,51100.0,REIMS,51,454,CX,50,1,2.0,Appartement,37.0,2.0
1756849,10/07/2017,Vente,"119000,00",6.0,RUE,8320,DE SILLERY,51100.0,REIMS,51,454,CI,146,1,2.0,Appartement,85.0,4.0
1756857,23/06/2017,Vente,"70000,00",20.0,RUE,4080,GILBERT,51100.0,REIMS,51,454,AR,204,3,2.0,Appartement,38.0,0.0
1756870,18/07/2017,Vente,"160000,00",14.0,RUE,8730,DES TOURNELLES,51100.0,REIMS,51,454,CX,420,2,2.0,Appartement,70.0,5.0
1756872,18/07/2017,Vente,"14500,00",14.0,RUE,8730,DES TOURNELLES,51100.0,REIMS,51,454,CX,420,1,2.0,Appartement,70.0,5.0
1756879,10/07/2017,Vente,"160730,00",17.0,RUE,8670,DE TINQUEUX,51100.0,REIMS,51,454,IO,66,1,2.0,Appartement,70.0,3.0
1756882,17/07/2017,Vente,"120900,00",36.0,RUE,6890,PERSEVAL,51100.0,REIMS,51,454,CW,458,1,2.0,Appartement,43.0,2.0
1756886,26/06/2017,Vente,"60000,00",41.0,RUE,3990,GEORGES BOUSSINESQ,51100.0,REIMS,51,454,CL,874,2,2.0,Appartement,43.0,2.0
1756895,12/07/2017,Vente,"60000,00",8.0,RUE,4870,JEAN DE FOIGNY,51100.0,REIMS,51,454,DO,591,1,2.0,Appartement,41.0,2.0
1756896,12/07/2017,Vente,"60000,00",10.0,RUE,4870,JEAN DE FOIGNY,51100.0,REIMS,51,454,DO,591,1,2.0,Appartement,55.0,3.0
1756902,06/07/2017,Vente,"111000,00",7.0,RUE,3430,EUGENE DESTEUQUE,51100.0,REIMS,51,454,CX,50,2,2.0,Appartement,37.0,2.0
1756903,05/07/2017,Vente,"55000,00",7.0,PL,5894,MAL DE LATTRE DE TASSIGNY,51100.0,REIMS,51,454,CO,415,2,2.0,Appartement,64.0,4.0
1756904,29/06/2017,Vente,"380000,00",8.0,RUE,4540,HENRI IV,51100.0,REIMS,51,454,BE,354,1,2.0,Appartement,140.0,4.0
1756908,13/07/2017,Vente,"160000,00",3.0,RUE,2110,COLASSE,51100.0,REIMS,51,454,DM,634,2,2.0,Appartement,79.0,4.0
1756926,07/07/2017,Vente,"85000,00",8.0,RUE,5880,DU MARC,51100.0,REIMS,51,454,BE,525,1,2.0,Appartement,46.0,1.0
1756930,11/07/2017,Vente,"287000,00",9.0,RUE,7160,PONSARDIN,51100.0,REIMS,51,454,CX,95,2,2.0,Appartement,70.0,5.0
1756941,12/07/2017,Vente,"91000,00",12.0,RUE,6260,MONTLAURENT,51100.0,REIMS,51,454,CZ,427,1,2.0,Appartement,47.0,2.0
1756944,21/07/2017,Vente,"213200,00",3.0,RUE,8290,16E ET 22E DRAGONS,51100.0,REIMS,51,454,CK,17,2,2.0,Appartement,106.0,5.0
1756946,13/07/2017,Vente,"120000,00",39.0,AV,4455,HENRI FARMAN,51100.0,REIMS,51,454,EK,6,1,2.0,Appartement,21.0,1.0
1756947,13/07/2017,Vente,"120000,00",39.0,AV,4455,HENRI FARMAN,51100.0,REIMS,51,454,EK,6,1,2.0,Appartement,19.0,1.0
1756949,12/07/2017,Vente,"156000,00",2.0,RUE,4150,GOSSET,51100.0,REIMS,51,454,BD,99,1,2.0,Appartement,92.0,3.0
1756954,18/07/2017,Vente,"200000,00",18.0,PAS,7870,ST JACQUES,51100.0,REIMS,51,454,IL,147,2,2.0,Appartement,90.0,4.0
1756955,30/06/2017,Vente,"200000,00",65.0,RUE,4770,DU JARD,51100.0,REIMS,51,454,IK,288,2,2.0,Appartement,118.0,5.0
1756961,24/07/2017,Vente,"71000,00",15.0,RUE,7405,RAYMOND POINCARE,51100.0,REIMS,51,454,AE,117,2,2.0,Appartement,59.0,3.0
1756972,12/07/2017,Vente,"81000,00",4.0,RUE,8603,THEODORE GERICAULT,51100.0,REIMS,51,454,AE,296,2,2.0,Appartement,66.0,3.0
1756974,11/07/2017,Vente,"115000,00",229.0,RUE,2440,DE COURLANCY,51100.0,REIMS,51,454,DN,229,1,2.0,Appartement,60.0,3.0
1756981,13/07/2017,Vente,"75000,00",27.0,AV,4010,GEORGES CLEMENCEAU,51100.0,REIMS,51,454,CL,560,2,2.0,Appartement,55.0,3.0
1756990,18/07/2017,Vente,"66000,00",14.0,RUE,8480,DE TAISSY,51100.0,REIMS,51,454,DK,233,2,2.0,Appartement,59.0,3.0
1756991,19/07/2017,Vente,"165000,00",8.0,RUE,6520,NICOLAS HENRIOT,51100.0,REIMS,51,454,CW,522,2,2.0,Appartement,95.0,4.0
1756992,25/07/2017,Vente,"108000,00",25.0,BD,6690,DE LA PAIX,51100.0,REIMS,51,454,CK,128,2,2.0,Appartement,53.0,2.0
1757023,10/07/2017,Vente,"143400,00",16.0,RUE,5895,MARECHAL GALLIENI,51100.0,REIMS,51,454,AH,609,1,2.0,Appartement,74.0,3.0
1757031,13/07/2017,Vente,"43500,00",39.0,RUE,7230,DE POUILLON,51100.0,REIMS,51,454,AN,156,1,2.0,Appartement,30.0,2.0
1757032,17/07/2017,Vente,"210000,00",20.0,RUE,2500,DES CRENEAUX,51100.0,REIMS,51,454,CZ,168,3,2.0,Appartement,95.0,5.0
1757050,18/07/2017,Vente en l'état futur d'achèvement,"215456,00",65.0,RUE,6230,DU MONT D ARENE,51100.0,REIMS,51,454,AT,9,1,2.0,Appartement,61.0,3.0
1757061,16/06/2017,Vente en l'état futur d'achèvement,"125000,00",13.0,ALL,5425,LEON MICHAUD,51100.0,REIMS,51,454,CL,6,1,2.0,Appartement,44.0,2.0
1757075,19/07/2017,Vente,"75000,00",148.0,RUE,1590,DE CERNAY,51100.0,REIMS,51,454,CV,252,1,2.0,Appartement,42.0,2.0
1757081,13/07/2017,Vente,"69120,00",1.0,RUE,6330,DES MOULINS,51100.0,REIMS,51,454,DM,632,2,2.0,Appartement,46.0,2.0
1757089,13/07/2017,Vente,"150000,00",23.0,RUE,0600,DU BARBATRE,51100.0,REIMS,51,454,CY,93,1,2.0,Appartement,80.0,4.0
1757090,18/07/2017,Vente en l'état futur d'achèvement,"194000,00",,RUE,5891,MARCEL THIL,51100.0,REIMS,51,454,AV,1082,1,2.0,Appartement,56.0,2.0
1757095,21/07/2017,Vente,"180000,00",6.0,RUE,5540,LINGUET,51100.0,REIMS,51,454,BE,241,1,2.0,Appartement,76.0,3.0
1757096,21/07/2017,Vente,"180000,00",6.0,RUE,5540,LINGUET,51100.0,REIMS,51,454,BE,241,1,2.0,Appartement,75.0,3.0
1757099,30/06/2017,Vente,"187500,00",125.0,RUE,9040,DE VESLE,51100.0,REIMS,51,454,IK,1346,1,2.0,Appartement,80.0,4.0
1757101,29/06/2017,Vente,"117000,00",4.0,RUE,2500,DES CRENEAUX,51100.0,REIMS,51,454,CZ,161,1,2.0,Appartement,58.0,2.0
1757104,29/06/2017,Vente,"165000,00",125.0,RUE,9040,DE VESLE,51100.0,REIMS,51,454,IK,1346,1,2.0,Appartement,74.0,3.0
1757105,21/07/2017,Vente en l'état futur d'achèvement,"226900,00",,RUE,5891,MARCEL THIL,51100.0,REIMS,51,454,AV,1082,1,2.0,Appartement,70.0,3.0
1757108,29/06/2017,Vente,"250000,00",71.0,AV,4900,JEAN JAURES,51100.0,REIMS,51,454,BI,380,4,2.0,Appartement,171.0,5.0
1757109,29/06/2017,Vente,"53000,00",16.0,RUE,1460,DES CARMES,51100.0,REIMS,51,454,CY,626,1,2.0,Appartement,22.0,1.0
1757113,29/06/2017,Vente,"157800,00",89.0,RUE,2560,CROIX ST MARC,51100.0,REIMS,51,454,CV,1189,1,2.0,Appartement,53.0,3.0
1757123,19/07/2017,Vente,"143000,00",50.0,RUE,5160,DE LA JUSTICE,51100.0,REIMS,51,454,BD,99,1,2.0,Appartement,97.0,4.0
1757124,18/07/2017,Vente,"122500,00",48.0,RUE,5160,DE LA JUSTICE,51100.0,REIMS,51,454,BD,99,1,2.0,Appartement,76.0,3.0
1757130,25/07/2017,Vente,"105000,00",249.0,RUE,2440,DE COURLANCY,51100.0,REIMS,51,454,DN,217,2,2.0,Appartement,55.0,3.0
1757134,11/07/2017,Vente en l'état futur d'achèvement,"197000,00",13.0,ALL,5425,LEON MICHAUD,51100.0,REIMS,51,454,CL,6,1,2.0,Appartement,74.0,3.0
1757136,13/07/2017,Vente,"9000,00",48.0,RUE,1280,BRULEE,51100.0,REIMS,51,454,IK,542,1,2.0,Appartement,50.0,2.0
1757138,17/07/2017,Vente,"111000,00",136.0,AV,4900,JEAN JAURES,51100.0,REIMS,51,454,CV,1073,2,2.0,Appartement,63.0,3.0
1757141,19/07/2017,Vente,"95000,00",34.0,RUE,8820,DES 3 PILIERS,51100.0,REIMS,51,454,AW,67,1,2.0,Appartement,43.0,2.0
1757144,21/07/2017,Vente,"125000,00",22.0,RUE,3000,DOCTEUR THOMAS,51100.0,REIMS,51,454,AW,365,1,2.0,Appartement,68.0,3.0
1757145,18/07/2017,Vente,"260000,00",6.0,RUE,0150,D ALGER,51100.0,REIMS,51,454,CS,25,0,2.0,Appartement,42.0,1.0
1757146,18/07/2017,Vente,"260000,00",6.0,RUE,0150,D ALGER,51100.0,REIMS,51,454,CS,25,0,2.0,Appartement,55.0,3.0
1757149,18/07/2017,Vente,"260000,00",6.0,RUE,0150,D ALGER,51100.0,REIMS,51,454,CS,25,0,2.0,Appartement,55.0,2.0
1757150,18/07/2017,Vente,"260000,00",6.0,RUE,0150,D ALGER,51100.0,REIMS,51,454,CS,25,0,2.0,Appartement,32.0,1.0
1757151,18/07/2017,Vente,"260000,00",6.0,RUE,0150,D ALGER,51100.0,REIMS,51,454,CS,25,0,2.0,Appartement,42.0,1.0
1757152,18/07/2017,Vente,"260000,00",6.0,RUE,0150,D ALGER,51100.0,REIMS,51,454,CS,25,0,2.0,Appartement,42.0,1.0
1757164,27/07/2017,Vente,"61000,00",16.0,RUE,5650,DE LOUVOIS,51100.0,REIMS,51,454,DV,672,1,2.0,Appartement,21.0,1.0
1757166,25/07/2017,Vente,"170550,00",27.0,RUE,9040,DE VESLE,51100.0,REIMS,51,454,IK,4,2,2.0,Appartement,63.0,3.0
1757169,27/07/2017,Vente,"225000,00",23.0,RUE,0820,DE BERRU,51100.0,REIMS,51,454,CV,806,0,2.0,Appartement,41.0,2.0
1757170,27/07/2017,Vente,"225000,00",23.0,RUE,0820,DE BERRU,51100.0,REIMS,51,454,CV,806,0,2.0,Appartement,27.0,1.0
1757171,27/07/2017,Vente,"225000,00",23.0,RUE,0820,DE BERRU,51100.0,REIMS,51,454,CV,806,0,2.0,Appartement,43.0,2.0
1757172,27/07/2017,Vente,"225000,00",23.0,RUE,0820,DE BERRU,51100.0,REIMS,51,454,CV,806,0,2.0,Appartement,27.0,1.0
1757174,27/07/2017,Vente,"225000,00",23.0,RUE,0820,DE BERRU,51100.0,REIMS,51,454,CV,806,0,2.0,Appartement,36.0,2.0
1757175,27/07/2017,Vente,"225000,00",23.0,RUE,0820,DE BERRU,51100.0,REIMS,51,454,CV,806,0,2.0,Appartement,41.0,2.0
1757176,27/07/2017,Vente,"225000,00",23.0,RUE,0820,DE BERRU,51100.0,REIMS,51,454,CV,806,0,2.0,Appartement,41.0,2.0
1757177,27/07/2017,Vente,"225000,00",23.0,RUE,0820,DE BERRU,51100.0,REIMS,51,454,CV,806,0,2.0,Appartement,35.0,2.0
1757184,26/07/2017,Vente,"157000,00",34.0,AV,4900,JEAN JAURES,51100.0,REIMS,51,454,CW,82,3,2.0,Appartement,70.0,5.0
1757185,21/07/2017,Vente,"65000,00",2.0,RUE,8605,THEOPHILE GAUTIER,51100.0,REIMS,51,454,AD,829,2,2.0,Appartement,57.0,3.0
1757187,12/07/2017,Vente,"304000,00",49.0,RUE,7710,RUINART DE BRIMONT,51100.0,REIMS,51,454,CW,674,0,2.0,Appartement,54.0,3.0
1757188,12/07/2017,Vente,"304000,00",49.0,RUE,7710,RUINART DE BRIMONT,51100.0,REIMS,51,454,CW,674,0,2.0,Appartement,67.0,4.0
1757189,12/07/2017,Vente,"304000,00",49.0,RUE,7710,RUINART DE BRIMONT,51100.0,REIMS,51,454,CW,674,0,2.0,Appartement,48.0,2.0
1757190,12/07/2017,Vente,"304000,00",49.0,RUE,7710,RUINART DE BRIMONT,51100.0,REIMS,51,454,CW,674,0,2.0,Appartement,30.0,2.0
1757194,12/07/2017,Vente,"313500,00",7.0,RUE,8270,DE SEBASTOPOL,51100.0,REIMS,51,454,BI,129,1,2.0,Appartement,23.0,2.0
1757195,12/07/2017,Vente,"313500,00",7.0,RUE,8270,DE SEBASTOPOL,51100.0,REIMS,51,454,BI,129,2,2.0,Appartement,40.0,2.0
1757196,12/07/2017,Vente,"313500,00",7.0,RUE,8270,DE SEBASTOPOL,51100.0,REIMS,51,454,BI,129,1,2.0,Appartement,23.0,2.0
1757197,12/07/2017,Vente,"313500,00",7.0,RUE,8270,DE SEBASTOPOL,51100.0,REIMS,51,454,BI,129,2,2.0,Appartement,44.0,2.0
1757198,12/07/2017,Vente,"313500,00",7.0,RUE,8270,DE SEBASTOPOL,51100.0,REIMS,51,454,BI,129,2,2.0,Appartement,40.0,2.0
1757199,12/07/2017,Vente,"313500,00",7.0,RUE,8270,DE SEBASTOPOL,51100.0,REIMS,51,454,BI,129,2,2.0,Appartement,44.0,2.0
1757203,21/07/2017,Vente,"79500,00",6.0,RUE,1640,DU CHALET,51100.0,REIMS,51,454,BK,278,1,2.0,Appartement,36.0,3.0
1757204,30/06/2017,Vente,"43000,00",3.0,RUE,0180,ALPHONSE DEFFAUT,51100.0,REIMS,51,454,AN,287,2,2.0,Appartement,44.0,2.0
1757207,28/06/2017,Vente en l'état futur d'achèvement,"246372,00",14.0,BD,6690,DE LA PAIX,51100.0,REIMS,51,454,CX,534,1,2.0,Appartement,59.0,2.0
1757209,24/07/2017,Vente,"58700,00",1.0,RUE,1920,DE CHEVIGNE,51100.0,REIMS,51,454,CL,154,2,2.0,Appartement,35.0,1.0
1757214,21/07/2017,Vente,"53000,00",12.0,BD,2830,DIEU LUMIERE,51100.0,REIMS,51,454,DK,269,2,2.0,Appartement,33.0,1.0
1757216,21/07/2017,Vente,"87900,00",6.0,ALL,3165,EDOUARD DEKETELAERE,51100.0,REIMS,51,454,AN,668,1,2.0,Appartement,57.0,3.0
1757217,24/07/2017,Vente,"145000,00",13.0,ESP,7433,REMI PELLOT,51100.0,REIMS,51,454,AN,169,1,2.0,Appartement,88.0,4.0
1757229,28/06/2017,Vente en l'état futur d'achèvement,"246181,00",14.0,BD,6690,DE LA PAIX,51100.0,REIMS,51,454,CX,534,1,2.0,Appartement,60.0,3.0
1757236,30/06/2017,Vente,"68000,00",13.0,RUE,6720,DE PARGNY,51100.0,REIMS,51,454,HX,399,1,2.0,Appartement,45.0,3.0
1757243,07/07/2017,Vente,"141970,00",43.0,RUE,1830,CHARLIER,51100.0,REIMS,51,454,BI,265,1,2.0,Appartement,79.0,4.0
1757244,20/07/2017,Vente,"200000,00",150.0,BD,7960,ST MARCEAUX,51100.0,REIMS,51,454,CK,147,2,2.0,Appartement,72.0,3.0
1757250,24/07/2017,Vente,"130000,00",7.0,RUE,8980,VERNOUILLET,51100.0,REIMS,51,454,AT,221,2,2.0,Appartement,76.0,3.0
1757265,26/07/2017,Vente,"64000,00",451.0,AV,5300,DE LAON,51100.0,REIMS,51,454,AD,10,2,2.0,Appartement,48.0,2.0
1757269,21/07/2017,Vente,"66500,00",54.0,RUE,1360,CAMILLE LENOIR,51100.0,REIMS,51,454,BH,151,1,2.0,Appartement,25.0,2.0
1757270,19/07/2017,Vente,"172000,00",7.0,ALL,1725,CH NICOLAS ROLAND,51100.0,REIMS,51,454,DM,239,2,2.0,Appartement,105.0,5.0
1757273,27/07/2017,Vente,"142000,00",30.0,RUE,2840,DIEU LUMIERE,51100.0,REIMS,51,454,DM,96,1,2.0,Appartement,70.0,3.0
1757281,30/06/2017,Vente,"150000,00",20.0,RUE,3190,EDOUARD VAILLANT,51100.0,REIMS,51,454,CK,94,1,2.0,Appartement,61.0,3.0
1757282,18/07/2017,Vente,"165000,00",29.0,BD,6790,PAUL DOUMER,51100.0,REIMS,51,454,IK,1362,2,2.0,Appartement,104.0,5.0
1757284,26/07/2017,Vente,"98000,00",13.0,AV,0070,ALEXANDRE DE SERBIE,51100.0,REIMS,51,454,DT,227,2,2.0,Appartement,78.0,5.0
1757289,27/07/2017,Vente,"50000,00",92.0,RUE,6330,DES MOULINS,51100.0,REIMS,51,454,CY,421,2,2.0,Appartement,40.0,2.0
1757294,26/07/2017,Vente,"188000,00",6.0,RUE,5540,LINGUET,51100.0,REIMS,51,454,BE,241,1,2.0,Appartement,77.0,3.0
1757295,26/07/2017,Vente,"188000,00",6.0,RUE,5540,LINGUET,51100.0,REIMS,51,454,BE,241,1,2.0,Appartement,76.0,3.0
1757296,24/07/2017,Vente,"140000,00",27.0,RUE,3390,DE L ETAPE,51100.0,REIMS,51,454,IL,560,1,2.0,Appartement,43.0,2.0
1757297,24/07/2017,Vente,"140000,00",27.0,RUE,3390,DE L ETAPE,51100.0,REIMS,51,454,IL,560,1,2.0,Appartement,34.0,2.0
1757301,25/07/2017,Vente,"159000,00",95.0,RUE,8090,SAINT THIERRY,51100.0,REIMS,51,454,AO,454,2,2.0,Appartement,97.0,4.0
1757302,12/07/2017,Vente,"74000,00",18.0,RUE,8480,DE TAISSY,51100.0,REIMS,51,454,DK,234,2,2.0,Appartement,59.0,3.0
1757305,27/07/2017,Vente,"133000,00",15.0,RUE,6000,MARTEAU,51100.0,REIMS,51,454,CV,34,2,2.0,Appartement,68.0,3.0
1757312,26/07/2017,Vente,"113000,00",9.0,RUE,6360,DES MURS,51100.0,REIMS,51,454,CX,271,1,2.0,Appartement,39.0,2.0
1757314,25/07/2017,Vente,"214000,00",20.0,RUE,3340,DE L EQUERRE,51100.0,REIMS,51,454,CY,648,2,2.0,Appartement,67.0,3.0
1757317,25/07/2017,Vente en l'état futur d'achèvement,"131500,00",,RUE,5891,MARCEL THIL,51100.0,REIMS,51,454,AV,1082,1,2.0,Appartement,40.0,2.0
1757318,27/07/2017,Vente,"70000,00",195.0,AV,4900,JEAN JAURES,51100.0,REIMS,51,454,BK,334,1,2.0,Appartement,36.0,2.0
1757353,25/07/2017,Vente,"108000,00",9.0,RUE,8950,DE VENISE,51100.0,REIMS,51,454,CY,445,4,2.0,Appartement,56.0,2.0
1757363,26/07/2017,Vente,"55000,00",17.0,BD,7960,ST MARCEAUX,51100.0,REIMS,51,454,CK,23,1,2.0,Appartement,31.0,1.0
1757403,24/07/2017,Vente,"87000,00",55.0,RUE,2590,D ESTIENNE D ORVES,51100.0,REIMS,51,454,DV,407,2,2.0,Appartement,84.0,5.0
1757412,27/07/2017,Vente,"155000,00",80.0,RUE,6330,DES MOULINS,51100.0,REIMS,51,454,CY,617,2,2.0,Appartement,75.0,4.0
1757415,01/08/2017,Vente,"95000,00",67.0,RUE,3500,FAVART D HERBIGNY,51100.0,REIMS,51,454,CV,1134,1,2.0,Appartement,42.0,2.0
1757418,01/08/2017,Vente,"62540,00",86.0,RUE,7010,PIERRE BROSSOLETTE,51100.0,REIMS,51,454,AV,538,2,2.0,Appartement,43.0,2.0
1757420,31/07/2017,Vente,"315000,00",1.0,RUE,3360,ERNEST RENAN,51100.0,REIMS,51,454,AR,338,0,2.0,Appartement,100.0,4.0
1757421,31/07/2017,Vente,"315000,00",1.0,RUE,3360,ERNEST RENAN,51100.0,REIMS,51,454,AR,338,0,2.0,Appartement,70.0,3.0
1757431,27/07/2017,Vente,"66500,00",38.0,RUE,1030,DE LA BONNE FEMME,51100.0,REIMS,51,454,DO,154,1,2.0,Appartement,32.0,1.0
1757433,26/07/2017,Vente en l'état futur d'achèvement,"181500,00",,RUE,5891,MARCEL THIL,51100.0,REIMS,51,454,AV,1082,1,2.0,Appartement,49.0,2.0
1757435,28/07/2017,Vente,"140000,00",45.0,RUE,8500,DE TALLEYRAND,51100.0,REIMS,51,454,IL,613,1,2.0,Appartement,58.0,3.0
1757442,27/07/2017,Vente,"261800,00",128.0,RUE,0200,D ALSACE LORRAINE,51100.0,REIMS,51,454,CV,304,0,2.0,Appartement,72.0,3.0
1757443,27/07/2017,Vente,"261800,00",128.0,RUE,0200,D ALSACE LORRAINE,51100.0,REIMS,51,454,CV,304,0,2.0,Appartement,20.0,1.0
1757444,27/07/2017,Vente,"261800,00",128.0,RUE,0200,D ALSACE LORRAINE,51100.0,REIMS,51,454,CV,304,0,2.0,Appartement,31.0,2.0
1757445,27/07/2017,Vente,"261800,00",128.0,RUE,0200,D ALSACE LORRAINE,51100.0,REIMS,51,454,CV,304,0,2.0,Appartement,21.0,1.0
1757446,27/07/2017,Vente,"261800,00",128.0,RUE,0200,D ALSACE LORRAINE,51100.0,REIMS,51,454,CV,304,0,2.0,Appartement,31.0,2.0
1757451,20/07/2017,Vente,"153800,00",21.0,RUE,6830,P VAILLANT COUTURIER,51100.0,REIMS,51,454,AV,767,1,2.0,Appartement,72.0,3.0
1757456,02/08/2017,Vente,"46000,00",23.0,BD,6690,DE LA PAIX,51100.0,REIMS,51,454,CK,128,2,2.0,Appartement,26.0,1.0
1757459,13/07/2017,Vente,"56000,00",112.0,RUE,3850,GAMBETTA,51100.0,REIMS,51,454,CY,344,1,2.0,Appartement,23.0,1.0
1757464,01/08/2017,Vente,"137000,00",95.0,RUE,8090,SAINT THIERRY,51100.0,REIMS,51,454,AO,454,1,2.0,Appartement,81.0,4.0
1757465,31/07/2017,Vente,"150800,00",198.0,AV,4900,JEAN JAURES,51100.0,REIMS,51,454,CV,34,2,2.0,Appartement,102.0,5.0
1757468,26/07/2017,Vente en l'état futur d'achèvement,"124000,00",,RUE,5891,MARCEL THIL,51100.0,REIMS,51,454,AV,1082,1,2.0,Appartement,33.0,1.0
1757470,25/07/2017,Vente,"26736,63",4.0,PL,7016,PIERRE DE FERMAT,51100.0,REIMS,51,454,AE,117,2,2.0,Appartement,70.0,4.0
1757473,27/07/2017,Vente,"102000,00",4.0,RUE,2290,COQUEBERT,51100.0,REIMS,51,454,BH,418,1,2.0,Appartement,34.0,1.0
1757474,28/07/2017,Vente,"275850,00",24.0,RUE,3150,DE L ECU,51100.0,REIMS,51,454,CW,653,2,2.0,Appartement,94.0,4.0
1757476,26/07/2017,Vente,"131000,00",63.0,RUE,2590,D ESTIENNE D ORVES,51100.0,REIMS,51,454,DV,410,1,2.0,Appartement,57.0,2.0
1757478,26/07/2017,Vente,"65500,00",193.0,RUE,1590,DE CERNAY,51100.0,REIMS,51,454,CT,59,2,2.0,Appartement,40.0,2.0
1757481,18/07/2017,Vente,"164000,00",2.0,RUE,9240,WARNIER,51100.0,REIMS,51,454,BH,269,5,2.0,Appartement,90.0,4.0
1757488,01/08/2017,Vente,"230000,00",7.0,RUE,1390,DES CAPUCINS,51100.0,REIMS,51,454,IK,1357,2,2.0,Appartement,80.0,3.0
1757491,27/07/2017,Vente,"76500,00",77.0,AV,6730,DE PARIS,51100.0,REIMS,51,454,HX,5,1,2.0,Appartement,30.0,2.0
1757499,04/07/2017,Vente,"174000,00",38.0,RUE,7790,DE ST BRICE,51100.0,REIMS,51,454,AT,297,2,2.0,Appartement,80.0,4.0
1757524,07/07/2017,Vente,"137060,00",31.0,AV,4900,JEAN JAURES,51100.0,REIMS,51,454,BH,531,2,2.0,Appartement,57.0,3.0
1757531,06/07/2017,Vente,"610000,00",135.0,RUE,1360,CAMILLE LENOIR,51100.0,REIMS,51,454,BI,510,0,2.0,Appartement,45.0,3.0
1757532,06/07/2017,Vente,"610000,00",135.0,RUE,1360,CAMILLE LENOIR,51100.0,REIMS,51,454,BI,510,0,2.0,Appartement,41.0,2.0
1757533,06/07/2017,Vente,"610000,00",135.0,RUE,1360,CAMILLE LENOIR,51100.0,REIMS,51,454,BI,510,0,2.0,Appartement,45.0,3.0
1757534,06/07/2017,Vente,"610000,00",135.0,RUE,1360,CAMILLE LENOIR,51100.0,REIMS,51,454,BI,510,0,2.0,Appartement,25.0,2.0
1757535,06/07/2017,Vente,"610000,00",135.0,RUE,1360,CAMILLE LENOIR,51100.0,REIMS,51,454,BI,510,0,2.0,Appartement,25.0,1.0
1757537,06/07/2017,Vente,"610000,00",135.0,RUE,1360,CAMILLE LENOIR,51100.0,REIMS,51,454,BI,510,0,2.0,Appartement,45.0,2.0
1757539,06/07/2017,Vente,"610000,00",135.0,RUE,1360,CAMILLE LENOIR,51100.0,REIMS,51,454,BI,510,0,2.0,Appartement,25.0,2.0
1757540,05/07/2017,Vente en l'état futur d'achèvement,"360000,00",14.0,BD,6690,DE LA PAIX,51100.0,REIMS,51,454,CX,534,1,2.0,Appartement,78.0,3.0
1757547,26/06/2017,Vente,"42500,00",21.0,AV,4455,HENRI FARMAN,51100.0,REIMS,51,454,DH,90,1,2.0,Appartement,17.0,1.0
1757552,28/07/2017,Vente,"110000,00",20.0,RUE,8480,DE TAISSY,51100.0,REIMS,51,454,DK,234,2,2.0,Appartement,69.0,4.0
1757554,28/07/2017,Vente,"72000,00",15.0,RUE,6720,DE PARGNY,51100.0,REIMS,51,454,HX,399,1,2.0,Appartement,48.0,2.0
1757555,03/08/2017,Vente,"69750,00",78.0,RUE,6230,DU MONT D ARENE,51100.0,REIMS,51,454,AV,393,1,2.0,Appartement,43.0,2.0
1757560,07/07/2017,Vente,"61500,00",91.0,RUE,0600,DU BARBATRE,51100.0,REIMS,51,454,CY,696,2,2.0,Appartement,35.0,2.0
1757561,05/07/2017,Vente,"67000,00",18.0,RUE,7980,ST MAURICE,51100.0,REIMS,51,454,CZ,378,2,2.0,Appartement,20.0,1.0
1757564,01/08/2017,Vente,"139500,00",5.0,ESP,5446,LE ROUET,51100.0,REIMS,51,454,CT,390,1,2.0,Appartement,94.0,5.0
1757565,01/08/2017,Vente,"139500,00",5.0,ESP,5446,LE ROUET,51100.0,REIMS,51,454,CT,390,1,2.0,Appartement,71.0,3.0
1757567,26/07/2017,Vente,"118000,00",149.0,RUE,1390,DES CAPUCINS,51100.0,REIMS,51,454,IK,247,2,2.0,Appartement,54.0,3.0
1757579,27/07/2017,Vente,"131000,00",13.0,PL,7690,ROYALE,51100.0,REIMS,51,454,BE,470,2,2.0,Appartement,64.0,3.0
1757580,03/08/2017,Vente,"152000,00",34.0,AV,4900,JEAN JAURES,51100.0,REIMS,51,454,CW,82,3,2.0,Appartement,73.0,3.0
1757584,21/07/2017,Vente,"55500,00",12.0,RUE,7610,DES ROMAINS,51100.0,REIMS,51,454,AT,69,1,2.0,Appartement,23.0,1.0
1757618,13/07/2017,Vente,"90000,00",16.0,RUE,5050,JULES BRUNEAU,51100.0,REIMS,51,454,DT,658,2,2.0,Appartement,44.0,2.0
1757624,04/08/2017,Vente,"137500,00",121.0,RUE,0600,DU BARBATRE,51100.0,REIMS,51,454,CY,465,2,2.0,Appartement,78.0,4.0
1757625,10/07/2017,Vente,"116300,00",70.0,RUE,4740,JACQUART,51100.0,REIMS,51,454,BI,575,1,2.0,Appartement,46.0,3.0
1757628,17/07/2017,Vente,"157000,00",15.0,RUE,2430,DE COURCELLES,51100.0,REIMS,51,454,AT,300,2,2.0,Appartement,79.0,4.0
1757632,27/07/2017,Vente,"59000,00",36.0,RUE,2080,CLOVIS CHEZEL,51100.0,REIMS,51,454,DN,549,1,2.0,Appartement,29.0,1.0
1757637,19/07/2017,Vente en l'état futur d'achèvement,"169828,00",14.0,BD,6690,DE LA PAIX,51100.0,REIMS,51,454,CX,534,1,2.0,Appartement,42.0,2.0
1757639,24/07/2017,Vente,"256000,00",2.0,RUE,1550,CERES,51100.0,REIMS,51,454,CX,39,2,2.0,Appartement,60.0,2.0
1757645,24/07/2017,Vente,"100000,00",47.0,PL,3040,DROUET D ERLON,51100.0,REIMS,51,454,IM,43,1,2.0,Appartement,57.0,3.0
1757665,03/08/2017,Vente,"75300,00",14.0,BD,5570,LOUIS BARTHOU,51100.0,REIMS,51,454,DT,671,2,2.0,Appartement,53.0,3.0
1757667,03/08/2017,Vente,"86900,00",26.0,RUE,7190,DE PONTGIVART,51100.0,REIMS,51,454,AY,412,2,2.0,Appartement,48.0,2.0
1757673,31/07/2017,Vente,"60000,00",16.0,RUE,5050,JULES BRUNEAU,51100.0,REIMS,51,454,DT,658,2,2.0,Appartement,31.0,1.0
1757706,02/08/2017,Vente,"165800,00",33.0,RUE,8620,THIERS,51100.0,REIMS,51,454,IL,574,1,2.0,Appartement,42.0,2.0
1757715,07/08/2017,Vente,"61530,00",35.0,RUE,5500,DE LA LIBERTE,51100.0,REIMS,51,454,AX,834,1,2.0,Appartement,22.0,1.0
1757725,13/07/2017,Vente,"200000,00",69.0,RUE,3000,DOCTEUR THOMAS,51100.0,REIMS,51,454,AW,219,1,2.0,Appartement,97.0,4.0
1757733,07/06/2017,Vente,"208000,00",60.0,PL,3040,DROUET D ERLON,51100.0,REIMS,51,454,IL,337,2,2.0,Appartement,62.0,3.0
1757735,31/07/2017,Vente,"380000,00",8.0,PL,4110,GODINOT,51100.0,REIMS,51,454,CX,560,2,2.0,Appartement,120.0,7.0
1757749,04/08/2017,Vente,"176000,00",6.0,RUE,8930,VAUTHIER LE NOIR,51100.0,REIMS,51,454,CX,317,4,2.0,Appartement,105.0,4.0
1757750,19/07/2017,Vente en l'état futur d'achèvement,"385000,00",30.0,RUE,2430,DE COURCELLES,51100.0,REIMS,51,454,AT,492,2,2.0,Appartement,77.0,4.0
1757755,07/08/2017,Vente,"135000,00",25.0,ESP,3590,FLECHAMBAULT,51100.0,REIMS,51,454,DM,631,2,2.0,Appartement,83.0,4.0
1757756,20/07/2017,Vente en l'état futur d'achèvement,"99000,00",51.0,RUE,0600,DU BARBATRE,51100.0,REIMS,51,454,CY,749,1,2.0,Appartement,20.0,1.0
1757758,20/07/2017,Vente en l'état futur d'achèvement,"210000,00",412.0,AV,5300,DE LAON,51100.0,REIMS,51,454,AE,142,1,2.0,Appartement,82.0,4.0
1757759,20/07/2017,Vente en l'état futur d'achèvement,"172300,00",51.0,RUE,0600,DU BARBATRE,51100.0,REIMS,51,454,CY,749,1,2.0,Appartement,47.0,2.0
1757763,04/08/2017,Vente,"156000,00",14.0,RUE,5250,LAGRIVE,51100.0,REIMS,51,454,CK,53,2,2.0,Appartement,118.0,5.0
1757766,26/07/2017,Vente,"187400,00",57.0,RUE,2070,CLOVIS,51100.0,REIMS,51,454,IK,396,2,2.0,Appartement,73.0,3.0
1757768,08/08/2017,Vente,"101000,00",22.0,RUE,4810,DES JARDINS,51100.0,REIMS,51,454,AS,356,2,2.0,Appartement,50.0,2.0
1757769,28/07/2017,Vente,"42000,00",16.0,RUE,5650,DE LOUVOIS,51100.0,REIMS,51,454,DV,672,1,2.0,Appartement,21.0,1.0
1757776,18/07/2017,Vente,"146000,00",23.0,RUE,8230,DES SALINES,51100.0,REIMS,51,454,CZ,189,2,2.0,Appartement,80.0,3.0
1757777,09/08/2017,Vente,"58000,00",11.0,RUE,3570,DE FISMES,51100.0,REIMS,51,454,AR,765,2,2.0,Appartement,40.0,2.0
1757778,31/07/2017,Vente,"98000,00",11.0,RUE,5400,LEON FAUCHER,51100.0,REIMS,51,454,BC,130,4,2.0,Appartement,70.0,3.0
1757780,26/07/2017,Vente,"276200,00",2.0,PL,6030,MARTYRS DE LA RESISTANCE,51100.0,REIMS,51,454,CX,36,1,2.0,Appartement,87.0,4.0
1757791,10/08/2017,Vente,"50000,00",28.0,RUE,6720,DE PARGNY,51100.0,REIMS,51,454,HW,373,1,2.0,Appartement,25.0,1.0
1757792,26/07/2017,Vente,"87000,00",1.0,RUE,5950,DES MARMOUZETS,51100.0,REIMS,51,454,CX,55,2,2.0,Appartement,43.0,2.0
1757795,25/07/2017,Vente,"140000,00",3.0,AV,4010,GEORGES CLEMENCEAU,51100.0,REIMS,51,454,CK,28,2,2.0,Appartement,83.0,3.0
1757809,06/07/2017,Vente,"240000,00",84.0,BD,7140,POMMERY,51100.0,REIMS,51,454,CL,378,0,2.0,Appartement,70.0,3.0
1757810,06/07/2017,Vente,"240000,00",84.0,BD,7140,POMMERY,51100.0,REIMS,51,454,CL,378,0,2.0,Appartement,70.0,3.0
1757817,07/08/2017,Vente,"220200,00",10.0,PL,3040,DROUET D ERLON,51100.0,REIMS,51,454,IL,195,2,2.0,Appartement,84.0,3.0
1757820,09/08/2017,Vente,"156400,00",41.0,AV,8030,ST POL,51100.0,REIMS,51,454,DM,629,2,2.0,Appartement,106.0,5.0
1757822,18/07/2017,Vente,"69000,00",34.0,RUE,1590,DE CERNAY,51100.0,REIMS,51,454,CW,129,1,2.0,Appartement,30.0,1.0
1757829,28/07/2017,Vente,"143000,00",5.0,RUE,0845,BERTRAND DE MUN,51100.0,REIMS,51,454,CM,116,2,2.0,Appartement,90.0,4.0
1757833,27/07/2017,Vente,"147100,00",60.0,PL,3040,DROUET D ERLON,51100.0,REIMS,51,454,IL,337,2,2.0,Appartement,57.0,2.0
1757840,26/07/2017,Vente,"178700,00",2.0,RUE,8430,DE STRASBOURG,51100.0,REIMS,51,454,CV,937,2,2.0,Appartement,93.0,4.0
1757841,26/07/2017,Vente,"101000,00",86.0,RUE,4150,GOSSET,51100.0,REIMS,51,454,BC,153,1,2.0,Appartement,51.0,3.0
1757842,26/07/2017,Vente,"245000,00",4.0,RUE,7560,ROCKEFELLER,51100.0,REIMS,51,454,CX,614,2,2.0,Appartement,96.0,3.0
1757844,21/08/2017,Vente,"63500,00",4.0,RUE,0630,DU BASTION,51100.0,REIMS,51,454,CW,268,2,2.0,Appartement,22.0,1.0
1757846,27/07/2017,Vente,"95500,00",7.0,RUE,0845,BERTRAND DE MUN,51100.0,REIMS,51,454,CM,116,2,2.0,Appartement,60.0,2.0
1757849,28/07/2017,Vente,"173600,00",7.0,RUE,6950,DE PEVY,51100.0,REIMS,51,454,AN,679,1,2.0,Appartement,64.0,3.0
1757850,27/07/2017,Vente,"140000,00",21.0,RUE,1550,CERES,51100.0,REIMS,51,454,BE,505,3,2.0,Appartement,60.0,3.0
1757852,17/08/2017,Vente,"44000,00",21.0,AV,4455,HENRI FARMAN,51100.0,REIMS,51,454,DH,90,1,2.0,Appartement,17.0,1.0
1757853,28/07/2017,Vente,"150000,00",105.0,RUE,1390,DES CAPUCINS,51100.0,REIMS,51,454,IK,468,0,2.0,Appartement,56.0,2.0
1757854,28/07/2017,Vente,"150000,00",105.0,RUE,1390,DES CAPUCINS,51100.0,REIMS,51,454,IK,468,0,2.0,Appartement,73.0,2.0
1757855,28/07/2017,Vente,"150000,00",105.0,RUE,1390,DES CAPUCINS,51100.0,REIMS,51,454,IK,468,0,2.0,Appartement,70.0,2.0
1757857,27/07/2017,Vente,"102440,00",31.0,RUE,4160,DE LA GOULETTE,51100.0,REIMS,51,454,BL,469,1,2.0,Appartement,83.0,4.0
1757864,27/07/2017,Vente en l'état futur d'achèvement,"281065,00",36.0,RUE,7580,ROGER SALENGRO,51100.0,REIMS,51,454,AX,43,1,2.0,Appartement,68.0,3.0
1757867,11/08/2017,Vente,"293000,00",5.0,RUE,2030,CLIQUOT BLERVACHE,51100.0,REIMS,51,454,BH,257,0,2.0,Appartement,24.0,2.0
1757868,11/08/2017,Vente,"293000,00",5.0,RUE,2030,CLIQUOT BLERVACHE,51100.0,REIMS,51,454,BH,257,0,2.0,Appartement,24.0,1.0
1757869,11/08/2017,Vente,"293000,00",5.0,RUE,2030,CLIQUOT BLERVACHE,51100.0,REIMS,51,454,BH,257,0,2.0,Appartement,26.0,2.0
1757870,11/08/2017,Vente,"293000,00",5.0,RUE,2030,CLIQUOT BLERVACHE,51100.0,REIMS,51,454,BH,257,0,2.0,Appartement,26.0,2.0
1757871,21/08/2017,Vente,"113500,00",25.0,RUE,4190,DU GRAND CERF,51100.0,REIMS,51,454,CZ,317,1,2.0,Appartement,28.0,1.0
1757877,25/07/2017,Vente,"74350,00",22.0,RUE,6720,DE PARGNY,51100.0,REIMS,51,454,HW,390,1,2.0,Appartement,25.0,1.0
1757881,21/08/2017,Vente,"53000,00",116.0,RUE,7160,PONSARDIN,51100.0,REIMS,51,454,CY,131,3,2.0,Appartement,28.0,1.0
1757882,27/07/2017,Vente,"69000,00",4.0,RUE,2640,DAUBENTON,51100.0,REIMS,51,454,BI,189,2,2.0,Appartement,34.0,2.0
1757883,31/07/2017,Vente,"85000,00",60.0,PL,3040,DROUET D ERLON,51100.0,REIMS,51,454,IL,337,2,2.0,Appartement,27.0,1.0
1757893,25/07/2017,Vente,"203000,00",29.0,RUE,1550,CERES,51100.0,REIMS,51,454,BE,97,2,2.0,Appartement,90.0,4.0
1757911,26/07/2017,Vente,"105200,00",9.0,RUE,6130,MENNESSON TONNELIER,51100.0,REIMS,51,454,AW,263,3,2.0,Appartement,60.0,2.0
1757917,26/07/2017,Vente,"73086,00",17.0,RUE,2760,DESBUREAUX,51100.0,REIMS,51,454,AL,419,1,2.0,Appartement,71.0,3.0
1757920,28/07/2017,Vente,"106000,00",37.0,RUE,6010,MARTIN PELLER,51100.0,REIMS,51,454,HX,545,2,2.0,Appartement,44.0,2.0
1757933,01/08/2017,Vente en l'état futur d'achèvement,"260000,00",36.0,RUE,7580,ROGER SALENGRO,51100.0,REIMS,51,454,AX,43,1,2.0,Appartement,40.0,2.0
1757935,01/08/2017,Vente en l'état futur d'achèvement,"260000,00",36.0,RUE,7580,ROGER SALENGRO,51100.0,REIMS,51,454,AX,43,1,2.0,Appartement,40.0,2.0
1757937,04/08/2017,Vente,"85000,00",12.0,RUE,5460,LESAGE,51100.0,REIMS,51,454,AW,243,2,2.0,Appartement,38.0,2.0
1757938,03/08/2017,Vente,"47400,00",15.0,RUE,5400,LEON FAUCHER,51100.0,REIMS,51,454,BC,128,1,2.0,Appartement,20.0,1.0
1757951,02/08/2017,Vente,"83500,00",84.0,RUE,4150,GOSSET,51100.0,REIMS,51,454,BC,154,2,2.0,Appartement,60.0,3.0
1757955,27/07/2017,Vente,"80000,00",41.0,RUE,6470,DE NEUFCHATEL,51100.0,REIMS,51,454,AX,878,1,2.0,Appartement,47.0,2.0
1757958,18/08/2017,Vente,"163000,00",85.0,AV,4900,JEAN JAURES,51100.0,REIMS,51,454,BI,375,3,2.0,Appartement,83.0,3.0
1757964,27/07/2017,Vente,"103500,00",3.0,RUE,4425,HELENE NAUTRE,51100.0,REIMS,51,454,BT,580,2,2.0,Appartement,74.0,4.0
1757966,28/07/2017,Vente,"45000,00",166.0,RUE,7160,PONSARDIN,51100.0,REIMS,51,454,CZ,605,2,2.0,Appartement,20.0,1.0
1757976,18/08/2017,Vente,"81050,00",73.0,RUE,7160,PONSARDIN,51100.0,REIMS,51,454,CY,627,1,2.0,Appartement,27.0,1.0
1757977,21/08/2017,Vente,"73000,00",8.0,RUE,2290,COQUEBERT,51100.0,REIMS,51,454,BH,38,1,2.0,Appartement,32.0,1.0
1757984,16/08/2017,Vente,"161000,00",17.0,ESP,5446,LE ROUET,51100.0,REIMS,51,454,CT,390,2,2.0,Appartement,114.0,5.0
1757988,27/07/2017,Vente,"450000,00",21.0,RUE,6890,PERSEVAL,51100.0,REIMS,51,454,CW,148,2,2.0,Appartement,132.0,7.0
1757993,28/07/2017,Vente,"111000,00",32.0,RUE,6740,PASSE DEMOISELLES,51100.0,REIMS,51,454,HY,89,2,2.0,Appartement,55.0,2.0
1757997,31/07/2017,Vente,"69000,00",55.0,RUE,4970,JEANNE D ARC,51100.0,REIMS,51,454,IM,385,1,2.0,Appartement,26.0,1.0
1758001,02/08/2017,Vente,"130000,00",9.0,RUE,3070,DUQUENELLE,51100.0,REIMS,51,454,AW,290,3,2.0,Appartement,90.0,5.0
1758006,10/08/2017,Vente,"180000,00",47.0,RUE,1620,CHABAUD,51100.0,REIMS,51,454,IK,714,1,2.0,Appartement,71.0,3.0
1758009,17/08/2017,Vente,"244050,00",46.0,RUE,1390,DES CAPUCINS,51100.0,REIMS,51,454,IK,605,2,2.0,Appartement,93.0,4.0
1758010,02/08/2017,Vente,"88000,00",84.0,RUE,4150,GOSSET,51100.0,REIMS,51,454,BC,154,2,2.0,Appartement,57.0,3.0
1758020,03/08/2017,Vente,"212000,00",42.0,RUE,0550,BACQUENOIS,51100.0,REIMS,51,454,IM,292,3,2.0,Appartement,76.0,4.0
1758022,01/08/2017,Vente,"60800,00",3.0,RUE,5310,LAURENT DERAMEZ,51100.0,REIMS,51,454,BH,588,1,2.0,Appartement,28.0,1.0
1758024,04/08/2017,Vente en l'état futur d'achèvement,"165000,00",,RUE,5891,MARCEL THIL,51100.0,REIMS,51,454,AV,1082,1,2.0,Appartement,48.0,2.0
1758025,04/08/2017,Vente,"136150,00",1.0,RUE,0390,ARMAND GUERY,51100.0,REIMS,51,454,AV,694,2,2.0,Appartement,83.0,3.0
1758026,28/07/2017,Vente en l'état futur d'achèvement,"166900,00",,RUE,5891,MARCEL THIL,51100.0,REIMS,51,454,AV,1082,1,2.0,Appartement,48.0,2.0
1758028,04/08/2017,Vente,"55000,00",67.0,RUE,3500,FAVART D HERBIGNY,51100.0,REIMS,51,454,CV,1134,1,2.0,Appartement,29.0,1.0
1758059,21/08/2017,Vente,"216000,00",6.0,BD,6690,DE LA PAIX,51100.0,REIMS,51,454,CX,94,1,2.0,Appartement,81.0,3.0
1758061,22/08/2017,Vente,"100000,00",191.0,RUE,1590,DE CERNAY,51100.0,REIMS,51,454,CT,60,2,2.0,Appartement,46.0,2.0
1758084,01/08/2017,Vente,"146000,00",25.0,ESP,5446,LE ROUET,51100.0,REIMS,51,454,CT,390,2,2.0,Appartement,75.0,4.0
1758086,04/08/2017,Vente,"130000,00",1.0,RUE,6310,MOULIN BRULE,51100.0,REIMS,51,454,IO,168,2,2.0,Appartement,76.0,3.0
1758087,10/08/2017,Vente,"172000,00",35.0,RUE,8270,DE SEBASTOPOL,51100.0,REIMS,51,454,BI,788,1,2.0,Appartement,56.0,2.0
1758090,03/08/2017,Vente,"105000,00",6.0,RUE,0845,BERTRAND DE MUN,51100.0,REIMS,51,454,CN,573,2,2.0,Appartement,76.0,3.0
1758093,31/07/2017,Vente,"229000,00",17.0,RUE,2390,DE COURAUX,51100.0,REIMS,51,454,DK,273,1,2.0,Appartement,99.0,4.0
1758096,28/08/2017,Vente,"165600,00",85.0,AV,4900,JEAN JAURES,51100.0,REIMS,51,454,BI,375,3,2.0,Appartement,79.0,3.0
1758097,22/08/2017,Vente,"207000,00",25.0,RUE,0600,DU BARBATRE,51100.0,REIMS,51,454,CY,94,2,2.0,Appartement,100.0,4.0
1758105,21/08/2017,Vente,"124000,00",3.0,RUE,8720,TOURNEBONNEAU,51100.0,REIMS,51,454,DM,628,1,2.0,Appartement,64.0,3.0
1758108,04/08/2017,Vente,"59000,00",15.0,RUE,2740,DERODE,51100.0,REIMS,51,454,BI,199,1,2.0,Appartement,29.0,1.0
1758111,04/08/2017,Vente,"84000,00",30.0,RUE,1710,DE CHAMPIGNY,51100.0,REIMS,51,454,AR,301,2,2.0,Appartement,47.0,2.0
1758114,03/08/2017,Vente,"40000,00",15.0,RUE,2740,DERODE,51100.0,REIMS,51,454,BI,199,1,2.0,Appartement,17.0,1.0
1758116,11/08/2017,Vente,"140400,00",2.0,AV,3913,DU GENERAL DE GAULLE,51100.0,REIMS,51,454,HX,547,1,2.0,Appartement,66.0,3.0
1758119,09/08/2017,Vente en l'état futur d'achèvement,"192000,00",49.0,BD,2650,DAUPHINOT,51100.0,REIMS,51,454,CT,610,1,2.0,Appartement,69.0,3.0
1758123,07/08/2017,Vente,"309290,00",26.0,RUE,2450,COURMEAUX,51100.0,REIMS,51,454,BE,72,2,2.0,Appartement,127.0,3.0
1758138,03/08/2017,Vente,"124800,00",13.0,RUE,4120,GOIOT,51100.0,REIMS,51,454,CZ,607,2,2.0,Appartement,84.0,4.0
1758140,28/08/2017,Vente,"296000,00",21.0,RUE,8500,DE TALLEYRAND,51100.0,REIMS,51,454,IL,230,1,2.0,Appartement,127.0,5.0
1758141,28/08/2017,Vente,"296000,00",21.0,RUE,8500,DE TALLEYRAND,51100.0,REIMS,51,454,IL,230,1,2.0,Appartement,73.0,2.0
1758142,04/08/2017,Vente,"209000,00",4.0,AV,4900,JEAN JAURES,51100.0,REIMS,51,454,CW,50,2,2.0,Appartement,85.0,3.0
1758143,31/07/2017,Vente,"75000,00",47.0,RUE,8640,DE THILLOIS,51100.0,REIMS,51,454,IM,178,1,2.0,Appartement,32.0,1.0
1758144,17/07/2017,Vente,"67000,00",49.0,BD,3950,DU GENERAL LECLERC,51100.0,REIMS,51,454,IM,395,1,2.0,Appartement,24.0,1.0
1758145,18/08/2017,Vente,"36800,00",40.0,RUE,8430,DE STRASBOURG,51100.0,REIMS,51,454,CV,590,1,2.0,Appartement,17.0,1.0
1758146,17/08/2017,Vente,"109000,00",19.0,RUE,2440,DE COURLANCY,51100.0,REIMS,51,454,HX,81,1,2.0,Appartement,41.0,2.0
1758152,21/08/2017,Vente,"172000,00",100.0,AV,4010,GEORGES CLEMENCEAU,51100.0,REIMS,51,454,CL,875,2,2.0,Appartement,89.0,6.0
1758163,10/08/2017,Vente en l'état futur d'achèvement,"91000,00",51.0,RUE,0600,DU BARBATRE,51100.0,REIMS,51,454,CY,749,1,2.0,Appartement,20.0,1.0
1758179,02/08/2017,Vente,"58000,00",1.0,RUE,0300,ANQUETIL,51100.0,REIMS,51,454,AV,268,1,2.0,Appartement,31.0,1.0
1758181,08/08/2017,Vente,"3500,00",2.0,RUE,0830,BERTIN,51100.0,REIMS,51,454,BE,129,1,2.0,Appartement,159.0,4.0
1758183,02/08/2017,Vente en l'état futur d'achèvement,"185478,00",14.0,BD,6690,DE LA PAIX,51100.0,REIMS,51,454,CX,534,1,2.0,Appartement,48.0,2.0
1758184,04/08/2017,Vente,"55500,00",58.0,BD,7550,ROBESPIERRE,51100.0,REIMS,51,454,AY,341,1,2.0,Appartement,27.0,1.0
1758186,24/08/2017,Vente,"80400,00",10.0,ALL,3165,EDOUARD DEKETELAERE,51100.0,REIMS,51,454,AN,668,1,2.0,Appartement,56.0,3.0
1758190,22/08/2017,Vente,"123800,00",2.0,RUE,3270,EMILE SENART,51100.0,REIMS,51,454,AY,412,2,2.0,Appartement,71.0,3.0
1758195,02/08/2017,Vente,"154000,00",62.0,PL,3040,DROUET D ERLON,51100.0,REIMS,51,454,IL,340,2,2.0,Appartement,85.0,3.0
1758200,08/08/2017,Vente,"90000,00",3.0,RUE,2760,DESBUREAUX,51100.0,REIMS,51,454,AL,402,2,2.0,Appartement,79.0,4.0
1758204,22/08/2017,Vente,"232000,00",42.0,RUE,2430,DE COURCELLES,51100.0,REIMS,51,454,AR,315,1,2.0,Appartement,75.0,2.0
1758213,04/08/2017,Vente,"129000,00",7.0,IMP,1440,DES CARMELITES,51100.0,REIMS,51,454,IK,1347,1,2.0,Appartement,55.0,2.0
1758217,02/08/2017,Vente,"92000,00",38.0,RUE,2570,CROUTELLE,51100.0,REIMS,51,454,AV,111,2,2.0,Appartement,46.0,2.0
1758218,18/08/2017,Vente,"91200,00",40.0,RUE,8430,DE STRASBOURG,51100.0,REIMS,51,454,CV,590,1,2.0,Appartement,23.0,1.0
1758219,18/08/2017,Vente,"91200,00",40.0,RUE,8430,DE STRASBOURG,51100.0,REIMS,51,454,CV,590,1,2.0,Appartement,23.0,1.0
1758221,23/08/2017,Vente,"122000,00",3.0,CHS,7970,SAINT MARTIN,51100.0,REIMS,51,454,DN,587,1,2.0,Appartement,78.0,4.0
1758223,22/08/2017,Vente,"53500,00",20.0,RUE,1640,DU CHALET,51100.0,REIMS,51,454,BK,285,1,2.0,Appartement,24.0,1.0
1758231,03/08/2017,Vente,"44000,00",45.0,RUE,5340,LECOINTRE,51100.0,REIMS,51,454,AV,783,1,2.0,Appartement,28.0,1.0
1758232,09/08/2017,Vente,"83500,00",340.0,AV,5300,DE LAON,51100.0,REIMS,51,454,AM,837,2,2.0,Appartement,67.0,4.0
1758238,18/08/2017,Vente,"63040,00",15.0,RUE,5940,MARLOT,51100.0,REIMS,51,454,IK,534,1,2.0,Appartement,19.0,1.0
1758247,25/08/2017,Vente,"126500,00",14.0,AV,6730,DE PARIS,51100.0,REIMS,51,454,IO,394,1,2.0,Appartement,50.0,1.0
1758248,21/08/2017,Vente,"75000,00",4.0,RUE,5780,DE LA MAGDELEINE,51100.0,REIMS,51,454,IM,250,2,2.0,Appartement,33.0,2.0
1758249,04/08/2017,Vente,"88000,00",1.0,RUE,1822,CHARLES PEGUY,51100.0,REIMS,51,454,AI,664,1,2.0,Appartement,89.0,5.0
1758253,29/08/2017,Vente en l'état futur d'achèvement,"179000,00",13.0,ALL,5425,LEON MICHAUD,51100.0,REIMS,51,454,CL,6,1,2.0,Appartement,62.0,3.0
1758258,25/08/2017,Vente,"152000,00",39.0,RUE,6740,PASSE DEMOISELLES,51100.0,REIMS,51,454,HY,147,1,2.0,Appartement,74.0,3.0
1758265,29/08/2017,Vente,"115000,00",25.0,RUE,6330,DES MOULINS,51100.0,REIMS,51,454,DM,663,2,2.0,Appartement,67.0,3.0
1758267,17/08/2017,Vente,"89000,00",77.0,RUE,6420,NARCISSE BRUNETTE,51100.0,REIMS,51,454,DT,227,2,2.0,Appartement,67.0,4.0
1758273,23/08/2017,Vente,"124000,00",48.0,RUE,5160,DE LA JUSTICE,51100.0,REIMS,51,454,BD,99,1,2.0,Appartement,69.0,3.0
1758276,07/08/2017,Vente,"132000,00",22.0,RUE,5400,LEON FAUCHER,51100.0,REIMS,51,454,BC,23,2,2.0,Appartement,64.0,4.0
1758278,04/08/2017,Vente,"156870,00",30.0,RUE,7010,PIERRE BROSSOLETTE,51100.0,REIMS,51,454,AV,416,1,2.0,Appartement,63.0,3.0
1758284,25/08/2017,Vente,"67000,00",4.0,RUE,2480,DES COUTURES,51100.0,REIMS,51,454,CK,320,1,2.0,Appartement,27.0,1.0
1758286,29/08/2017,Vente,"60500,00",47.0,RUE,2740,DERODE,51100.0,REIMS,51,454,BI,166,1,2.0,Appartement,23.0,1.0
1758291,28/08/2017,Vente,"208000,00",60.0,RUE,2430,DE COURCELLES,51100.0,REIMS,51,454,AR,889,2,2.0,Appartement,94.0,5.0
1758298,10/08/2017,Vente en l'état futur d'achèvement,"176500,00",51.0,RUE,0600,DU BARBATRE,51100.0,REIMS,51,454,CY,749,1,2.0,Appartement,47.0,2.0
1758299,17/08/2017,Vente,"255000,00",61.0,RUE,1830,CHARLIER,51100.0,REIMS,51,454,BI,281,0,2.0,Appartement,17.0,1.0
1758300,17/08/2017,Vente,"255000,00",61.0,RUE,1830,CHARLIER,51100.0,REIMS,51,454,BI,281,0,2.0,Appartement,23.0,1.0
1758301,17/08/2017,Vente,"255000,00",61.0,RUE,1830,CHARLIER,51100.0,REIMS,51,454,BI,281,0,2.0,Appartement,12.0,1.0
1758302,17/08/2017,Vente,"255000,00",61.0,RUE,1830,CHARLIER,51100.0,REIMS,51,454,BI,281,0,2.0,Appartement,12.0,1.0
1758304,17/08/2017,Vente,"255000,00",61.0,RUE,1830,CHARLIER,51100.0,REIMS,51,454,BI,281,0,2.0,Appartement,29.0,1.0
1758305,17/08/2017,Vente,"255000,00",61.0,RUE,1830,CHARLIER,51100.0,REIMS,51,454,BI,281,0,2.0,Appartement,17.0,1.0
1758306,17/08/2017,Vente,"255000,00",61.0,RUE,1830,CHARLIER,51100.0,REIMS,51,454,BI,281,0,2.0,Appartement,20.0,1.0
1758310,17/08/2017,Vente,"162900,00",16.0,BD,1800,CHARLES ARNOULD,51100.0,REIMS,51,454,AN,192,1,2.0,Appartement,70.0,3.0
1758315,07/08/2017,Vente,"190000,00",84.0,RUE,7010,PIERRE BROSSOLETTE,51100.0,REIMS,51,454,AV,1029,0,2.0,Appartement,30.0,2.0
1758316,07/08/2017,Vente,"190000,00",84.0,RUE,7010,PIERRE BROSSOLETTE,51100.0,REIMS,51,454,AV,1029,0,2.0,Appartement,25.0,2.0
1758317,07/08/2017,Vente,"190000,00",84.0,RUE,7010,PIERRE BROSSOLETTE,51100.0,REIMS,51,454,AV,1029,0,2.0,Appartement,35.0,2.0
1758327,28/08/2017,Vente,"81000,00",48.0,RUE,2290,COQUEBERT,51100.0,REIMS,51,454,BI,558,1,2.0,Appartement,34.0,1.0
1758343,28/08/2017,Vente,"127000,00",82.0,BD,7960,ST MARCEAUX,51100.0,REIMS,51,454,CK,326,2,2.0,Appartement,59.0,2.0
1758349,29/08/2017,Vente,"58000,00",39.0,RUE,4190,DU GRAND CERF,51100.0,REIMS,51,454,CZ,567,1,2.0,Appartement,35.0,2.0
1758356,30/08/2017,Vente,"155000,00",113.0,RUE,9040,DE VESLE,51100.0,REIMS,51,454,IK,1347,1,2.0,Appartement,54.0,2.0
1758357,24/08/2017,Vente,"63000,00",8.0,RUE,4870,JEAN DE FOIGNY,51100.0,REIMS,51,454,DO,591,1,2.0,Appartement,41.0,2.0
1758358,24/08/2017,Vente,"63000,00",8.0,RUE,4870,JEAN DE FOIGNY,51100.0,REIMS,51,454,DO,591,1,2.0,Appartement,55.0,3.0
1758363,28/08/2017,Vente,"256300,00",8.0,RUE,8080,ST SYMPHORIEN,51100.0,REIMS,51,454,CX,222,3,2.0,Appartement,91.0,4.0
1758365,29/08/2017,Vente,"96000,00",22.0,RUE,4810,DES JARDINS,51100.0,REIMS,51,454,AS,356,2,2.0,Appartement,50.0,2.0
1758373,30/08/2017,Vente,"92000,00",171.0,RUE,0600,DU BARBATRE,51100.0,REIMS,51,454,CZ,408,2,2.0,Appartement,41.0,2.0
1758401,25/07/2017,Vente,"420000,00",22.0,RUE,2450,COURMEAUX,51100.0,REIMS,51,454,BE,74,3,2.0,Appartement,140.0,6.0
1758410,31/08/2017,Vente,"84640,00",52.0,RUE,3280,EMILE ZOLA,51100.0,REIMS,51,454,AW,527,2,2.0,Appartement,46.0,2.0
1758424,28/08/2017,Vente,"240500,00",5.0,RUE,8340,DE SOLFERINO,51100.0,REIMS,51,454,BK,420,0,2.0,Appartement,53.0,2.0
1758426,28/08/2017,Vente,"240500,00",5.0,RUE,8340,DE SOLFERINO,51100.0,REIMS,51,454,BK,420,0,2.0,Appartement,18.0,1.0
1758427,28/08/2017,Vente,"240500,00",5.0,RUE,8340,DE SOLFERINO,51100.0,REIMS,51,454,BK,420,0,2.0,Appartement,53.0,2.0
1758428,28/08/2017,Vente,"103000,00",5.0,RUE,5895,MARECHAL GALLIENI,51100.0,REIMS,51,454,AH,412,2,2.0,Appartement,58.0,3.0
1758431,31/08/2017,Vente,"87500,00",127.0,RUE,0200,D ALSACE LORRAINE,51100.0,REIMS,51,454,CV,113,2,2.0,Appartement,40.0,2.0
1758434,07/09/2017,Vente,"279500,00",13.0,BD,5680,LUNDY,51100.0,REIMS,51,454,BE,41,3,2.0,Appartement,88.0,3.0
1758438,29/08/2017,Vente en l'état futur d'achèvement,"260452,00",65.0,RUE,6230,DU MONT D ARENE,51100.0,REIMS,51,454,AT,9,1,2.0,Appartement,66.0,3.0
1758443,22/08/2017,Vente en l'état futur d'achèvement,"202000,00",13.0,RUE,0123,CAPITAINE ALFRED DREYFUS,51100.0,REIMS,51,454,AV,1037,1,2.0,Appartement,63.0,3.0
1758457,31/08/2017,Vente en l'état futur d'achèvement,"125000,00",13.0,ALL,5425,LEON MICHAUD,51100.0,REIMS,51,454,CL,6,1,2.0,Appartement,46.0,2.0
1758467,24/08/2017,Vente en l'état futur d'achèvement,"146000,00",42.0,RUE,4440,HENRI BARBUSSE,51100.0,REIMS,51,454,CL,1007,1,2.0,Appartement,39.0,2.0
1758469,31/08/2017,Vente,"139900,00",48.0,RUE,5160,DE LA JUSTICE,51100.0,REIMS,51,454,BD,99,1,2.0,Appartement,85.0,4.0
1758476,04/09/2017,Vente,"113000,00",115.0,RUE,5460,LESAGE,51100.0,REIMS,51,454,AY,494,2,2.0,Appartement,63.0,3.0
1758481,31/08/2017,Vente,"116800,00",2.0,RUE,0815,BERGSON,51100.0,REIMS,51,454,HV,978,2,2.0,Appartement,76.0,4.0
1758484,31/08/2017,Vente,"105000,00",74.0,BD,7140,POMMERY,51100.0,REIMS,51,454,CL,960,2,2.0,Appartement,49.0,3.0
1758485,01/09/2017,Vente,"95000,00",7.0,RUE,5230,LABORI,51100.0,REIMS,51,454,CK,323,2,2.0,Appartement,40.0,2.0
1758494,31/08/2017,Vente,"48000,00",7.0,RUE,0270,ANDRIEUX,51100.0,REIMS,51,454,BE,191,1,2.0,Appartement,19.0,1.0
1758504,12/09/2017,Vente,"122000,00",22.0,RUE,1460,DES CARMES,51100.0,REIMS,51,454,CY,278,1,2.0,Appartement,51.0,2.0
1758505,31/08/2017,Vente,"159650,00",8.0,RUE,1590,DE CERNAY,51100.0,REIMS,51,454,CW,72,4,2.0,Appartement,77.0,3.0
1758506,31/08/2017,Vente,"161000,00",36.0,RUE,1740,CHANZY,51100.0,REIMS,51,454,IK,1360,5,2.0,Appartement,63.0,4.0
1758507,11/09/2017,Vente,"141000,00",77.0,CHS,7970,SAINT MARTIN,51100.0,REIMS,51,454,DN,285,1,2.0,Appartement,65.0,3.0
1758518,01/09/2017,Vente,"257000,00",5.0,RUE,8220,SALIN,51100.0,REIMS,51,454,IL,49,2,2.0,Appartement,76.0,4.0
1758525,18/08/2017,Vente,"120000,00",48.0,RUE,3990,GEORGES BOUSSINESQ,51100.0,REIMS,51,454,CL,880,1,2.0,Appartement,56.0,3.0
1758533,17/08/2017,Vente,"47000,00",9.0,RUE,2975,DR LUCIEN BETTINGER,51100.0,REIMS,51,454,AE,283,2,2.0,Appartement,27.0,1.0
1758538,29/08/2017,Vente,"145000,00",75.0,AV,4900,JEAN JAURES,51100.0,REIMS,51,454,BI,755,1,2.0,Appartement,31.0,1.0
1758540,29/08/2017,Vente,"145000,00",4.0,RUE,5730,MABILLON,51100.0,REIMS,51,454,BI,755,1,2.0,Appartement,25.0,1.0
1758546,06/09/2017,Vente,"50500,00",9.0,RUE,4360,HANNEQUIN,51100.0,REIMS,51,454,AX,839,2,2.0,Appartement,30.0,1.0
1758555,31/08/2017,Vente,"65000,00",161.0,RUE,1590,DE CERNAY,51100.0,REIMS,51,454,CV,1215,2,2.0,Appartement,38.0,2.0
1758557,11/09/2017,Vente,"195400,00",11.0,RUE,8580,DES TEMPLIERS,51100.0,REIMS,51,454,BH,528,2,2.0,Appartement,75.0,4.0
1758559,31/08/2017,Vente,"125600,00",158.0,RUE,7160,PONSARDIN,51100.0,REIMS,51,454,CZ,237,3,2.0,Appartement,50.0,2.0
1758561,31/08/2017,Vente,"77000,00",213.0,AV,5300,DE LAON,51100.0,REIMS,51,454,AV,845,2,2.0,Appartement,23.0,1.0
1758562,31/08/2017,Vente,"77000,00",213.0,AV,5300,DE LAON,51100.0,REIMS,51,454,AV,845,2,2.0,Appartement,16.0,1.0
1758576,06/09/2017,Vente,"50000,00",33.0,CHS,7970,SAINT MARTIN,51100.0,REIMS,51,454,DN,217,2,2.0,Appartement,42.0,2.0
1758586,06/09/2017,Vente,"252500,00",50.0,RUE,3500,FAVART D HERBIGNY,51100.0,REIMS,51,454,CV,877,0,2.0,Appartement,26.0,1.0
1758587,06/09/2017,Vente,"252500,00",50.0,RUE,3500,FAVART D HERBIGNY,51100.0,REIMS,51,454,CV,877,0,2.0,Appartement,22.0,1.0
1758588,06/09/2017,Vente,"252500,00",50.0,RUE,3500,FAVART D HERBIGNY,51100.0,REIMS,51,454,CV,877,0,2.0,Appartement,18.0,1.0
1758589,06/09/2017,Vente,"252500,00",50.0,RUE,3500,FAVART D HERBIGNY,51100.0,REIMS,51,454,CV,877,0,2.0,Appartement,18.0,1.0
1758590,06/09/2017,Vente,"252500,00",50.0,RUE,3500,FAVART D HERBIGNY,51100.0,REIMS,51,454,CV,877,0,2.0,Appartement,20.0,1.0
1758591,06/09/2017,Vente,"252500,00",50.0,RUE,3500,FAVART D HERBIGNY,51100.0,REIMS,51,454,CV,877,0,2.0,Appartement,18.0,1.0
1758594,04/09/2017,Vente en l'état futur d'achèvement,"227400,00",215.0,RUE,6470,DE NEUFCHATEL,51100.0,REIMS,51,454,AH,79,1,2.0,Appartement,84.0,4.0
1758600,06/09/2017,Vente,"118000,00",27.0,RUE,6125,DE LA MEDITERRANEE,51100.0,REIMS,51,454,CN,579,1,2.0,Appartement,120.0,6.0
1758604,25/08/2017,Vente,"209000,00",11.0,RUE,6360,DES MURS,51100.0,REIMS,51,454,CX,270,2,2.0,Appartement,82.0,3.0
1758608,01/09/2017,Vente,"34000,00",15.0,BD,1510,CARTERET,51100.0,REIMS,51,454,CV,841,1,2.0,Appartement,14.0,1.0
1758611,15/09/2017,Vente,"96000,00",3.0,RUE,4000,GEORGES CHARBONNEAUX,51100.0,REIMS,51,454,AY,34,2,2.0,Appartement,54.0,3.0
1758613,05/09/2017,Vente,"210000,00",2.0,RUE,9240,WARNIER,51100.0,REIMS,51,454,BH,269,5,2.0,Appartement,90.0,4.0
1758614,22/08/2017,Vente,"595000,00",67.0,RUE,1550,CERES,51100.0,REIMS,51,454,BE,54,0,2.0,Appartement,79.0,3.0
1758616,22/08/2017,Vente,"595000,00",67.0,RUE,1550,CERES,51100.0,REIMS,51,454,BE,54,0,2.0,Appartement,65.0,3.0
1758617,07/09/2017,Vente,"62400,00",27.0,CHS,7970,SAINT MARTIN,51100.0,REIMS,51,454,DN,217,2,2.0,Appartement,42.0,2.0
1758624,08/09/2017,Vente en l'état futur d'achèvement,"215000,00",42.0,RUE,4440,HENRI BARBUSSE,51100.0,REIMS,51,454,CL,1007,1,2.0,Appartement,65.0,3.0
1758625,31/08/2017,Vente,"51000,00",147.0,RUE,0600,DU BARBATRE,51100.0,REIMS,51,454,CZ,400,4,2.0,Appartement,35.0,2.0
1758626,12/09/2017,Vente,"172000,00",16.0,RUE,5400,LEON FAUCHER,51100.0,REIMS,51,454,BC,127,1,2.0,Appartement,61.0,2.0
1758634,31/08/2017,Vente,"100000,00",23.0,BD,6690,DE LA PAIX,51100.0,REIMS,51,454,CK,128,2,2.0,Appartement,53.0,2.0
1758638,07/09/2017,Vente,"373000,00",21.0,RUE,6890,PERSEVAL,51100.0,REIMS,51,454,CW,148,4,2.0,Appartement,157.0,7.0
1758641,30/08/2017,Vente,"142000,00",23.0,RUE,4620,HOUZEAU MUIRON,51100.0,REIMS,51,454,CW,516,1,2.0,Appartement,46.0,2.0
1758656,08/09/2017,Vente en l'état futur d'achèvement,"182500,00",,RUE,5891,MARCEL THIL,51100.0,REIMS,51,454,AV,1082,1,2.0,Appartement,52.0,2.0
1758657,06/09/2017,Vente,"90000,00",19.0,RUE,5490,LIBERGIER,51100.0,REIMS,51,454,IK,46,1,2.0,Appartement,45.0,2.0
1758667,05/09/2017,Vente,"151000,00",23.0,BD,6750,PASTEUR,51100.0,REIMS,51,454,CK,310,2,2.0,Appartement,81.0,5.0
1758668,15/09/2017,Vente,"122000,00",40.0,RUE,3570,DE FISMES,51100.0,REIMS,51,454,AR,56,2,2.0,Appartement,57.0,3.0
1758670,13/09/2017,Vente,"53600,00",98.0,RUE,7160,PONSARDIN,51100.0,REIMS,51,454,CY,618,1,2.0,Appartement,21.0,1.0
1758683,08/09/2017,Vente,"54000,00",61.0,RUE,0610,BARON,51100.0,REIMS,51,454,CL,887,1,2.0,Appartement,36.0,2.0
1758688,08/09/2017,Vente en l'état futur d'achèvement,"228900,00",,RUE,5891,MARCEL THIL,51100.0,REIMS,51,454,AV,1082,1,2.0,Appartement,70.0,3.0
1758690,01/09/2017,Vente,"134000,00",5.0,RUE,6740,PASSE DEMOISELLES,51100.0,REIMS,51,454,HX,576,1,2.0,Appartement,39.0,2.0
1758692,04/09/2017,Vente,"90000,00",43.0,RUE,2570,CROUTELLE,51100.0,REIMS,51,454,AV,186,1,2.0,Appartement,45.0,2.0
1758693,29/08/2017,Vente,"390000,00",1.0,RUE,7580,ROGER SALENGRO,51100.0,REIMS,51,454,AX,573,0,2.0,Appartement,56.0,2.0
1758694,29/08/2017,Vente,"390000,00",1.0,RUE,7580,ROGER SALENGRO,51100.0,REIMS,51,454,AX,573,0,2.0,Appartement,56.0,3.0
1758695,29/08/2017,Vente,"390000,00",1.0,RUE,7580,ROGER SALENGRO,51100.0,REIMS,51,454,AX,573,0,2.0,Appartement,56.0,2.0
1758697,29/08/2017,Vente,"390000,00",1.0,RUE,7580,ROGER SALENGRO,51100.0,REIMS,51,454,AX,573,0,2.0,Appartement,56.0,3.0
1758705,11/09/2017,Vente,"265000,00",6.0,RUE,5780,DE LA MAGDELEINE,51100.0,REIMS,51,454,IM,505,1,2.0,Appartement,94.0,3.0
1758709,15/09/2017,Vente,"115000,00",31.0,BD,7960,ST MARCEAUX,51100.0,REIMS,51,454,CK,98,1,2.0,Appartement,67.0,3.0
1758710,13/09/2017,Vente,"99000,00",35.0,RUE,4560,HINCMAR,51100.0,REIMS,51,454,IK,1267,2,2.0,Appartement,45.0,2.0
1758730,04/09/2017,Vente,"78500,00",36.0,RUE,6480,DE LA NEUVILLETTE,51100.0,REIMS,51,454,AX,335,1,2.0,Appartement,45.0,2.0
1758731,13/09/2017,Vente,"350000,00",99.0,RUE,2560,CROIX ST MARC,51100.0,REIMS,51,454,CV,358,0,2.0,Appartement,37.0,2.0
1758732,13/09/2017,Vente,"350000,00",99.0,RUE,2560,CROIX ST MARC,51100.0,REIMS,51,454,CV,358,0,2.0,Appartement,45.0,2.0
1758733,13/09/2017,Vente,"350000,00",99.0,RUE,2560,CROIX ST MARC,51100.0,REIMS,51,454,CV,358,0,2.0,Appartement,33.0,2.0
1758734,13/09/2017,Vente,"350000,00",99.0,RUE,2560,CROIX ST MARC,51100.0,REIMS,51,454,CV,358,0,2.0,Appartement,37.0,2.0
1758735,13/09/2017,Vente,"350000,00",99.0,RUE,2560,CROIX ST MARC,51100.0,REIMS,51,454,CV,358,0,2.0,Appartement,38.0,2.0
1758736,13/09/2017,Vente,"350000,00",99.0,RUE,2560,CROIX ST MARC,51100.0,REIMS,51,454,CV,358,0,2.0,Appartement,38.0,2.0
1758738,13/09/2017,Vente,"350000,00",99.0,RUE,2560,CROIX ST MARC,51100.0,REIMS,51,454,CV,358,0,2.0,Appartement,33.0,2.0
1758743,04/09/2017,Vente en l'état futur d'achèvement,"160000,00",51.0,RUE,0600,DU BARBATRE,51100.0,REIMS,51,454,CY,749,1,2.0,Appartement,45.0,2.0
1758751,01/09/2017,Vente,"65000,00",4.0,RUE,1250,DE BRIMONTEL,51100.0,REIMS,51,454,AY,153,3,2.0,Appartement,35.0,2.0
1758752,15/09/2017,Vente,"92500,00",36.0,RUE,7610,DES ROMAINS,51100.0,REIMS,51,454,AT,27,1,2.0,Appartement,42.0,2.0
1758754,13/09/2017,Vente,"91000,00",2.0,RUE,8605,THEOPHILE GAUTIER,51100.0,REIMS,51,454,AD,829,2,2.0,Appartement,73.0,4.0
1758758,15/09/2017,Vente,"196350,00",12.0,CHS,0980,BOCQUAINE,51100.0,REIMS,51,454,HZ,170,1,2.0,Appartement,85.0,3.0
1758772,15/09/2017,Vente,"65000,00",91.0,RUE,2070,CLOVIS,51100.0,REIMS,51,454,IK,413,1,2.0,Appartement,31.0,3.0
1758775,14/09/2017,Vente,"129000,00",20.0,RUE,1860,DU CHATELET,51100.0,REIMS,51,454,DM,458,2,2.0,Appartement,81.0,4.0
1758777,13/09/2017,Vente,"65000,00",25.0,RUE,3770,FRANCOIS DOR,51100.0,REIMS,51,454,HX,390,2,2.0,Appartement,42.0,2.0
1758778,01/09/2017,Vente,"79000,00",54.0,RUE,8980,VERNOUILLET,51100.0,REIMS,51,454,AS,54,2,2.0,Appartement,46.0,2.0
1758780,04/09/2017,Vente,"94400,00",160.0,RUE,0600,DU BARBATRE,51100.0,REIMS,51,454,CZ,614,1,2.0,Appartement,28.0,1.0
1758784,25/08/2017,Vente,"79000,00",20.0,RUE,7010,PIERRE BROSSOLETTE,51100.0,REIMS,51,454,AV,857,2,2.0,Appartement,36.0,2.0
1758802,07/09/2017,Vente,"49000,00",37.0,RUE,3000,DOCTEUR THOMAS,51100.0,REIMS,51,454,AW,556,1,2.0,Appartement,47.0,3.0
1758804,08/09/2017,Vente,"285000,00",9.0,RUE,2270,DE CONSTANTINE,51100.0,REIMS,51,454,BL,310,0,2.0,Appartement,90.0,4.0
1758806,08/09/2017,Vente,"285000,00",9.0,RUE,2270,DE CONSTANTINE,51100.0,REIMS,51,454,BL,310,0,2.0,Appartement,39.0,2.0
1758809,08/09/2017,Vente,"285000,00",9.0,RUE,2270,DE CONSTANTINE,51100.0,REIMS,51,454,BL,310,0,2.0,Appartement,58.0,3.0
1758819,14/09/2017,Vente,"136000,00",27.0,BD,6690,DE LA PAIX,51100.0,REIMS,51,454,CK,128,2,2.0,Appartement,59.0,2.0
1758821,23/08/2017,Vente,"38000,00",446.0,AV,5300,DE LAON,51100.0,REIMS,51,454,AE,91,1,2.0,Appartement,22.0,1.0
1758826,06/07/2017,Vente en l'état futur d'achèvement,"147000,00",13.0,ALL,5425,LEON MICHAUD,51100.0,REIMS,51,454,CL,6,1,2.0,Appartement,53.0,2.0
1758827,08/09/2017,Vente,"197000,00",4.0,RUE,5290,LANTIOME,51100.0,REIMS,51,454,CL,120,2,2.0,Appartement,93.0,3.0
1758828,22/09/2017,Vente,"93000,00",63.0,RUE,0330,ANTOINE GOUSSIEZ,51100.0,REIMS,51,454,AM,318,3,2.0,Appartement,65.0,3.0
1758838,21/08/2017,Vente,"64500,00",12.0,RUE,0910,DE BEZANNES,51100.0,REIMS,51,454,HW,373,2,2.0,Appartement,28.0,1.0
1758840,15/09/2017,Vente,"247000,00",36.0,RUE,6890,PERSEVAL,51100.0,REIMS,51,454,CW,458,2,2.0,Appartement,85.0,4.0
1758843,30/08/2017,Vente,"86000,00",23.0,RUE,7160,PONSARDIN,51100.0,REIMS,51,454,CX,106,2,2.0,Appartement,42.0,2.0
1758846,15/09/2017,Vente,"85000,00",13.0,AV,4900,JEAN JAURES,51100.0,REIMS,51,454,BH,263,1,2.0,Appartement,50.0,2.0
1758849,28/08/2017,Vente en l'état futur d'achèvement,"137000,00",49.0,BD,2650,DAUPHINOT,51100.0,REIMS,51,454,CT,610,1,2.0,Appartement,42.0,2.0
1758851,01/09/2017,Vente,"160000,00",35.0,RUE,2570,CROUTELLE,51100.0,REIMS,51,454,AV,177,3,2.0,Appartement,81.0,3.0
1758853,31/08/2017,Vente,"396390,00",27.0,RUE,9040,DE VESLE,51100.0,REIMS,51,454,IK,4,3,2.0,Appartement,137.0,4.0
1758857,15/09/2017,Vente,"65000,00",25.0,RUE,3770,FRANCOIS DOR,51100.0,REIMS,51,454,HX,390,2,2.0,Appartement,32.0,1.0
1758861,08/09/2017,Vente,"1143500,00",48.0,RUE,9040,DE VESLE,51100.0,REIMS,51,454,IL,154,0,2.0,Appartement,22.0,1.0
1758862,08/09/2017,Vente,"1143500,00",48.0,RUE,9040,DE VESLE,51100.0,REIMS,51,454,IL,154,0,2.0,Appartement,22.0,1.0
1758863,08/09/2017,Vente,"1143500,00",48.0,RUE,9040,DE VESLE,51100.0,REIMS,51,454,IL,154,0,2.0,Appartement,22.0,1.0
1758864,08/09/2017,Vente,"1143500,00",48.0,RUE,9040,DE VESLE,51100.0,REIMS,51,454,IL,154,0,2.0,Appartement,22.0,1.0
1758865,08/09/2017,Vente,"1143500,00",48.0,RUE,9040,DE VESLE,51100.0,REIMS,51,454,IL,154,0,2.0,Appartement,22.0,1.0
1758866,08/09/2017,Vente,"1143500,00",48.0,RUE,9040,DE VESLE,51100.0,REIMS,51,454,IL,154,0,2.0,Appartement,22.0,1.0
1758867,08/09/2017,Vente,"1143500,00",48.0,RUE,9040,DE VESLE,51100.0,REIMS,51,454,IL,154,0,2.0,Appartement,22.0,1.0
1758868,08/09/2017,Vente,"1143500,00",48.0,RUE,9040,DE VESLE,51100.0,REIMS,51,454,IL,154,0,2.0,Appartement,22.0,1.0
1758871,08/09/2017,Vente,"1143500,00",35.0,RUE,7100,DES POISSONNIERS,51100.0,REIMS,51,454,IM,270,0,2.0,Appartement,17.0,1.0
1758872,08/09/2017,Vente,"1143500,00",35.0,RUE,7100,DES POISSONNIERS,51100.0,REIMS,51,454,IM,270,0,2.0,Appartement,22.0,1.0
1758873,08/09/2017,Vente,"1143500,00",35.0,RUE,7100,DES POISSONNIERS,51100.0,REIMS,51,454,IM,270,0,2.0,Appartement,25.0,2.0
1758875,08/09/2017,Vente,"1143500,00",35.0,RUE,7100,DES POISSONNIERS,51100.0,REIMS,51,454,IM,270,0,2.0,Appartement,19.0,1.0
1758876,08/09/2017,Vente,"1143500,00",35.0,RUE,7100,DES POISSONNIERS,51100.0,REIMS,51,454,IM,270,0,2.0,Appartement,14.0,1.0
1758877,08/09/2017,Vente,"1143500,00",35.0,RUE,7100,DES POISSONNIERS,51100.0,REIMS,51,454,IM,270,0,2.0,Appartement,20.0,1.0
1758878,08/09/2017,Vente,"1143500,00",35.0,RUE,7100,DES POISSONNIERS,51100.0,REIMS,51,454,IM,270,0,2.0,Appartement,23.0,2.0
1758879,04/09/2017,Vente en l'état futur d'achèvement,"92000,00",51.0,RUE,0600,DU BARBATRE,51100.0,REIMS,51,454,CY,749,1,2.0,Appartement,21.0,1.0
1758880,20/09/2017,Vente,"77000,00",45.0,RUE,8320,DE SILLERY,51100.0,REIMS,51,454,CL,662,1,2.0,Appartement,51.0,2.0
1758884,07/09/2017,Vente en l'état futur d'achèvement,"135000,00",412.0,AV,5300,DE LAON,51100.0,REIMS,51,454,AE,142,1,2.0,Appartement,38.0,2.0
1758890,08/09/2017,Vente en l'état futur d'achèvement,"448000,00",30.0,RUE,2430,DE COURCELLES,51100.0,REIMS,51,454,AT,492,1,2.0,Appartement,123.0,4.0
1758893,07/09/2017,Vente en l'état futur d'achèvement,"138000,00",49.0,BD,2650,DAUPHINOT,51100.0,REIMS,51,454,CT,610,1,2.0,Appartement,41.0,2.0
1758897,18/09/2017,Vente en l'état futur d'achèvement,"148000,00",67.0,BD,6790,PAUL DOUMER,51100.0,REIMS,51,454,IK,356,1,2.0,Appartement,49.0,2.0
1758898,15/09/2017,Vente,"29000,00",11.0,RUE,7017,PIERRE LAPLACE,51100.0,REIMS,51,454,AE,285,2,2.0,Appartement,46.0,2.0
1758900,04/09/2017,Vente en l'état futur d'achèvement,"198000,00",,RUE,4440,HENRI BARBUSSE,51100.0,REIMS,51,454,CL,1005,1,2.0,Appartement,83.0,4.0
1758905,05/09/2017,Vente,"620000,00",2.0,RUE,1550,CERES,51100.0,REIMS,51,454,CX,39,1,2.0,Appartement,256.0,7.0
1758912,07/09/2017,Vente,"360000,00",165.0,RUE,9040,DE VESLE,51100.0,REIMS,51,454,IK,1171,1,2.0,Appartement,216.0,5.0
1758920,14/09/2017,Vente,"160000,00",7.0,RUE,5230,LABORI,51100.0,REIMS,51,454,CK,323,2,2.0,Appartement,67.0,3.0
1758923,14/09/2017,Vente,"108000,00",76.0,BD,1800,CHARLES ARNOULD,51100.0,REIMS,51,454,AO,493,2,2.0,Appartement,67.0,3.0
1758927,19/09/2017,Vente,"57500,00",32.0,BD,4760,JAMIN,51100.0,REIMS,51,454,BI,854,2,2.0,Appartement,36.0,1.0
1758930,04/09/2017,Vente,"62000,00",32.0,RUE,3000,DOCTEUR THOMAS,51100.0,REIMS,51,454,AW,548,1,2.0,Appartement,36.0,2.0
1758932,21/09/2017,Vente,"82000,00",1.0,RUE,0200,D ALSACE LORRAINE,51100.0,REIMS,51,454,CT,128,5,2.0,Appartement,72.0,3.0
1758937,15/09/2017,Vente,"108000,00",24.0,RUE,1920,DE CHEVIGNE,51100.0,REIMS,51,454,CK,344,1,2.0,Appartement,40.0,2.0
1758939,14/09/2017,Vente,"86000,00",37.0,RUE,3610,FLIN DES OLIVIERS,51100.0,REIMS,51,454,HX,399,1,2.0,Appartement,60.0,3.0
1758940,31/08/2017,Vente,"125000,00",201.0,AV,4900,JEAN JAURES,51100.0,REIMS,51,454,BK,331,1,2.0,Appartement,67.0,3.0
1758947,21/09/2017,Vente,"400000,00",6.0,AV,5300,DE LAON,51100.0,REIMS,51,454,AW,336,0,2.0,Appartement,49.0,2.0
1758949,21/09/2017,Vente,"400000,00",6.0,AV,5300,DE LAON,51100.0,REIMS,51,454,AW,336,0,2.0,Appartement,38.0,2.0
1758950,21/09/2017,Vente,"400000,00",6.0,AV,5300,DE LAON,51100.0,REIMS,51,454,AW,336,0,2.0,Appartement,26.0,1.0
1758951,21/09/2017,Vente,"400000,00",6.0,AV,5300,DE LAON,51100.0,REIMS,51,454,AW,336,0,2.0,Appartement,28.0,1.0
1758955,19/09/2017,Vente,"81951,00",1.0,RUE,1830,CHARLIER,51100.0,REIMS,51,454,BI,241,2,2.0,Appartement,51.0,2.0
1758956,30/08/2017,Vente,"173700,00",43.0,AV,6730,DE PARIS,51100.0,REIMS,51,454,HX,17,2,2.0,Appartement,76.0,4.0
1758960,25/09/2017,Vente,"74000,00",15.0,RUE,4035,GERARD PHILIPE,51100.0,REIMS,51,454,CI,43,1,2.0,Appartement,35.0,2.0
1758970,08/09/2017,Vente,"216000,00",5.0,IMP,5690,LUNDY,51100.0,REIMS,51,454,BH,572,1,2.0,Appartement,63.0,3.0
1758979,15/09/2017,Vente,"67500,00",96.0,AV,3320,D EPERNAY,51100.0,REIMS,51,454,HW,387,2,2.0,Appartement,37.0,1.0
1758984,07/09/2017,Vente en l'état futur d'achèvement,"192100,00",65.0,RUE,6230,DU MONT D ARENE,51100.0,REIMS,51,454,AT,9,1,2.0,Appartement,46.0,2.0
1758985,31/08/2017,Vente,"160000,00",94.0,RUE,6230,DU MONT D ARENE,51100.0,REIMS,51,454,AV,404,1,2.0,Appartement,78.0,3.0
1758986,13/09/2017,Vente,"115000,00",42.0,RUE,6178,MIGUEL DE CERVANTES,51100.0,REIMS,51,454,EX,121,1,2.0,Appartement,66.0,5.0
1758992,22/09/2017,Vente,"120000,00",11.0,RUE,2940,DOCTEUR JACQUIN,51100.0,REIMS,51,454,IL,67,1,2.0,Appartement,31.0,2.0
1759007,31/08/2017,Vente,"193000,00",11.0,RUE,8580,DES TEMPLIERS,51100.0,REIMS,51,454,BH,528,2,2.0,Appartement,81.0,3.0
1759011,05/09/2017,Vente,"135000,00",2.0,RUE,1550,CERES,51100.0,REIMS,51,454,CX,39,1,2.0,Appartement,60.0,1.0
1759018,11/09/2017,Vente,"59000,00",86.0,RUE,7010,PIERRE BROSSOLETTE,51100.0,REIMS,51,454,AV,538,2,2.0,Appartement,47.0,2.0
1759028,06/09/2017,Vente,"67000,00",5.0,RUE,6330,DES MOULINS,51100.0,REIMS,51,454,DM,633,2,2.0,Appartement,29.0,1.0
1759030,26/09/2017,Vente,"60000,00",39.0,AV,4455,HENRI FARMAN,51100.0,REIMS,51,454,EK,6,1,2.0,Appartement,18.0,1.0
1759040,22/09/2017,Vente,"320000,00",18.0,RUE,1550,CERES,51100.0,REIMS,51,454,CX,44,6,2.0,Appartement,153.0,7.0
1759044,18/09/2017,Vente,"30000,00",7.0,BD,1510,CARTERET,51100.0,REIMS,51,454,CV,845,4,2.0,Appartement,38.0,3.0
1759049,20/09/2017,Vente,"215000,00",17.0,RUE,6720,DE PARGNY,51100.0,REIMS,51,454,HX,401,2,2.0,Appartement,88.0,5.0
1759054,15/09/2017,Vente,"130000,00",117.0,RUE,5825,DE LA MAISON BLANCHE,51100.0,REIMS,51,454,DT,424,1,2.0,Appartement,89.0,4.0
1759063,31/08/2017,Vente,"85000,00",63.0,RUE,1590,DE CERNAY,51100.0,REIMS,51,454,CW,321,1,2.0,Appartement,42.0,2.0
1759065,27/09/2017,Vente,"112000,00",1.0,RUE,6740,PASSE DEMOISELLES,51100.0,REIMS,51,454,HX,117,1,2.0,Appartement,42.0,2.0
1759080,13/09/2017,Vente,"104000,00",34.0,RUE,1590,DE CERNAY,51100.0,REIMS,51,454,CW,129,1,2.0,Appartement,53.0,2.0
1759083,14/09/2017,Vente,"66000,00",45.0,RUE,8320,DE SILLERY,51100.0,REIMS,51,454,CL,662,2,2.0,Appartement,56.0,2.0
1759089,20/09/2017,Vente,"140000,00",200.0,AV,4900,JEAN JAURES,51100.0,REIMS,51,454,CV,1,1,2.0,Appartement,151.0,1.0
1759090,22/09/2017,Vente,"52000,00",160.0,RUE,0600,DU BARBATRE,51100.0,REIMS,51,454,CZ,277,1,2.0,Appartement,30.0,2.0
1759091,22/09/2017,Vente,"68000,00",27.0,RUE,4250,DE GRIGNY,51100.0,REIMS,51,454,AM,280,2,2.0,Appartement,45.0,3.0
1759093,15/09/2017,Vente,"127000,00",19.0,RUE,1730,CHANTERAINE,51100.0,REIMS,51,454,DM,634,2,2.0,Appartement,67.0,3.0
1759096,22/09/2017,Vente,"115000,00",80.0,RUE,6330,DES MOULINS,51100.0,REIMS,51,454,CY,617,2,2.0,Appartement,42.0,2.0
1759100,20/09/2017,Vente en l'état futur d'achèvement,"220000,00",,RUE,5891,MARCEL THIL,51100.0,REIMS,51,454,AV,1082,1,2.0,Appartement,68.0,3.0
1759102,15/09/2017,Vente en l'état futur d'achèvement,"234000,00",,RUE,5891,MARCEL THIL,51100.0,REIMS,51,454,AV,1082,1,2.0,Appartement,68.0,3.0
1759104,20/09/2017,Vente,"134200,00",20.0,RUE,2975,DR LUCIEN BETTINGER,51100.0,REIMS,51,454,AE,262,2,2.0,Appartement,76.0,4.0
1759110,08/09/2017,Vente en l'état futur d'achèvement,"128180,00",,RUE,5891,MARCEL THIL,51100.0,REIMS,51,454,AV,1082,1,2.0,Appartement,36.0,1.0
1759112,22/09/2017,Vente,"41000,00",15.0,RUE,8430,DE STRASBOURG,51100.0,REIMS,51,454,CV,576,1,2.0,Appartement,20.0,1.0
1759113,27/09/2017,Vente,"40000,00",21.0,AV,4455,HENRI FARMAN,51100.0,REIMS,51,454,DH,90,1,2.0,Appartement,17.0,1.0
1759115,22/09/2017,Vente,"39000,00",108.0,AV,4900,JEAN JAURES,51100.0,REIMS,51,454,CW,267,1,2.0,Appartement,20.0,1.0
1759120,19/09/2017,Vente,"63000,00",30.0,BD,4550,HENRY VASNIER,51100.0,REIMS,51,454,CZ,546,1,2.0,Appartement,22.0,1.0
1759123,22/09/2017,Vente,"105000,00",84.0,BD,7140,POMMERY,51100.0,REIMS,51,454,CL,378,1,2.0,Appartement,61.0,3.0
1759124,20/09/2017,Vente,"106000,00",84.0,BD,7140,POMMERY,51100.0,REIMS,51,454,CL,378,1,2.0,Appartement,65.0,3.0
1759125,25/09/2017,Vente,"199510,00",7.0,RUE,5250,LAGRIVE,51100.0,REIMS,51,454,CK,65,2,2.0,Appartement,82.0,4.0
1759128,22/09/2017,Vente,"88000,00",27.0,RUE,1710,DE CHAMPIGNY,51100.0,REIMS,51,454,AR,302,2,2.0,Appartement,60.0,3.0
1759133,20/09/2017,Vente,"144000,00",27.0,BD,6690,DE LA PAIX,51100.0,REIMS,51,454,CK,128,2,2.0,Appartement,53.0,2.0
1759135,25/09/2017,Vente,"215050,00",75.0,BD,6790,PAUL DOUMER,51100.0,REIMS,51,454,IK,335,2,2.0,Appartement,102.0,4.0
1759136,07/09/2017,Vente,"204530,00",69.0,RUE,5490,LIBERGIER,51100.0,REIMS,51,454,IK,753,3,2.0,Appartement,18.0,1.0
1759137,07/09/2017,Vente,"204530,00",69.0,RUE,5490,LIBERGIER,51100.0,REIMS,51,454,IK,753,3,2.0,Appartement,29.0,1.0
1759138,07/09/2017,Vente,"204530,00",69.0,RUE,5490,LIBERGIER,51100.0,REIMS,51,454,IK,753,3,2.0,Appartement,33.0,2.0
1759144,26/09/2017,Vente,"72000,00",14.0,RUE,7015,PIERRE DE COUBERTIN,51100.0,REIMS,51,454,AE,292,2,2.0,Appartement,56.0,3.0
1759149,15/09/2017,Vente,"106000,00",1.0,RUE,4425,HELENE NAUTRE,51100.0,REIMS,51,454,BT,580,2,2.0,Appartement,85.0,4.0
1759153,19/09/2017,Vente,"81000,00",36.0,RUE,7010,PIERRE BROSSOLETTE,51100.0,REIMS,51,454,AV,419,2,2.0,Appartement,41.0,2.0
1759155,13/09/2017,Vente,"52000,00",61.0,RUE,3160,EDME MOREAU,51100.0,REIMS,51,454,AI,154,1,2.0,Appartement,26.0,1.0
1759156,06/09/2017,Vente,"160000,00",13.0,RUE,8320,DE SILLERY,51100.0,REIMS,51,454,CK,43,2,2.0,Appartement,78.0,3.0
1759162,05/09/2017,Vente,"62000,00",106.0,RUE,8980,VERNOUILLET,51100.0,REIMS,51,454,AS,67,1,2.0,Appartement,34.0,2.0
1759166,27/09/2017,Vente,"143000,00",135.0,RUE,2440,DE COURLANCY,51100.0,REIMS,51,454,HY,161,2,2.0,Appartement,55.0,3.0
1759173,15/09/2017,Vente,"144000,00",7.0,RUE,0845,BERTRAND DE MUN,51100.0,REIMS,51,454,CM,116,2,2.0,Appartement,76.0,3.0
1759190,06/09/2017,Vente,"500,00",5.0,AV,5300,DE LAON,51100.0,REIMS,51,454,AT,117,1,2.0,Appartement,114.0,4.0
1759196,05/09/2017,Vente,"429500,00",57.0,RUE,8290,16E ET 22E DRAGONS,51100.0,REIMS,51,454,CL,497,2,2.0,Appartement,247.0,5.0
1759198,04/09/2017,Vente,"106150,00",117.0,AV,4900,JEAN JAURES,51100.0,REIMS,51,454,BI,729,1,2.0,Appartement,45.0,1.0
1759199,26/09/2017,Vente,"310000,00",25.0,BD,6690,DE LA PAIX,51100.0,REIMS,51,454,CK,128,3,2.0,Appartement,135.0,6.0
1759212,15/09/2017,Vente,"215000,00",13.0,RUE,8970,DE VERDUN,51100.0,REIMS,51,454,BC,336,0,2.0,Appartement,11.0,1.0
1759213,15/09/2017,Vente,"215000,00",13.0,RUE,8970,DE VERDUN,51100.0,REIMS,51,454,BC,336,0,2.0,Appartement,41.0,1.0
1759214,15/09/2017,Vente,"215000,00",13.0,RUE,8970,DE VERDUN,51100.0,REIMS,51,454,BC,336,0,2.0,Appartement,15.0,1.0
1759215,15/09/2017,Vente,"215000,00",13.0,RUE,8970,DE VERDUN,51100.0,REIMS,51,454,BC,336,0,2.0,Appartement,22.0,1.0
1759216,15/09/2017,Vente,"215000,00",13.0,RUE,8970,DE VERDUN,51100.0,REIMS,51,454,BC,336,0,2.0,Appartement,17.0,1.0
1759219,18/09/2017,Vente,"139000,00",52.0,RUE,1550,CERES,51100.0,REIMS,51,454,CX,78,1,2.0,Appartement,66.0,3.0
1759222,22/09/2017,Vente,"217033,00",21.0,RUE,1480,CARNOT,51100.0,REIMS,51,454,CX,22,2,2.0,Appartement,83.0,3.0
1759224,12/09/2017,Vente,"54000,00",37.0,RUE,6920,PETIT DELBOURG,51100.0,REIMS,51,454,CL,608,1,2.0,Appartement,25.0,1.0
1759226,21/09/2017,Vente en l'état futur d'achèvement,"190500,00",,RUE,4440,HENRI BARBUSSE,51100.0,REIMS,51,454,CL,1005,1,2.0,Appartement,81.0,4.0
1759230,06/07/2017,Vente,"140000,00",140.0,RUE,1590,DE CERNAY,51100.0,REIMS,51,454,CV,623,0,2.0,Appartement,28.0,2.0
1759231,06/07/2017,Vente,"140000,00",140.0,RUE,1590,DE CERNAY,51100.0,REIMS,51,454,CV,623,0,2.0,Appartement,22.0,1.0
1759232,06/07/2017,Vente,"140000,00",140.0,RUE,1590,DE CERNAY,51100.0,REIMS,51,454,CV,623,0,2.0,Appartement,48.0,3.0
1759236,21/09/2017,Vente,"127000,00",140.0,BD,2650,DAUPHINOT,51100.0,REIMS,51,454,CV,1049,2,2.0,Appartement,71.0,3.0
1759237,11/09/2017,Vente en l'état futur d'achèvement,"197272,00",14.0,BD,6690,DE LA PAIX,51100.0,REIMS,51,454,CX,534,1,2.0,Appartement,52.0,2.0
1759241,28/09/2017,Vente,"102200,00",31.0,BD,7960,ST MARCEAUX,51100.0,REIMS,51,454,CK,98,1,2.0,Appartement,76.0,4.0
1759255,21/09/2017,Vente,"55000,00",31.0,RUE,4160,DE LA GOULETTE,51100.0,REIMS,51,454,BL,469,2,2.0,Appartement,71.0,3.0
1759265,19/09/2017,Vente en l'état futur d'achèvement,"179350,00",412.0,AV,5300,DE LAON,51100.0,REIMS,51,454,AE,142,1,2.0,Appartement,78.0,4.0
1759269,08/09/2017,Vente,"240000,00",34.0,RUE,9260,WERLE,51100.0,REIMS,51,454,BH,373,2,2.0,Appartement,115.0,4.0
1759270,28/09/2017,Vente en l'état futur d'achèvement,"197000,00",51.0,RUE,0600,DU BARBATRE,51100.0,REIMS,51,454,CY,749,1,2.0,Appartement,20.0,1.0
1759271,28/09/2017,Vente en l'état futur d'achèvement,"197000,00",51.0,RUE,0600,DU BARBATRE,51100.0,REIMS,51,454,CY,749,1,2.0,Appartement,20.0,1.0
1759278,28/09/2017,Vente en l'état futur d'achèvement,"182000,00",51.0,RUE,0600,DU BARBATRE,51100.0,REIMS,51,454,CY,749,1,2.0,Appartement,50.0,2.0
1759279,25/09/2017,Vente en l'état futur d'achèvement,"254566,86",30.0,RUE,2430,DE COURCELLES,51100.0,REIMS,51,454,AT,492,1,2.0,Appartement,74.0,3.0
1759281,25/09/2017,Vente en l'état futur d'achèvement,"131500,00",49.0,BD,2650,DAUPHINOT,51100.0,REIMS,51,454,CT,610,1,2.0,Appartement,41.0,2.0
1759336,15/09/2017,Vente en l'état futur d'achèvement,"298000,00",13.0,RUE,0123,CAPITAINE ALFRED DREYFUS,51100.0,REIMS,51,454,AV,1037,1,2.0,Appartement,74.0,3.0
1759338,25/09/2017,Vente,"125000,00",53.0,BD,2930,DOCTEUR HENRI HENROT,51100.0,REIMS,51,454,DM,239,2,2.0,Appartement,79.0,4.0
1759340,11/09/2017,Vente,"170000,00",45.0,RUE,5340,LECOINTRE,51100.0,REIMS,51,454,AV,783,1,2.0,Appartement,45.0,2.0
1759343,11/09/2017,Vente,"170000,00",45.0,RUE,5340,LECOINTRE,51100.0,REIMS,51,454,AV,783,1,2.0,Appartement,45.0,2.0
1759347,18/09/2017,Vente en l'état futur d'achèvement,"136000,00",49.0,BD,2650,DAUPHINOT,51100.0,REIMS,51,454,CT,610,1,2.0,Appartement,45.0,2.0
1759350,15/09/2017,Vente en l'état futur d'achèvement,"179000,00",49.0,BD,2650,DAUPHINOT,51100.0,REIMS,51,454,CT,610,1,2.0,Appartement,64.0,2.0
1759371,15/09/2017,Vente,"48600,00",68.0,RUE,6330,DES MOULINS,51100.0,REIMS,51,454,CY,411,1,2.0,Appartement,25.0,1.0
1759386,19/09/2017,Vente,"115000,00",67.0,BD,7550,ROBESPIERRE,51100.0,REIMS,51,454,AY,270,2,2.0,Appartement,87.0,4.0
1759392,25/09/2017,Vente en l'état futur d'achèvement,"144000,00",215.0,RUE,6470,DE NEUFCHATEL,51100.0,REIMS,51,454,AH,79,1,2.0,Appartement,71.0,3.0
1759399,22/09/2017,Vente,"75000,00",8.0,RUE,8320,DE SILLERY,51100.0,REIMS,51,454,CI,146,1,2.0,Appartement,34.0,1.0
1759403,26/09/2017,Vente,"82000,00",13.0,RUE,7015,PIERRE DE COUBERTIN,51100.0,REIMS,51,454,AE,110,2,2.0,Appartement,90.0,5.0
1759405,25/09/2017,Vente,"131000,00",15.0,RUE,8890,DE L UNION FONCIERE,51100.0,REIMS,51,454,HX,220,2,2.0,Appartement,63.0,3.0
1759408,06/10/2017,Vente,"160000,00",28.0,RUE,6670,DES ORPHELINS,51100.0,REIMS,51,454,CY,232,3,2.0,Appartement,62.0,3.0
1759409,22/09/2017,Vente,"138500,00",8.0,RUE,4290,GUERNIER,51100.0,REIMS,51,454,BI,627,2,2.0,Appartement,63.0,3.0
1759422,06/10/2017,Vente,"80000,00",36.0,RUE,1360,CAMILLE LENOIR,51100.0,REIMS,51,454,BH,162,2,2.0,Appartement,46.0,2.0
1759427,16/09/2017,Vente,"95000,00",32.0,BD,4550,HENRY VASNIER,51100.0,REIMS,51,454,CZ,18,2,2.0,Appartement,60.0,2.0
1759433,26/09/2017,Vente,"430000,00",2.0,RUE,5980,DE MARS,51100.0,REIMS,51,454,BE,293,2,2.0,Appartement,122.0,4.0
1759441,15/09/2017,Vente,"142000,00",22.0,BD,0710,DES BELGES,51100.0,REIMS,51,454,AM,600,1,2.0,Appartement,40.0,1.0
1759442,15/09/2017,Vente,"142000,00",24.0,BD,0710,DES BELGES,51100.0,REIMS,51,454,AM,600,2,2.0,Appartement,31.0,2.0
1759445,25/09/2017,Vente en l'état futur d'achèvement,"302500,00",36.0,RUE,7580,ROGER SALENGRO,51100.0,REIMS,51,454,AX,43,1,2.0,Appartement,88.0,4.0
1759451,14/09/2017,Vente,"139900,00",28.0,RUE,4970,JEANNE D ARC,51100.0,REIMS,51,454,IM,58,1,2.0,Appartement,47.0,2.0
1759454,04/10/2017,Vente,"112000,00",179.0,AV,4900,JEAN JAURES,51100.0,REIMS,51,454,BK,461,1,2.0,Appartement,73.0,4.0
1759455,02/10/2017,Vente,"90000,00",19.0,RUE,5490,LIBERGIER,51100.0,REIMS,51,454,IK,46,1,2.0,Appartement,31.0,1.0
1759465,26/09/2017,Vente en l'état futur d'achèvement,"238500,00",,RUE,5891,MARCEL THIL,51100.0,REIMS,51,454,AV,1082,1,2.0,Appartement,70.0,3.0
1759468,05/10/2017,Vente,"112607,00",71.0,RUE,5891,MARCEL THIL,51100.0,REIMS,51,454,AV,761,2,2.0,Appartement,53.0,3.0
1759469,29/09/2017,Vente,"49495,00",32.0,RUE,6160,DE METZ,51100.0,REIMS,51,454,CV,520,1,2.0,Appartement,20.0,1.0
1759472,02/10/2017,Vente,"72500,00",17.0,RUE,7015,PIERRE DE COUBERTIN,51100.0,REIMS,51,454,AE,110,2,2.0,Appartement,81.0,4.0
1759475,28/09/2017,Vente,"115000,00",13.0,BD,5680,LUNDY,51100.0,REIMS,51,454,BE,41,2,2.0,Appartement,43.0,2.0
1759476,29/09/2017,Vente,"172550,00",30.0,RUE,3990,GEORGES BOUSSINESQ,51100.0,REIMS,51,454,CL,110,1,2.0,Appartement,68.0,3.0
1759477,15/09/2017,Vente,"78000,00",8.0,RUE,3970,DU GENERAL SARRAIL,51100.0,REIMS,51,454,IL,15,3,2.0,Appartement,39.0,2.0
1759481,26/09/2017,Vente,"187617,00",474.0,AV,5300,DE LAON,51100.0,REIMS,51,454,AE,312,1,2.0,Appartement,94.0,3.0
1759489,29/09/2017,Vente,"365100,00",2.0,RUE,1390,DES CAPUCINS,51100.0,REIMS,51,454,IK,922,2,2.0,Appartement,111.0,4.0
1759490,02/10/2017,Vente,"212000,00",19.0,RUE,5490,LIBERGIER,51100.0,REIMS,51,454,IK,46,2,2.0,Appartement,48.0,2.0
1759498,21/09/2017,Vente en l'état futur d'achèvement,"265000,00",65.0,RUE,6230,DU MONT D ARENE,51100.0,REIMS,51,454,AT,9,1,2.0,Appartement,74.0,4.0
1759499,03/10/2017,Vente,"127350,00",12.0,RUE,0910,DE BEZANNES,51100.0,REIMS,51,454,HW,373,2,2.0,Appartement,58.0,2.0
1759502,06/10/2017,Vente,"173500,00",21.0,RUE,1360,CAMILLE LENOIR,51100.0,REIMS,51,454,BH,303,2,2.0,Appartement,85.0,3.0
1759504,03/10/2017,Vente,"121000,00",85.0,RUE,3280,EMILE ZOLA,51100.0,REIMS,51,454,AX,330,2,2.0,Appartement,57.0,2.0
1759507,03/10/2017,Vente,"50000,00",96.0,AV,3320,D EPERNAY,51100.0,REIMS,51,454,HW,387,2,2.0,Appartement,37.0,1.0
1759510,18/09/2017,Vente,"55000,00",161.0,RUE,1590,DE CERNAY,51100.0,REIMS,51,454,CV,1215,2,2.0,Appartement,36.0,2.0
1759512,22/09/2017,Vente,"128000,00",2.0,RUE,7790,DE ST BRICE,51100.0,REIMS,51,454,AT,135,1,2.0,Appartement,45.0,2.0
1759513,03/10/2017,Vente,"150150,00",10.0,RUE,0280,D ANJOU,51100.0,REIMS,51,454,CX,373,2,2.0,Appartement,71.0,2.0
1759515,03/10/2017,Vente,"336000,00",4.0,RUE,5710,DE LUXEMBOURG,51100.0,REIMS,51,454,BE,99,2,2.0,Appartement,125.0,4.0
1759516,22/09/2017,Vente,"81600,00",1.0,BD,9070,VICTOR HUGO,51100.0,REIMS,51,454,CZ,450,2,2.0,Appartement,96.0,6.0
1759517,22/09/2017,Vente,"265000,00",10.0,RUE,2260,CONDORCET,51100.0,REIMS,51,454,IL,185,2,2.0,Appartement,115.0,5.0
1759518,18/09/2017,Vente en l'état futur d'achèvement,"174823,00",65.0,RUE,6230,DU MONT D ARENE,51100.0,REIMS,51,454,AT,9,1,2.0,Appartement,49.0,2.0
1759520,21/09/2017,Vente,"46300,00",59.0,RUE,6230,DU MONT D ARENE,51100.0,REIMS,51,454,AT,16,1,2.0,Appartement,20.0,1.0
1759521,02/10/2017,Vente,"185000,00",2.0,RUE,4970,JEANNE D ARC,51100.0,REIMS,51,454,IM,126,1,2.0,Appartement,66.0,3.0
1759531,18/09/2017,Vente en l'état futur d'achèvement,"153312,00",65.0,RUE,6230,DU MONT D ARENE,51100.0,REIMS,51,454,AT,9,1,2.0,Appartement,43.0,2.0
1759535,20/09/2017,Vente,"115000,00",120.0,RUE,3850,GAMBETTA,51100.0,REIMS,51,454,DM,632,2,2.0,Appartement,46.0,2.0
1759537,21/09/2017,Vente,"52000,00",61.0,RUE,2560,CROIX ST MARC,51100.0,REIMS,51,454,CV,377,1,2.0,Appartement,24.0,1.0
1759539,29/09/2017,Vente,"90000,00",29.0,CHS,7970,SAINT MARTIN,51100.0,REIMS,51,454,DN,217,2,2.0,Appartement,55.0,3.0
1759545,29/09/2017,Vente,"140600,00",3.0,CHS,7970,SAINT MARTIN,51100.0,REIMS,51,454,DN,587,1,2.0,Appartement,58.0,3.0
1759548,28/09/2017,Vente,"46635,00",68.0,RUE,4740,JACQUART,51100.0,REIMS,51,454,BI,574,1,2.0,Appartement,17.0,1.0
1759549,06/10/2017,Vente,"56700,00",20.0,RUE,8480,DE TAISSY,51100.0,REIMS,51,454,DK,234,2,2.0,Appartement,59.0,3.0
1759557,29/09/2017,Vente,"64198,00",1.0,RUE,8720,TOURNEBONNEAU,51100.0,REIMS,51,454,DM,628,1,2.0,Appartement,29.0,1.0
1759576,02/10/2017,Vente,"161086,00",39.0,RUE,4560,HINCMAR,51100.0,REIMS,51,454,IK,1267,1,2.0,Appartement,49.0,2.0
1759582,02/10/2017,Vente,"80000,00",17.0,RUE,8390,SOUSSILLON,51100.0,REIMS,51,454,AS,177,1,2.0,Appartement,38.0,2.0
1759591,02/10/2017,Vente,"65000,00",166.0,RUE,7160,PONSARDIN,51100.0,REIMS,51,454,CZ,605,1,2.0,Appartement,107.0,5.0
1759592,02/10/2017,Vente,"65000,00",166.0,RUE,7160,PONSARDIN,51100.0,REIMS,51,454,CZ,605,1,2.0,Appartement,22.0,1.0
1759594,25/09/2017,Vente,"106500,00",4.0,RUE,8820,DES 3 PILIERS,51100.0,REIMS,51,454,AW,81,1,2.0,Appartement,28.0,1.0
1759595,25/09/2017,Vente,"106500,00",4.0,RUE,8820,DES 3 PILIERS,51100.0,REIMS,51,454,AW,81,1,2.0,Appartement,37.0,1.0
1759606,06/10/2017,Vente,"91180,00",29.0,CHS,7970,SAINT MARTIN,51100.0,REIMS,51,454,DN,217,2,2.0,Appartement,55.0,3.0
1759612,05/10/2017,Vente,"503950,00",61.0,RUE,8640,DE THILLOIS,51100.0,REIMS,51,454,IM,171,1,2.0,Appartement,157.0,5.0
1759614,05/10/2017,Vente,"503950,00",61.0,RUE,8640,DE THILLOIS,51100.0,REIMS,51,454,IM,171,1,2.0,Appartement,36.0,1.0
1759616,05/10/2017,Vente en l'état futur d'achèvement,"300000,00",36.0,RUE,7580,ROGER SALENGRO,51100.0,REIMS,51,454,AX,43,1,2.0,Appartement,88.0,4.0
1759621,03/10/2017,Vente,"172000,00",19.0,RUE,5490,LIBERGIER,51100.0,REIMS,51,454,IK,46,1,2.0,Appartement,58.0,2.0
1759640,29/09/2017,Vente,"103000,00",42.0,RUE,1830,CHARLIER,51100.0,REIMS,51,454,BI,101,1,2.0,Appartement,34.0,2.0
1759647,22/09/2017,Vente,"270000,00",22.0,RUE,4890,JEAN JACQUES ROUSSEAU,51100.0,REIMS,51,454,BE,183,2,2.0,Appartement,105.0,5.0
1759651,04/10/2017,Vente,"123000,00",10.0,RUE,0790,BENOIST MALOT,51100.0,REIMS,51,454,DV,167,1,2.0,Appartement,67.0,3.0
1759652,27/09/2017,Vente,"90000,00",21.0,RUE,9210,DE WITRY,51100.0,REIMS,51,454,CT,186,2,2.0,Appartement,50.0,2.0
1759660,06/10/2017,Vente,"184380,00",23.0,BD,6750,PASTEUR,51100.0,REIMS,51,454,CK,310,2,2.0,Appartement,94.0,5.0
1759662,09/10/2017,Vente,"79000,00",7.0,RUE,1880,CHAVAILLIAUD,51100.0,REIMS,51,454,CV,713,3,2.0,Appartement,35.0,2.0
1759671,16/10/2017,Vente,"146700,00",60.0,AV,4900,JEAN JAURES,51100.0,REIMS,51,454,CW,89,1,2.0,Appartement,70.0,3.0
1759676,03/10/2017,Vente,"137000,00",118.0,RUE,3850,GAMBETTA,51100.0,REIMS,51,454,DM,632,2,2.0,Appartement,70.0,4.0
1759677,02/10/2017,Vente en l'état futur d'achèvement,"121000,00",49.0,BD,2650,DAUPHINOT,51100.0,REIMS,51,454,CT,610,1,2.0,Appartement,36.0,2.0
1759680,05/10/2017,Vente,"90125,00",13.0,RUE,2760,DESBUREAUX,51100.0,REIMS,51,454,AL,419,1,2.0,Appartement,79.0,4.0
1759684,25/09/2017,Vente,"115000,00",5.0,RUE,8260,SCULPTEURS JACQUES,51100.0,REIMS,51,454,HW,278,2,2.0,Appartement,66.0,4.0
1759689,04/10/2017,Vente en l'état futur d'achèvement,"171000,00",51.0,RUE,0600,DU BARBATRE,51100.0,REIMS,51,454,CY,749,1,2.0,Appartement,45.0,2.0
1759691,17/10/2017,Vente,"110000,00",149.0,RUE,5460,LESAGE,51100.0,REIMS,51,454,AY,139,0,2.0,Appartement,38.0,2.0
1759692,17/10/2017,Vente,"110000,00",149.0,RUE,5460,LESAGE,51100.0,REIMS,51,454,AY,139,0,2.0,Appartement,36.0,2.0
1759693,29/09/2017,Vente,"101000,00",45.0,RUE,8320,DE SILLERY,51100.0,REIMS,51,454,CL,662,2,2.0,Appartement,56.0,2.0
1759696,03/10/2017,Vente,"110000,00",64.0,RUE,3850,GAMBETTA,51100.0,REIMS,51,454,CY,308,2,2.0,Appartement,125.0,5.0
1759699,04/10/2017,Vente,"230000,00",16.0,RUE,3340,DE L EQUERRE,51100.0,REIMS,51,454,CY,648,2,2.0,Appartement,87.0,3.0
1759714,21/09/2017,Vente,"227000,00",14.0,RUE,8730,DES TOURNELLES,51100.0,REIMS,51,454,CX,420,2,2.0,Appartement,6.0,0.0
1759716,05/10/2017,Vente,"50730,00",10.0,RUE,8820,DES 3 PILIERS,51100.0,REIMS,51,454,AW,79,1,2.0,Appartement,33.0,2.0
1759739,11/10/2017,Vente,"146000,00",22.0,RUE,3000,DOCTEUR THOMAS,51100.0,REIMS,51,454,AW,365,1,2.0,Appartement,68.0,3.0
1759742,29/09/2017,Vente,"153000,00",73.0,BD,6790,PAUL DOUMER,51100.0,REIMS,51,454,IK,335,2,2.0,Appartement,80.0,3.0
1759745,23/09/2017,Vente en l'état futur d'achèvement,"127000,00",65.0,RUE,6230,DU MONT D ARENE,51100.0,REIMS,51,454,AT,9,1,2.0,Appartement,34.0,1.0
1759746,17/10/2017,Vente,"67500,00",19.0,RUE,4540,HENRI IV,51100.0,REIMS,51,454,IL,2,1,2.0,Appartement,19.0,1.0
1759748,29/09/2017,Vente en l'état futur d'achèvement,"221000,00",42.0,RUE,4440,HENRI BARBUSSE,51100.0,REIMS,51,454,CL,1007,1,2.0,Appartement,67.0,3.0
1759752,25/09/2017,Vente en l'état futur d'achèvement,"239253,00",65.0,RUE,6230,DU MONT D ARENE,51100.0,REIMS,51,454,AT,9,1,2.0,Appartement,61.0,3.0
1759761,06/10/2017,Vente,"84960,00",40.0,RUE,4560,HINCMAR,51100.0,REIMS,51,454,IK,656,1,2.0,Appartement,41.0,2.0
1759770,09/10/2017,Vente en l'état futur d'achèvement,"243000,00",15.0,RUE,0123,CAPITAINE ALFRED DREYFUS,51100.0,REIMS,51,454,AV,1037,2,2.0,Appartement,68.0,3.0
1759783,17/10/2017,Vente,"88500,00",70.0,RUE,3000,DOCTEUR THOMAS,51100.0,REIMS,51,454,AW,273,2,2.0,Appartement,39.0,2.0
1759791,11/10/2017,Vente,"108000,00",112.0,RUE,0600,DU BARBATRE,51100.0,REIMS,51,454,CZ,387,1,2.0,Appartement,39.0,2.0
1759817,21/09/2017,Vente,"272000,00",31.0,RUE,4740,JACQUART,51100.0,REIMS,51,454,BH,137,1,2.0,Appartement,100.0,4.0
1759823,02/10/2017,Vente,"63000,00",1.0,RUE,2250,DE LA CONCORDE,51100.0,REIMS,51,454,IO,16,1,2.0,Appartement,43.0,1.0
1759825,09/10/2017,Vente,"118000,00",1.0,RUE,2810,DIDEROT,51100.0,REIMS,51,454,CX,128,1,2.0,Appartement,50.0,2.0
1759827,05/10/2017,Vente,"87000,00",7.0,IMP,1440,DES CARMELITES,51100.0,REIMS,51,454,IK,1347,1,2.0,Appartement,34.0,2.0
1759834,03/10/2017,Vente en l'état futur d'achèvement,"115000,00",,RUE,4440,HENRI BARBUSSE,51100.0,REIMS,51,454,CL,1005,1,2.0,Appartement,45.0,2.0
1759840,13/10/2017,Vente,"70000,00",4.0,RUE,2960,DU DOCTEUR LEFORT,51100.0,REIMS,51,454,DO,609,2,2.0,Appartement,55.0,3.0
1759841,11/10/2017,Vente,"79770,00",82.0,RUE,6330,DES MOULINS,51100.0,REIMS,51,454,CY,617,2,2.0,Appartement,28.0,1.0
1759844,10/10/2017,Vente,"150000,00",1.0,RUE,5770,MACQUART,51100.0,REIMS,51,454,BH,65,1,2.0,Appartement,65.0,3.0
1759846,26/09/2017,Vente,"65000,00",9.0,RUE,8580,DES TEMPLIERS,51100.0,REIMS,51,454,BH,528,2,2.0,Appartement,28.0,1.0
1759851,02/10/2017,Vente en l'état futur d'achèvement,"99000,00",215.0,RUE,6470,DE NEUFCHATEL,51100.0,REIMS,51,454,AH,79,1,2.0,Appartement,45.0,2.0
1759854,11/10/2017,Vente en l'état futur d'achèvement,"89800,00",51.0,RUE,0600,DU BARBATRE,51100.0,REIMS,51,454,CY,749,1,2.0,Appartement,20.0,1.0
1759856,27/09/2017,Vente,"137500,00",16.0,RUE,4035,GERARD PHILIPE,51100.0,REIMS,51,454,CI,67,2,2.0,Appartement,71.0,3.0
1759857,06/10/2017,Vente,"75000,00",3.0,RUE,2790,DEVILLE,51100.0,REIMS,51,454,AV,140,3,2.0,Appartement,48.0,3.0
1759859,26/09/2017,Vente,"63000,00",18.0,RUE,7980,ST MAURICE,51100.0,REIMS,51,454,CZ,378,2,2.0,Appartement,23.0,1.0
1759883,11/10/2017,Vente,"158000,00",8.0,RUE,1590,DE CERNAY,51100.0,REIMS,51,454,CW,71,2,2.0,Appartement,80.0,3.0
1759885,16/10/2017,Vente,"360500,00",107.0,RUE,3850,GAMBETTA,51100.0,REIMS,51,454,CY,574,1,2.0,Appartement,113.0,4.0
1759889,16/10/2017,Vente,"59500,00",3.0,ALL,7019,PIERRE GRANDREMY,51100.0,REIMS,51,454,HT,90,2,2.0,Appartement,49.0,2.0
1759893,19/10/2017,Vente,"145000,00",13.0,RUE,4120,GOIOT,51100.0,REIMS,51,454,CZ,607,2,2.0,Appartement,69.0,3.0
1759909,16/10/2017,Vente,"102000,00",1.0,RUE,8290,16E ET 22E DRAGONS,51100.0,REIMS,51,454,CK,17,1,2.0,Appartement,58.0,2.0
1759921,28/09/2017,Vente,"193500,00",113.0,RUE,9040,DE VESLE,51100.0,REIMS,51,454,IK,1347,1,2.0,Appartement,82.0,3.0
1759939,23/10/2017,Vente,"90000,00",43.0,RUE,5840,MALDAN,51100.0,REIMS,51,454,AR,156,2,2.0,Appartement,33.0,2.0
1759942,03/10/2017,Vente,"115000,00",18.0,BD,5680,LUNDY,51100.0,REIMS,51,454,BH,350,1,2.0,Appartement,42.0,2.0
1759995,11/10/2017,Vente,"57000,00",29.0,RUE,3020,DORIGNY,51100.0,REIMS,51,454,BI,598,1,2.0,Appartement,34.0,1.0
1759999,20/10/2017,Vente,"90000,00",2.0,RUE,8605,THEOPHILE GAUTIER,51100.0,REIMS,51,454,AD,829,2,2.0,Appartement,73.0,4.0
1760002,23/10/2017,Vente,"82500,00",20.0,BD,6750,PASTEUR,51100.0,REIMS,51,454,CY,627,1,2.0,Appartement,14.0,1.0
1760003,23/10/2017,Vente,"82500,00",20.0,BD,6750,PASTEUR,51100.0,REIMS,51,454,CY,627,1,2.0,Appartement,14.0,1.0
1760004,11/10/2017,Vente,"82000,00",41.0,RUE,3990,GEORGES BOUSSINESQ,51100.0,REIMS,51,454,CL,874,2,2.0,Appartement,43.0,2.0
1760006,11/10/2017,Vente,"66000,00",62.0,RUE,3850,GAMBETTA,51100.0,REIMS,51,454,CY,309,1,2.0,Appartement,19.0,1.0
1760016,13/10/2017,Vente en l'état futur d'achèvement,"198000,00",49.0,BD,2650,DAUPHINOT,51100.0,REIMS,51,454,CT,610,1,2.0,Appartement,81.0,3.0
1760018,16/10/2017,Vente,"116000,00",31.0,BD,7960,ST MARCEAUX,51100.0,REIMS,51,454,CK,98,1,2.0,Appartement,76.0,4.0
1760036,09/10/2017,Vente en l'état futur d'achèvement,"215000,00",13.0,ALL,5425,LEON MICHAUD,51100.0,REIMS,51,454,CL,6,1,2.0,Appartement,74.0,3.0
1760039,16/10/2017,Vente,"37000,00",61.0,RUE,2560,CROIX ST MARC,51100.0,REIMS,51,454,CV,377,1,2.0,Appartement,20.0,1.0
1760041,18/10/2017,Vente,"145000,00",12.0,RUE,1890,DU CHEMIN VERT,51100.0,REIMS,51,454,CI,137,1,2.0,Appartement,48.0,2.0
1760048,03/10/2017,Vente,"190600,00",1.0,RUE,8200,STE GENEVIEVE,51100.0,REIMS,51,454,HX,143,1,2.0,Appartement,83.0,4.0
1760050,23/10/2017,Vente en l'état futur d'achèvement,"237900,00",,RUE,5891,MARCEL THIL,51100.0,REIMS,51,454,AV,1082,1,2.0,Appartement,70.0,3.0
1760055,02/10/2017,Vente,"107250,00",51.0,BD,2930,DOCTEUR HENRI HENROT,51100.0,REIMS,51,454,DM,239,2,2.0,Appartement,69.0,3.0
1760058,02/10/2017,Vente,"134100,00",61.0,RUE,1920,DE CHEVIGNE,51100.0,REIMS,51,454,CL,33,2,2.0,Appartement,103.0,5.0
1760059,06/10/2017,Vente,"72500,00",96.0,AV,3320,D EPERNAY,51100.0,REIMS,51,454,HW,387,2,2.0,Appartement,37.0,1.0
1760065,20/10/2017,Vente,"49500,00",31.0,RUE,2560,CROIX ST MARC,51100.0,REIMS,51,454,CV,387,1,2.0,Appartement,30.0,2.0
1760067,20/10/2017,Vente en l'état futur d'achèvement,"189000,00",,RUE,5891,MARCEL THIL,51100.0,REIMS,51,454,AV,1082,1,2.0,Appartement,56.0,2.0
1760070,18/10/2017,Vente,"83790,00",20.0,RUE,8270,DE SEBASTOPOL,51100.0,REIMS,51,454,BK,350,1,2.0,Appartement,40.0,2.0
1760075,29/09/2017,Vente,"137000,00",18.0,RUE,7340,DU PROGRES,51100.0,REIMS,51,454,AO,335,1,2.0,Appartement,63.0,3.0
1760077,23/10/2017,Vente en l'état futur d'achèvement,"220000,00",36.0,RUE,7580,ROGER SALENGRO,51100.0,REIMS,51,454,AX,43,1,2.0,Appartement,72.0,3.0
1760078,20/10/2017,Vente,"63000,00",77.0,CHS,7970,SAINT MARTIN,51100.0,REIMS,51,454,DN,285,1,2.0,Appartement,24.0,1.0
1760090,12/10/2017,Vente,"135100,00",10.0,RUE,4035,GERARD PHILIPE,51100.0,REIMS,51,454,CI,70,2,2.0,Appartement,78.0,4.0
1760101,09/10/2017,Vente,"68000,00",1.0,RUE,1920,DE CHEVIGNE,51100.0,REIMS,51,454,CL,154,2,2.0,Appartement,26.0,1.0
1760103,29/09/2017,Vente,"55000,00",28.0,RUE,1390,DES CAPUCINS,51100.0,REIMS,51,454,IK,878,4,2.0,Appartement,36.0,1.0
1760104,10/10/2017,Vente,"45000,00",13.0,RUE,7405,RAYMOND POINCARE,51100.0,REIMS,51,454,AE,117,2,2.0,Appartement,59.0,3.0
1760109,10/10/2017,Vente,"83000,00",9.0,RUE,3210,DES ELUS,51100.0,REIMS,51,454,IL,503,1,2.0,Appartement,42.0,1.0
1760110,10/10/2017,Vente,"83000,00",9.0,RUE,3210,DES ELUS,51100.0,REIMS,51,454,IL,503,1,2.0,Appartement,92.0,3.0
1760114,20/10/2017,Vente,"107000,00",9.0,AV,0070,ALEXANDRE DE SERBIE,51100.0,REIMS,51,454,DT,227,2,2.0,Appartement,65.0,4.0
1760117,29/09/2017,Vente en l'état futur d'achèvement,"248531,00",65.0,RUE,6230,DU MONT D ARENE,51100.0,REIMS,51,454,AT,9,1,2.0,Appartement,64.0,3.0
1760118,02/10/2017,Vente,"67000,00",60.0,PL,3040,DROUET D ERLON,51100.0,REIMS,51,454,IL,337,2,2.0,Appartement,22.0,1.0
1760120,13/10/2017,Vente,"150000,00",64.0,RUE,3850,GAMBETTA,51100.0,REIMS,51,454,CY,308,2,2.0,Appartement,80.0,3.0
1760122,23/10/2017,Vente,"57000,00",30.0,RUE,2740,DERODE,51100.0,REIMS,51,454,BI,150,1,2.0,Appartement,28.0,1.0
1760127,03/10/2017,Vente,"150000,00",22.0,RUE,5400,LEON FAUCHER,51100.0,REIMS,51,454,BC,23,2,2.0,Appartement,80.0,4.0
1760128,04/10/2017,Vente,"65000,00",2.0,RUE,1720,DU CHANOINE LALLEMENT,51100.0,REIMS,51,454,DT,175,2,2.0,Appartement,51.0,2.0
1760135,10/10/2017,Vente,"147000,00",24.0,RUE,4620,HOUZEAU MUIRON,51100.0,REIMS,51,454,CK,228,2,2.0,Appartement,71.0,3.0
1760141,20/10/2017,Vente,"115000,00",48.0,RUE,1670,DU CHAMP DE MARS,51100.0,REIMS,51,454,BH,1,1,2.0,Appartement,55.0,3.0
1760143,09/10/2017,Vente en l'état futur d'achèvement,"137000,00",215.0,RUE,6470,DE NEUFCHATEL,51100.0,REIMS,51,454,AH,79,1,2.0,Appartement,64.0,3.0
1760158,09/10/2017,Vente en l'état futur d'achèvement,"138000,00",13.0,ALL,5425,LEON MICHAUD,51100.0,REIMS,51,454,CL,6,1,2.0,Appartement,44.0,2.0
1760184,19/10/2017,Vente,"246000,00",18.0,RUE,0410,DE L ARQUEBUSE,51100.0,REIMS,51,454,IM,327,0,2.0,Appartement,48.0,3.0
1760185,19/10/2017,Vente,"246000,00",18.0,RUE,0410,DE L ARQUEBUSE,51100.0,REIMS,51,454,IM,327,0,2.0,Appartement,48.0,3.0
1760186,19/10/2017,Vente,"246000,00",18.0,RUE,0410,DE L ARQUEBUSE,51100.0,REIMS,51,454,IM,327,0,2.0,Appartement,40.0,2.0
1760187,17/10/2017,Vente,"47000,00",7.0,RUE,1250,DE BRIMONTEL,51100.0,REIMS,51,454,AY,273,1,2.0,Appartement,23.0,1.0
1760191,13/10/2017,Vente,"164000,00",3.0,RUE,8297,DES SERGIERS,51100.0,REIMS,51,454,CT,531,2,2.0,Appartement,73.0,3.0
1760195,16/10/2017,Vente,"382000,00",6.0,RUE,7160,PONSARDIN,51100.0,REIMS,51,454,CX,69,1,2.0,Appartement,95.0,4.0
1760196,23/10/2017,Vente,"115000,00",2.0,RUE,2370,COULVIER GRAVIER,51100.0,REIMS,51,454,CZ,120,1,2.0,Appartement,63.0,2.0
1760197,23/10/2017,Vente,"115000,00",10.0,RUE,0440,AUBERT,51100.0,REIMS,51,454,CZ,120,1,2.0,Appartement,100.0,3.0
1760199,11/10/2017,Vente,"121000,00",36.0,RUE,2080,CLOVIS CHEZEL,51100.0,REIMS,51,454,DN,549,1,2.0,Appartement,73.0,3.0
1760201,16/10/2017,Vente,"196495,00",66.0,RUE,8950,DE VENISE,51100.0,REIMS,51,454,IK,288,2,2.0,Appartement,90.0,4.0
1760205,25/10/2017,Vente,"119900,00",42.0,RUE,1670,DU CHAMP DE MARS,51100.0,REIMS,51,454,BH,1,2,2.0,Appartement,65.0,4.0
1760208,16/10/2017,Vente,"117000,00",31.0,RUE,1100,BOUDET,51100.0,REIMS,51,454,AX,708,1,2.0,Appartement,75.0,3.0
1760209,16/10/2017,Vente,"71000,00",4.0,RUE,4220,GRANDVAL,51100.0,REIMS,51,454,CL,985,1,2.0,Appartement,31.0,1.0
1760231,06/10/2017,Vente,"100000,00",118.0,RUE,6230,DU MONT D ARENE,51100.0,REIMS,51,454,AR,355,1,2.0,Appartement,45.0,2.0
1760232,05/10/2017,Vente,"228800,00",5.0,RUE,8510,DE TAMBOUR,51100.0,REIMS,51,454,BE,280,2,2.0,Appartement,69.0,3.0
1760240,10/10/2017,Vente,"194850,00",11.0,RUE,5540,LINGUET,51100.0,REIMS,51,454,BE,314,4,2.0,Appartement,82.0,2.0
1760243,11/10/2017,Vente,"97000,00",18.0,RUE,7340,DU PROGRES,51100.0,REIMS,51,454,AO,335,1,2.0,Appartement,63.0,3.0
1760257,05/10/2017,Vente,"65000,00",34.0,RUE,1590,DE CERNAY,51100.0,REIMS,51,454,CW,129,1,2.0,Appartement,31.0,1.0
1760260,18/10/2017,Vente,"128000,00",82.0,RUE,0600,DU BARBATRE,51100.0,REIMS,51,454,CY,258,1,2.0,Appartement,46.0,1.0
1760261,20/10/2017,Vente,"86000,00",150.0,RUE,6830,P VAILLANT COUTURIER,51100.0,REIMS,51,454,AN,174,2,2.0,Appartement,52.0,2.0
1760262,11/10/2017,Vente,"68000,00",17.0,RUE,4650,HUGUES KRAFFT,51100.0,REIMS,51,454,AM,570,2,2.0,Appartement,68.0,4.0
1760268,18/10/2017,Vente,"340000,00",2.0,RUE,0830,BERTIN,51100.0,REIMS,51,454,BE,129,3,2.0,Appartement,159.0,4.0
1760284,23/10/2017,Vente,"120000,00",25.0,RUE,8500,DE TALLEYRAND,51100.0,REIMS,51,454,IL,229,1,2.0,Appartement,40.0,2.0
1760286,30/10/2017,Vente,"132500,00",5.0,RUE,8720,TOURNEBONNEAU,51100.0,REIMS,51,454,DM,628,1,2.0,Appartement,64.0,3.0
1760291,27/10/2017,Vente,"73000,00",19.0,RUE,5920,M CLEMENCE FOURIAUX,51100.0,REIMS,51,454,AT,85,2,2.0,Appartement,31.0,2.0
1760292,23/10/2017,Vente,"80750,00",46.0,RUE,5270,LANDOUZY,51100.0,REIMS,51,454,AW,151,1,2.0,Appartement,36.0,2.0
1760295,26/10/2017,Vente,"257000,00",42.0,RUE,0550,BACQUENOIS,51100.0,REIMS,51,454,IM,292,2,2.0,Appartement,72.0,4.0
1760307,27/10/2017,Vente,"123000,00",63.0,BD,2930,DOCTEUR HENRI HENROT,51100.0,REIMS,51,454,DM,239,2,2.0,Appartement,79.0,4.0
1760312,31/10/2017,Vente,"146000,00",62.0,RUE,4740,JACQUART,51100.0,REIMS,51,454,BI,813,1,2.0,Appartement,61.0,2.0
1760314,02/11/2017,Vente,"170600,00",6.0,RUE,6740,PASSE DEMOISELLES,51100.0,REIMS,51,454,HX,436,2,2.0,Appartement,88.0,4.0
1760315,30/10/2017,Vente,"55900,00",59.0,RUE,6160,DE METZ,51100.0,REIMS,51,454,CV,483,1,2.0,Appartement,33.0,2.0
1760316,03/10/2017,Vente,"83000,00",27.0,BD,6690,DE LA PAIX,51100.0,REIMS,51,454,CK,128,2,2.0,Appartement,33.0,1.0
1760317,13/10/2017,Vente,"357000,00",11.0,BD,6690,DE LA PAIX,51100.0,REIMS,51,454,CW,12,2,2.0,Appartement,84.0,4.0
1760321,11/10/2017,Vente en l'état futur d'achèvement,"223440,00",65.0,RUE,6230,DU MONT D ARENE,51100.0,REIMS,51,454,AT,9,1,2.0,Appartement,63.0,3.0
1760327,16/10/2017,Vente en l'état futur d'achèvement,"161700,00",65.0,RUE,6230,DU MONT D ARENE,51100.0,REIMS,51,454,AT,9,1,2.0,Appartement,45.0,2.0
1760344,20/10/2017,Vente,"79680,00",23.0,BD,6750,PASTEUR,51100.0,REIMS,51,454,CK,310,2,2.0,Appartement,80.0,5.0
1760355,19/10/2017,Vente,"85000,00",11.0,RUE,7705,RUDYARD KIPLING,51100.0,REIMS,51,454,HK,1279,2,2.0,Appartement,48.0,2.0
1760357,19/10/2017,Vente,"144450,00",44.0,RUE,6480,DE LA NEUVILLETTE,51100.0,REIMS,51,454,AX,340,2,2.0,Appartement,70.0,2.0
1760361,19/10/2017,Vente en l'état futur d'achèvement,"192500,00",65.0,RUE,6230,DU MONT D ARENE,51100.0,REIMS,51,454,AT,9,1,2.0,Appartement,60.0,3.0
1760364,17/10/2017,Vente,"49598,00",21.0,AV,4455,HENRI FARMAN,51100.0,REIMS,51,454,DH,90,1,2.0,Appartement,17.0,1.0
1760366,17/10/2017,Vente,"80500,00",217.0,AV,5300,DE LAON,51100.0,REIMS,51,454,AV,846,2,2.0,Appartement,39.0,3.0
1760368,18/10/2017,Vente en l'état futur d'achèvement,"162000,00",13.0,ALL,5425,LEON MICHAUD,51100.0,REIMS,51,454,CL,6,1,2.0,Appartement,62.0,3.0
1760379,19/10/2017,Vente,"42900,00",40.0,RUE,8430,DE STRASBOURG,51100.0,REIMS,51,454,CV,590,1,2.0,Appartement,20.0,1.0
1760395,24/10/2017,Vente,"60000,00",93.0,RUE,3850,GAMBETTA,51100.0,REIMS,51,454,CY,631,1,2.0,Appartement,24.0,1.0
1760397,02/11/2017,Vente,"97000,00",56.0,RUE,4740,JACQUART,51100.0,REIMS,51,454,BI,569,2,2.0,Appartement,60.0,3.0
1760418,02/11/2017,Vente,"64000,00",22.0,RUE,6360,DES MURS,51100.0,REIMS,51,454,CY,62,1,2.0,Appartement,31.0,2.0
1760419,25/10/2017,Vente en l'état futur d'achèvement,"134000,00",49.0,BD,2650,DAUPHINOT,51100.0,REIMS,51,454,CT,610,1,2.0,Appartement,41.0,2.0
1760422,26/10/2017,Vente en l'état futur d'achèvement,"136900,00",49.0,BD,2650,DAUPHINOT,51100.0,REIMS,51,454,CT,610,1,2.0,Appartement,45.0,2.0
1760424,06/10/2017,Vente,"102464,00",6.0,ALL,3165,EDOUARD DEKETELAERE,51100.0,REIMS,51,454,AN,668,2,2.0,Appartement,66.0,4.0
1760426,23/10/2017,Vente en l'état futur d'achèvement,"210500,00",49.0,BD,2650,DAUPHINOT,51100.0,REIMS,51,454,CT,610,1,2.0,Appartement,78.0,4.0
1760445,31/10/2017,Vente,"86000,00",44.0,RUE,5090,JULES GUICHARD,51100.0,REIMS,51,454,AV,936,2,2.0,Appartement,44.0,2.0
1760446,03/11/2017,Vente,"62000,00",52.0,PL,3040,DROUET D ERLON,51100.0,REIMS,51,454,IL,337,2,2.0,Appartement,24.0,1.0
1760447,30/10/2017,Vente en l'état futur d'achèvement,"247700,00",36.0,RUE,7580,ROGER SALENGRO,51100.0,REIMS,51,454,AX,43,1,2.0,Appartement,66.0,3.0
1760456,03/11/2017,Vente,"123000,00",77.0,RUE,5490,LIBERGIER,51100.0,REIMS,51,454,IK,761,2,2.0,Appartement,51.0,2.0
1760457,03/11/2017,Vente,"114000,00",28.0,RUE,0600,DU BARBATRE,51100.0,REIMS,51,454,CY,26,2,2.0,Appartement,56.0,2.0
1760458,03/11/2017,Vente,"55000,00",70.0,RUE,3850,GAMBETTA,51100.0,REIMS,51,454,CY,304,2,2.0,Appartement,20.0,1.0
1760463,02/11/2017,Vente,"170000,00",124.0,BD,7960,ST MARCEAUX,51100.0,REIMS,51,454,CK,176,2,2.0,Appartement,77.0,4.0
1760469,23/10/2017,Vente,"225000,00",11.0,BD,7550,ROBESPIERRE,51100.0,REIMS,51,454,AY,366,4,2.0,Appartement,125.0,6.0
1760480,24/10/2017,Vente,"92000,00",13.0,BD,6790,PAUL DOUMER,51100.0,REIMS,51,454,HZ,22,1,2.0,Appartement,30.0,1.0
1760482,24/10/2017,Vente,"105600,00",7.0,RUE,2760,DESBUREAUX,51100.0,REIMS,51,454,AL,419,1,2.0,Appartement,103.0,5.0
1760484,06/11/2017,Vente,"250000,00",13.0,BD,6790,PAUL DOUMER,51100.0,REIMS,51,454,HZ,22,1,2.0,Appartement,143.0,4.0
1760488,02/11/2017,Vente,"100000,00",15.0,AV,3320,D EPERNAY,51100.0,REIMS,51,454,DP,459,1,2.0,Appartement,42.0,2.0
1760490,23/10/2017,Vente,"83000,00",197.0,RUE,1390,DES CAPUCINS,51100.0,REIMS,51,454,CY,366,1,2.0,Appartement,42.0,2.0
1760491,10/10/2017,Vente,"30000,00",25.0,RUE,1723,CHANOINE RENE CAMUS,51100.0,REIMS,51,454,KO,55,0,2.0,Appartement,50.0,1.0
1760497,08/11/2017,Vente,"56000,00",44.0,RUE,4880,JEAN DE LA FONTAINE,51100.0,REIMS,51,454,CV,466,3,2.0,Appartement,30.0,2.0
1760498,08/11/2017,Vente,"50000,00",13.0,BD,6790,PAUL DOUMER,51100.0,REIMS,51,454,HZ,22,1,2.0,Appartement,21.0,1.0
1760499,08/11/2017,Vente,"140000,00",13.0,BD,6790,PAUL DOUMER,51100.0,REIMS,51,454,HZ,22,1,2.0,Appartement,56.0,3.0
1760500,10/10/2017,Vente,"103000,00",60.0,RUE,7790,DE ST BRICE,51100.0,REIMS,51,454,AT,1,1,2.0,Appartement,48.0,3.0
1760502,10/10/2017,Vente,"103000,00",60.0,RUE,7790,DE ST BRICE,51100.0,REIMS,51,454,AT,1,1,2.0,Appartement,46.0,3.0
1760511,28/10/2017,Vente,"54500,00",1.0,RUE,9260,WERLE,51100.0,REIMS,51,454,BH,530,1,2.0,Appartement,21.0,1.0
1760529,28/10/2017,Vente,"55400,00",1.0,RUE,9260,WERLE,51100.0,REIMS,51,454,BH,530,1,2.0,Appartement,21.0,1.0
1760532,02/11/2017,Vente,"161655,00",4.0,RUE,0210,AMBROISE PETIT,51100.0,REIMS,51,454,DM,634,2,2.0,Appartement,91.0,5.0
1760542,13/10/2017,Vente,"80500,00",14.0,RUE,7860,SAINT HILAIRE,51100.0,REIMS,51,454,BE,38,2,2.0,Appartement,36.0,1.0
1760547,19/10/2017,Vente,"117500,00",179.0,AV,4900,JEAN JAURES,51100.0,REIMS,51,454,BK,461,2,2.0,Appartement,75.0,4.0
1760548,27/10/2017,Vente,"172801,00",6.0,RUE,7980,ST MAURICE,51100.0,REIMS,51,454,CZ,382,2,2.0,Appartement,69.0,3.0
1760553,25/10/2017,Vente,"70000,00",9.0,RUE,7400,RAYMOND GUYOT,51100.0,REIMS,51,454,BH,529,1,2.0,Appartement,35.0,1.0
1760561,18/10/2017,Vente,"103400,00",63.0,RUE,3500,FAVART D HERBIGNY,51100.0,REIMS,51,454,CV,744,4,2.0,Appartement,32.0,2.0
1760562,18/10/2017,Vente,"103400,00",63.0,RUE,3500,FAVART D HERBIGNY,51100.0,REIMS,51,454,CV,744,3,2.0,Appartement,30.0,2.0
1760566,23/10/2017,Vente,"216000,00",29.0,BD,6790,PAUL DOUMER,51100.0,REIMS,51,454,IK,1362,2,2.0,Appartement,85.0,4.0
1760569,20/10/2017,Vente,"308000,00",8.0,RUE,2290,COQUEBERT,51100.0,REIMS,51,454,BH,38,1,2.0,Appartement,112.0,5.0
1760571,20/10/2017,Vente,"113000,00",25.0,RUE,2480,DES COUTURES,51100.0,REIMS,51,454,CI,10,2,2.0,Appartement,72.0,3.0
1760587,07/11/2017,Vente en l'état futur d'achèvement,"236850,00",36.0,RUE,7580,ROGER SALENGRO,51100.0,REIMS,51,454,AX,43,1,2.0,Appartement,72.0,3.0
1760598,27/10/2017,Vente,"46000,00",3.0,RUE,6835,PAUL VERLAINE,51100.0,REIMS,51,454,AD,521,2,2.0,Appartement,30.0,1.0
1760600,08/11/2017,Vente,"205000,00",39.0,RUE,4560,HINCMAR,51100.0,REIMS,51,454,IK,1267,1,2.0,Appartement,74.0,3.0
1760601,26/10/2017,Vente,"110000,00",66.0,RUE,1740,CHANZY,51100.0,REIMS,51,454,IK,102,1,2.0,Appartement,40.0,2.0
1760605,16/10/2017,Vente,"249300,00",8.0,RUE,3100,DE L ECAILLE,51100.0,REIMS,51,454,DM,629,2,2.0,Appartement,121.0,6.0
1760609,27/10/2017,Vente,"205000,00",47.0,RUE,1620,CHABAUD,51100.0,REIMS,51,454,IK,714,1,2.0,Appartement,84.0,4.0
1760612,27/10/2017,Vente,"117500,00",3.0,RUE,4545,HENRI ROYER,51100.0,REIMS,51,454,HV,978,2,2.0,Appartement,79.0,4.0
1760615,27/10/2017,Vente,"116000,00",5.0,RUE,8320,DE SILLERY,51100.0,REIMS,51,454,CK,316,1,2.0,Appartement,66.0,3.0
1760617,27/10/2017,Vente,"110000,00",76.0,RUE,5615,LOUIS PASTEUR NEUV,51100.0,REIMS,51,454,KI,231,1,2.0,Appartement,61.0,3.0
1760622,06/10/2017,Vente,"174000,00",58.0,AV,3320,D EPERNAY,51100.0,REIMS,51,454,HW,50,2,2.0,Appartement,80.0,3.0
1760650,27/10/2017,Vente en l'état futur d'achèvement,"158760,00",65.0,RUE,6230,DU MONT D ARENE,51100.0,REIMS,51,454,AT,9,1,2.0,Appartement,42.0,2.0
1760651,30/10/2017,Vente,"120000,00",9.0,RUE,6360,DES MURS,51100.0,REIMS,51,454,CX,271,1,2.0,Appartement,39.0,2.0
1760656,31/10/2017,Vente,"180000,00",96.0,AV,3320,D EPERNAY,51100.0,REIMS,51,454,HW,387,2,2.0,Appartement,105.0,5.0
1760663,30/10/2017,Vente,"50500,00",59.0,RUE,6230,DU MONT D ARENE,51100.0,REIMS,51,454,AT,16,1,2.0,Appartement,20.0,1.0
1760664,31/10/2017,Vente,"89900,00",51.0,RUE,8430,DE STRASBOURG,51100.0,REIMS,51,454,CV,559,1,2.0,Appartement,40.0,2.0
1760666,02/11/2017,Vente,"73000,00",20.0,RUE,2570,CROUTELLE,51100.0,REIMS,51,454,AV,125,1,2.0,Appartement,43.0,1.0
1760669,06/11/2017,Vente,"112000,00",122.0,RUE,3850,GAMBETTA,51100.0,REIMS,51,454,DM,632,2,2.0,Appartement,46.0,2.0
1760676,07/11/2017,Vente en l'état futur d'achèvement,"136315,00",49.0,BD,2650,DAUPHINOT,51100.0,REIMS,51,454,CT,610,1,2.0,Appartement,41.0,2.0
1760677,17/10/2017,Vente,"196000,00",3.0,RUE,8290,16E ET 22E DRAGONS,51100.0,REIMS,51,454,CK,17,2,2.0,Appartement,104.0,5.0
1760695,09/11/2017,Vente,"121000,00",66.0,BD,7550,ROBESPIERRE,51100.0,REIMS,51,454,AY,255,2,2.0,Appartement,60.0,4.0
1760698,14/11/2017,Vente,"130000,00",8.0,RUE,1620,CHABAUD,51100.0,REIMS,51,454,IK,798,2,2.0,Appartement,40.0,2.0
1760700,18/10/2017,Vente,"320000,00",5.0,RUE,5770,MACQUART,51100.0,REIMS,51,454,BH,68,2,2.0,Appartement,115.0,7.0
1760709,08/11/2017,Vente en l'état futur d'achèvement,"176000,00",49.0,BD,2650,DAUPHINOT,51100.0,REIMS,51,454,CT,610,1,2.0,Appartement,62.0,3.0
1760711,31/10/2017,Vente,"368000,00",2.0,RUE,1710,DE CHAMPIGNY,51100.0,REIMS,51,454,AR,289,0,2.0,Appartement,30.0,2.0
1760712,31/10/2017,Vente,"368000,00",2.0,RUE,1710,DE CHAMPIGNY,51100.0,REIMS,51,454,AR,289,0,2.0,Appartement,16.0,1.0
1760713,31/10/2017,Vente,"368000,00",2.0,RUE,1710,DE CHAMPIGNY,51100.0,REIMS,51,454,AR,289,0,2.0,Appartement,40.0,3.0
1760714,31/10/2017,Vente,"368000,00",2.0,RUE,1710,DE CHAMPIGNY,51100.0,REIMS,51,454,AR,289,0,2.0,Appartement,30.0,2.0
1760715,31/10/2017,Vente,"368000,00",2.0,RUE,1710,DE CHAMPIGNY,51100.0,REIMS,51,454,AR,289,0,2.0,Appartement,16.0,1.0
1760716,10/11/2017,Vente,"354000,00",60.0,RUE,0740,BELIN,51100.0,REIMS,51,454,AX,295,0,2.0,Appartement,9.0,1.0
1760717,10/11/2017,Vente,"354000,00",60.0,RUE,0740,BELIN,51100.0,REIMS,51,454,AX,295,0,2.0,Appartement,130.0,5.0
1760718,10/11/2017,Vente,"354000,00",60.0,RUE,0740,BELIN,51100.0,REIMS,51,454,AX,295,0,2.0,Appartement,26.0,1.0
1760719,10/11/2017,Vente,"354000,00",60.0,RUE,0740,BELIN,51100.0,REIMS,51,454,AX,295,0,2.0,Appartement,8.0,1.0
1760720,10/11/2017,Vente,"354000,00",60.0,RUE,0740,BELIN,51100.0,REIMS,51,454,AX,295,0,2.0,Appartement,24.0,1.0
1760721,06/11/2017,Vente en l'état futur d'achèvement,"173500,00",51.0,RUE,0600,DU BARBATRE,51100.0,REIMS,51,454,CY,749,1,2.0,Appartement,45.0,2.0
1760728,08/11/2017,Vente,"170000,00",13.0,BD,6790,PAUL DOUMER,51100.0,REIMS,51,454,HZ,22,1,2.0,Appartement,125.0,4.0
1760734,26/10/2017,Vente,"110800,00",89.0,RUE,2560,CROIX ST MARC,51100.0,REIMS,51,454,CV,1189,1,2.0,Appartement,72.0,4.0
1760740,27/10/2017,Vente,"90000,00",3.0,PL,5894,MAL DE LATTRE DE TASSIGNY,51100.0,REIMS,51,454,CO,415,2,2.0,Appartement,54.0,3.0
1760744,19/10/2017,Vente,"131430,00",17.0,ALL,1725,CH NICOLAS ROLAND,51100.0,REIMS,51,454,DM,239,2,2.0,Appartement,69.0,3.0
1760746,30/10/2017,Vente,"226800,00",5.0,RUE,8510,DE TAMBOUR,51100.0,REIMS,51,454,BE,280,2,2.0,Appartement,64.0,3.0
1760764,27/10/2017,Vente,"165000,00",71.0,BD,6790,PAUL DOUMER,51100.0,REIMS,51,454,IK,335,2,2.0,Appartement,79.0,3.0
1760774,14/11/2017,Vente,"168350,00",10.0,RUE,8500,DE TALLEYRAND,51100.0,REIMS,51,454,IL,532,1,2.0,Appartement,58.0,2.0
1760776,15/11/2017,Vente,"800000,00",10.0,RUE,4120,GOIOT,51100.0,REIMS,51,454,CZ,10,0,2.0,Appartement,68.0,4.0
1760778,27/10/2017,Vente,"97000,00",1.0,RUE,8870,DES TUILERIES,51100.0,REIMS,51,454,DM,559,2,2.0,Appartement,69.0,3.0
1760780,30/10/2017,Vente,"72500,00",1.0,RUE,8870,DES TUILERIES,51100.0,REIMS,51,454,DM,559,2,2.0,Appartement,39.0,1.0
1760791,31/10/2017,Vente,"35225,00",59.0,RUE,6230,DU MONT D ARENE,51100.0,REIMS,51,454,AT,16,1,2.0,Appartement,18.0,1.0
1760798,13/11/2017,Vente,"140500,00",27.0,RUE,6330,DES MOULINS,51100.0,REIMS,51,454,DM,663,2,2.0,Appartement,67.0,3.0
1760801,09/11/2017,Vente en l'état futur d'achèvement,"247935,00",36.0,RUE,7580,ROGER SALENGRO,51100.0,REIMS,51,454,AX,43,1,2.0,Appartement,72.0,3.0
1760803,27/10/2017,Vente,"123600,00",1.0,RUE,5250,LAGRIVE,51100.0,REIMS,51,454,CY,123,2,2.0,Appartement,94.0,6.0
1760805,20/10/2017,Vente,"100000,00",24.0,RUE,4480,HENRI JADART,51100.0,REIMS,51,454,IK,1382,1,2.0,Appartement,36.0,2.0
1760809,02/11/2017,Vente,"70000,00",39.0,RUE,4770,DU JARD,51100.0,REIMS,51,454,IK,1367,1,2.0,Appartement,29.0,1.0
1760812,03/11/2017,Vente,"91400,00",22.0,BD,5570,LOUIS BARTHOU,51100.0,REIMS,51,454,DT,671,1,2.0,Appartement,65.0,4.0
1760814,03/11/2017,Vente,"91400,00",20.0,BD,5570,LOUIS BARTHOU,51100.0,REIMS,51,454,DT,671,1,2.0,Appartement,65.0,4.0
1760836,03/11/2017,Vente,"87000,00",42.0,RUE,3210,DES ELUS,51100.0,REIMS,51,454,IL,248,1,2.0,Appartement,56.0,0.0
1760837,30/10/2017,Vente,"50000,00",97.0,RUE,8430,DE STRASBOURG,51100.0,REIMS,51,454,CV,647,2,2.0,Appartement,24.0,1.0
1760856,27/10/2017,Vente,"157000,00",1.0,RUE,8870,DES TUILERIES,51100.0,REIMS,51,454,DM,559,2,2.0,Appartement,108.0,5.0
1760857,15/11/2017,Vente,"65000,00",133.0,RUE,2440,DE COURLANCY,51100.0,REIMS,51,454,HY,161,2,2.0,Appartement,30.0,1.0
1760858,24/10/2017,Vente,"147000,00",32.0,BD,4760,JAMIN,51100.0,REIMS,51,454,BI,854,2,2.0,Appartement,68.0,3.0
1760866,08/11/2017,Vente,"89500,00",129.0,RUE,0600,DU BARBATRE,51100.0,REIMS,51,454,CY,706,1,2.0,Appartement,50.0,2.0
1760878,02/11/2017,Vente,"98000,00",3.0,RUE,8510,DE TAMBOUR,51100.0,REIMS,51,454,BE,278,2,2.0,Appartement,32.0,2.0
1760884,15/11/2017,Vente,"145000,00",5.0,RUE,8720,TOURNEBONNEAU,51100.0,REIMS,51,454,DM,628,1,2.0,Appartement,73.0,4.0
1760886,23/10/2017,Vente en l'état futur d'achèvement,"126000,00",13.0,ALL,5425,LEON MICHAUD,51100.0,REIMS,51,454,CL,6,1,2.0,Appartement,48.0,2.0
1760906,14/11/2017,Vente,"101900,00",6.0,ESP,7433,REMI PELLOT,51100.0,REIMS,51,454,AN,169,1,2.0,Appartement,55.0,2.0
1760907,27/10/2017,Vente,"171750,00",117.0,RUE,0200,D ALSACE LORRAINE,51100.0,REIMS,51,454,CV,96,1,2.0,Appartement,68.0,3.0
1760910,13/11/2017,Vente,"101500,00",22.0,RUE,4810,DES JARDINS,51100.0,REIMS,51,454,AS,356,2,2.0,Appartement,50.0,2.0
1760911,21/11/2017,Vente,"71000,00",56.0,RUE,4740,JACQUART,51100.0,REIMS,51,454,BI,569,2,2.0,Appartement,30.0,2.0
1760912,08/11/2017,Vente en l'état futur d'achèvement,"179500,00",,RUE,5891,MARCEL THIL,51100.0,REIMS,51,454,AV,1082,1,2.0,Appartement,51.0,2.0
1760917,16/11/2017,Vente,"90250,00",2.0,RUE,5750,DE MACON,51100.0,REIMS,51,454,CX,163,2,2.0,Appartement,30.0,1.0
1760924,17/11/2017,Vente,"117000,00",139.0,RUE,7010,PIERRE BROSSOLETTE,51100.0,REIMS,51,454,AO,426,2,2.0,Appartement,70.0,4.0
1760925,07/11/2017,Vente,"70000,00",8.0,RUE,8200,STE GENEVIEVE,51100.0,REIMS,51,454,HX,92,1,2.0,Appartement,31.0,2.0
1760928,13/11/2017,Vente,"97000,00",50.0,RUE,5270,LANDOUZY,51100.0,REIMS,51,454,AW,149,1,2.0,Appartement,63.0,3.0
1760932,15/11/2017,Vente,"430000,00",13.0,RUE,3650,FOLLE PEINE,51100.0,REIMS,51,454,CY,454,1,2.0,Appartement,106.0,4.0
1760934,07/11/2017,Vente,"78000,00",35.0,RUE,7150,DE LA POMPELLE,51100.0,REIMS,51,454,CL,727,1,2.0,Appartement,46.0,2.0
1760938,09/11/2017,Vente,"52000,00",6.0,RUE,6760,PAUL ADAM,51100.0,REIMS,51,454,IK,228,2,2.0,Appartement,23.0,1.0
1760939,14/11/2017,Vente,"113500,00",71.0,BD,6790,PAUL DOUMER,51100.0,REIMS,51,454,IK,335,2,2.0,Appartement,58.0,2.0
1760951,17/11/2017,Vente en l'état futur d'achèvement,"233000,00",29.0,RUE,0150,D ALGER,51100.0,REIMS,51,454,CR,61,1,2.0,Appartement,105.0,4.0
1760956,14/11/2017,Vente,"122000,00",4.0,RUE,1740,CHANZY,51100.0,REIMS,51,454,IK,2,2,2.0,Appartement,60.0,3.0
1760959,13/11/2017,Vente,"128200,00",45.0,RUE,8320,DE SILLERY,51100.0,REIMS,51,454,CL,662,1,2.0,Appartement,56.0,2.0
1760962,20/11/2017,Vente,"59980,00",25.0,RUE,6830,P VAILLANT COUTURIER,51100.0,REIMS,51,454,AV,228,1,2.0,Appartement,28.0,1.0
1760963,25/10/2017,Vente,"148000,00",24.0,CRS,4850,J B LANGLET,51100.0,REIMS,51,454,IL,71,2,2.0,Appartement,50.0,2.0
1760970,15/11/2017,Vente,"98000,00",38.0,RUE,2570,CROUTELLE,51100.0,REIMS,51,454,AV,111,1,2.0,Appartement,24.0,1.0
1760971,15/11/2017,Vente,"98000,00",38.0,RUE,2570,CROUTELLE,51100.0,REIMS,51,454,AV,111,1,2.0,Appartement,29.0,1.0
1760988,15/11/2017,Vente,"141450,00",5.0,RUE,1730,CHANTERAINE,51100.0,REIMS,51,454,DM,634,2,2.0,Appartement,103.0,6.0
1760991,26/10/2017,Vente,"193800,00",3.0,RUE,8290,16E ET 22E DRAGONS,51100.0,REIMS,51,454,CK,17,2,2.0,Appartement,105.0,5.0
1760992,18/10/2017,Vente,"90000,00",8.0,IMP,1440,DES CARMELITES,51100.0,REIMS,51,454,IK,1425,1,2.0,Appartement,33.0,2.0
1760997,02/11/2017,Vente en l'état futur d'achèvement,"228000,00",14.0,BD,6690,DE LA PAIX,51100.0,REIMS,51,454,CX,534,1,2.0,Appartement,43.0,2.0
1760998,17/11/2017,Vente,"106000,00",15.0,RUE,8720,TOURNEBONNEAU,51100.0,REIMS,51,454,DM,630,2,2.0,Appartement,85.0,4.0
1761002,30/10/2017,Vente,"90000,00",18.0,RUE,8480,DE TAISSY,51100.0,REIMS,51,454,DK,234,2,2.0,Appartement,69.0,4.0
1761003,02/11/2017,Vente,"37000,00",38.0,RUE,1980,DE CLAIRMARAIS,51100.0,REIMS,51,454,AT,187,1,2.0,Appartement,20.0,1.0
1761013,15/11/2017,Vente,"75000,00",25.0,RUE,2480,DES COUTURES,51100.0,REIMS,51,454,CI,10,2,2.0,Appartement,52.0,2.0
1761019,06/11/2017,Vente,"635000,00",41.0,RUE,2430,DE COURCELLES,51100.0,REIMS,51,454,AT,312,0,2.0,Appartement,12.0,1.0
1761020,06/11/2017,Vente,"635000,00",41.0,RUE,2430,DE COURCELLES,51100.0,REIMS,51,454,AT,312,0,2.0,Appartement,12.0,1.0
1761021,06/11/2017,Vente,"635000,00",41.0,RUE,2430,DE COURCELLES,51100.0,REIMS,51,454,AT,312,0,2.0,Appartement,12.0,1.0
1761022,06/11/2017,Vente,"635000,00",41.0,RUE,2430,DE COURCELLES,51100.0,REIMS,51,454,AT,312,0,2.0,Appartement,12.0,1.0
1761023,06/11/2017,Vente,"635000,00",41.0,RUE,2430,DE COURCELLES,51100.0,REIMS,51,454,AT,312,0,2.0,Appartement,39.0,3.0
1761024,06/11/2017,Vente,"635000,00",41.0,RUE,2430,DE COURCELLES,51100.0,REIMS,51,454,AT,312,0,2.0,Appartement,12.0,1.0
1761026,06/11/2017,Vente,"635000,00",41.0,RUE,2430,DE COURCELLES,51100.0,REIMS,51,454,AT,312,0,2.0,Appartement,12.0,1.0
1761028,06/11/2017,Vente,"635000,00",41.0,RUE,2430,DE COURCELLES,51100.0,REIMS,51,454,AT,312,0,2.0,Appartement,32.0,2.0
1761029,06/11/2017,Vente,"635000,00",41.0,RUE,2430,DE COURCELLES,51100.0,REIMS,51,454,AT,312,0,2.0,Appartement,12.0,1.0
1761030,06/11/2017,Vente,"635000,00",41.0,RUE,2430,DE COURCELLES,51100.0,REIMS,51,454,AT,312,0,2.0,Appartement,12.0,1.0
1761031,06/11/2017,Vente,"635000,00",41.0,RUE,2430,DE COURCELLES,51100.0,REIMS,51,454,AT,312,0,2.0,Appartement,12.0,1.0
1761032,06/11/2017,Vente,"635000,00",41.0,RUE,2430,DE COURCELLES,51100.0,REIMS,51,454,AT,312,0,2.0,Appartement,42.0,2.0
1761033,06/11/2017,Vente,"635000,00",41.0,RUE,2430,DE COURCELLES,51100.0,REIMS,51,454,AT,312,0,2.0,Appartement,12.0,1.0
1761034,06/11/2017,Vente,"635000,00",41.0,RUE,2430,DE COURCELLES,51100.0,REIMS,51,454,AT,312,0,2.0,Appartement,12.0,1.0
1761035,06/11/2017,Vente,"635000,00",41.0,RUE,2430,DE COURCELLES,51100.0,REIMS,51,454,AT,312,0,2.0,Appartement,12.0,1.0
1761036,06/11/2017,Vente,"635000,00",41.0,RUE,2430,DE COURCELLES,51100.0,REIMS,51,454,AT,312,0,2.0,Appartement,12.0,1.0
1761037,06/11/2017,Vente,"635000,00",41.0,RUE,2430,DE COURCELLES,51100.0,REIMS,51,454,AT,312,0,2.0,Appartement,12.0,1.0
1761038,06/11/2017,Vente,"635000,00",41.0,RUE,2430,DE COURCELLES,51100.0,REIMS,51,454,AT,312,0,2.0,Appartement,42.0,2.0
1761039,06/11/2017,Vente,"635000,00",41.0,RUE,2430,DE COURCELLES,51100.0,REIMS,51,454,AT,312,0,2.0,Appartement,12.0,1.0
1761040,06/11/2017,Vente,"635000,00",41.0,RUE,2430,DE COURCELLES,51100.0,REIMS,51,454,AT,312,0,2.0,Appartement,51.0,3.0
1761041,20/11/2017,Vente,"115000,00",5.0,RUE,8720,TOURNEBONNEAU,51100.0,REIMS,51,454,DM,628,1,2.0,Appartement,64.0,3.0
1761044,17/11/2017,Vente,"150000,00",26.0,RUE,4890,JEAN JACQUES ROUSSEAU,51100.0,REIMS,51,454,BE,183,2,2.0,Appartement,66.0,3.0
1761046,07/11/2017,Vente,"173000,00",120.0,RUE,2440,DE COURLANCY,51100.0,REIMS,51,454,DO,788,1,2.0,Appartement,102.0,5.0
1761053,17/11/2017,Vente,"125000,00",62.0,RUE,0690,DU BEL AIR,51100.0,REIMS,51,454,BK,46,2,2.0,Appartement,82.0,3.0
1761056,20/11/2017,Vente,"106000,00",3.0,RUE,4906,JEAN LE LOUP,51100.0,REIMS,51,454,IK,1348,1,2.0,Appartement,53.0,2.0
1761058,03/11/2017,Vente,"80000,00",15.0,RUE,4035,GERARD PHILIPE,51100.0,REIMS,51,454,CI,43,1,2.0,Appartement,28.0,2.0
1761064,02/11/2017,Vente,"103500,00",118.0,RUE,1390,DES CAPUCINS,51100.0,REIMS,51,454,CY,376,2,2.0,Appartement,33.0,2.0
1761066,06/11/2017,Vente,"185000,00",1.0,RUE,8200,STE GENEVIEVE,51100.0,REIMS,51,454,HX,143,1,2.0,Appartement,111.0,5.0
1761100,08/11/2017,Vente,"168900,00",78.0,RUE,8950,DE VENISE,51100.0,REIMS,51,454,IK,329,2,2.0,Appartement,68.0,3.0
1761105,13/11/2017,Vente,"85000,00",12.0,ESP,6772,PAUL CEZANNE,51100.0,REIMS,51,454,KR,4,2,2.0,Appartement,73.0,4.0
1761111,13/11/2017,Vente en l'état futur d'achèvement,"168636,00",,RUE,4220,GRANDVAL,51100.0,REIMS,51,454,CL,989,1,2.0,Appartement,43.0,2.0
1761114,08/11/2017,Vente,"55000,00",161.0,RUE,1590,DE CERNAY,51100.0,REIMS,51,454,CV,1215,1,2.0,Appartement,36.0,2.0
1761115,08/11/2017,Vente,"55000,00",161.0,RUE,1590,DE CERNAY,51100.0,REIMS,51,454,CV,1215,1,2.0,Appartement,42.0,2.0
1761121,09/11/2017,Vente,"100000,00",73.0,RUE,5490,LIBERGIER,51100.0,REIMS,51,454,IK,1399,1,2.0,Appartement,39.0,2.0
1761129,03/11/2017,Vente,"250000,00",16.0,RUE,1870,DE CHATIVESLE,51100.0,REIMS,51,454,IM,13,2,2.0,Appartement,80.0,3.0
1761131,07/11/2017,Vente,"690650,00",11.0,RUE,3390,DE L ETAPE,51100.0,REIMS,51,454,IL,226,0,2.0,Appartement,23.0,1.0
1761133,07/11/2017,Vente,"690650,00",11.0,RUE,3390,DE L ETAPE,51100.0,REIMS,51,454,IL,226,0,2.0,Appartement,17.0,1.0
1761134,07/11/2017,Vente,"690650,00",11.0,RUE,3390,DE L ETAPE,51100.0,REIMS,51,454,IL,226,0,2.0,Appartement,23.0,1.0
1761135,07/11/2017,Vente,"690650,00",11.0,RUE,3390,DE L ETAPE,51100.0,REIMS,51,454,IL,226,0,2.0,Appartement,23.0,1.0
1761136,07/11/2017,Vente,"690650,00",11.0,RUE,3390,DE L ETAPE,51100.0,REIMS,51,454,IL,226,0,2.0,Appartement,17.0,1.0
1761137,07/11/2017,Vente,"690650,00",11.0,RUE,3390,DE L ETAPE,51100.0,REIMS,51,454,IL,226,0,2.0,Appartement,30.0,1.0
1761138,07/11/2017,Vente,"690650,00",11.0,RUE,3390,DE L ETAPE,51100.0,REIMS,51,454,IL,226,0,2.0,Appartement,17.0,1.0
1761139,07/11/2017,Vente,"55000,00",66.0,AV,5300,DE LAON,51100.0,REIMS,51,454,AW,433,1,2.0,Appartement,24.0,1.0
1761144,21/11/2017,Vente,"78000,00",84.0,BD,7140,POMMERY,51100.0,REIMS,51,454,CL,378,1,2.0,Appartement,67.0,3.0
1761146,21/11/2017,Vente,"311770,00",17.0,RUE,0410,DE L ARQUEBUSE,51100.0,REIMS,51,454,IM,304,1,2.0,Appartement,110.0,4.0
1761157,06/11/2017,Vente,"540000,00",106.0,RUE,1830,CHARLIER,51100.0,REIMS,51,454,BI,61,0,2.0,Appartement,50.0,3.0
1761158,06/11/2017,Vente,"540000,00",106.0,RUE,1830,CHARLIER,51100.0,REIMS,51,454,BI,61,0,2.0,Appartement,40.0,2.0
1761159,06/11/2017,Vente,"540000,00",106.0,RUE,1830,CHARLIER,51100.0,REIMS,51,454,BI,61,0,2.0,Appartement,50.0,3.0
1761160,06/11/2017,Vente,"540000,00",106.0,RUE,1830,CHARLIER,51100.0,REIMS,51,454,BI,61,0,2.0,Appartement,39.0,2.0
1761161,06/11/2017,Vente,"540000,00",106.0,RUE,1830,CHARLIER,51100.0,REIMS,51,454,BI,61,0,2.0,Appartement,41.0,2.0
1761162,06/11/2017,Vente,"540000,00",106.0,RUE,1830,CHARLIER,51100.0,REIMS,51,454,BI,61,0,2.0,Appartement,50.0,3.0
1761163,06/11/2017,Vente,"540000,00",106.0,RUE,1830,CHARLIER,51100.0,REIMS,51,454,BI,61,0,2.0,Appartement,38.0,3.0
1761166,21/11/2017,Vente,"42500,00",21.0,AV,4455,HENRI FARMAN,51100.0,REIMS,51,454,DH,90,1,2.0,Appartement,17.0,1.0
1761168,21/11/2017,Vente,"87480,00",23.0,BD,6690,DE LA PAIX,51100.0,REIMS,51,454,CK,128,2,2.0,Appartement,26.0,1.0
1761173,24/11/2017,Vente,"75000,00",64.0,RUE,3850,GAMBETTA,51100.0,REIMS,51,454,CY,308,1,2.0,Appartement,125.0,5.0
1761176,29/09/2017,Vente,"95000,00",37.0,RUE,4160,DE LA GOULETTE,51100.0,REIMS,51,454,BL,624,1,2.0,Appartement,74.0,3.0
1761181,29/09/2017,Vente,"610000,00",125.0,RUE,9040,DE VESLE,51100.0,REIMS,51,454,IK,1346,1,2.0,Appartement,59.0,2.0
1761207,15/11/2017,Vente,"197000,00",4.0,RUE,2790,DEVILLE,51100.0,REIMS,51,454,AV,1007,0,2.0,Appartement,17.0,1.0
1761208,15/11/2017,Vente,"197000,00",4.0,RUE,2790,DEVILLE,51100.0,REIMS,51,454,AV,1007,0,2.0,Appartement,29.0,1.0
1761209,15/11/2017,Vente,"197000,00",4.0,RUE,2790,DEVILLE,51100.0,REIMS,51,454,AV,1007,0,2.0,Appartement,29.0,1.0
1761210,31/10/2017,Vente,"90000,00",15.0,RUE,7015,PIERRE DE COUBERTIN,51100.0,REIMS,51,454,AE,110,2,2.0,Appartement,81.0,4.0
1761233,13/11/2017,Vente,"158350,00",10.0,RUE,6270,MONTOISON,51100.0,REIMS,51,454,CX,160,1,2.0,Appartement,63.0,3.0
1761234,13/11/2017,Vente,"160000,00",10.0,RUE,6270,MONTOISON,51100.0,REIMS,51,454,CX,160,1,2.0,Appartement,71.0,3.0
1761246,15/11/2017,Vente,"50000,00",57.0,BD,1510,CARTERET,51100.0,REIMS,51,454,CW,327,1,2.0,Appartement,18.0,1.0
1761249,28/11/2017,Vente,"117000,00",166.0,RUE,7160,PONSARDIN,51100.0,REIMS,51,454,CZ,605,2,2.0,Appartement,42.0,2.0
1761253,24/11/2017,Vente,"95300,00",10.0,RUE,4360,HANNEQUIN,51100.0,REIMS,51,454,AX,225,2,2.0,Appartement,45.0,2.0
1761261,20/11/2017,Vente,"58500,00",14.0,BD,2830,DIEU LUMIERE,51100.0,REIMS,51,454,DK,269,2,2.0,Appartement,38.0,1.0
1761265,29/11/2017,Vente,"69600,00",28.0,RUE,0010,ABBE DE L EPEE,51100.0,REIMS,51,454,IK,316,1,2.0,Appartement,28.0,2.0
1761267,22/11/2017,Vente,"89500,00",25.0,RUE,3770,FRANCOIS DOR,51100.0,REIMS,51,454,HX,390,2,2.0,Appartement,42.0,2.0
1761268,15/11/2017,Vente,"163000,00",96.0,RUE,3280,EMILE ZOLA,51100.0,REIMS,51,454,AX,320,2,2.0,Appartement,112.0,5.0
1761275,07/11/2017,Vente,"119000,00",40.0,RUE,1830,CHARLIER,51100.0,REIMS,51,454,BI,180,2,2.0,Appartement,35.0,2.0
1761280,20/11/2017,Vente en l'état futur d'achèvement,"331200,00",30.0,RUE,2430,DE COURCELLES,51100.0,REIMS,51,454,AT,492,1,2.0,Appartement,101.0,4.0
1761282,24/11/2017,Vente,"144000,00",13.0,BD,6790,PAUL DOUMER,51100.0,REIMS,51,454,HZ,22,1,2.0,Appartement,64.0,2.0
1761283,27/11/2017,Vente,"161690,00",13.0,BD,6790,PAUL DOUMER,51100.0,REIMS,51,454,HZ,22,1,2.0,Appartement,26.0,1.0
1761284,27/11/2017,Vente,"161690,00",13.0,BD,6790,PAUL DOUMER,51100.0,REIMS,51,454,HZ,22,1,2.0,Appartement,20.0,1.0
1761285,27/11/2017,Vente,"161690,00",13.0,BD,6790,PAUL DOUMER,51100.0,REIMS,51,454,HZ,22,1,2.0,Appartement,16.0,1.0
1761286,13/11/2017,Vente,"210000,00",14.0,RUE,3150,DE L ECU,51100.0,REIMS,51,454,CW,589,2,2.0,Appartement,113.0,4.0
1761296,21/11/2017,Vente en l'état futur d'achèvement,"212000,00",412.0,AV,5300,DE LAON,51100.0,REIMS,51,454,AE,142,1,2.0,Appartement,79.0,4.0
1761298,13/11/2017,Vente en l'état futur d'achèvement,"174500,00",49.0,BD,2650,DAUPHINOT,51100.0,REIMS,51,454,CT,610,1,2.0,Appartement,62.0,3.0
1761304,30/11/2017,Vente,"148000,00",197.0,RUE,1390,DES CAPUCINS,51100.0,REIMS,51,454,CY,366,1,2.0,Appartement,19.0,1.0
1761336,10/11/2017,Vente,"51000,00",8.0,RUE,4870,JEAN DE FOIGNY,51100.0,REIMS,51,454,DO,591,1,2.0,Appartement,41.0,2.0
1761337,10/11/2017,Vente,"51000,00",10.0,RUE,4870,JEAN DE FOIGNY,51100.0,REIMS,51,454,DO,591,1,2.0,Appartement,41.0,2.0
1761339,14/11/2017,Vente,"90000,00",3.0,AV,4010,GEORGES CLEMENCEAU,51100.0,REIMS,51,454,CK,29,2,2.0,Appartement,60.0,3.0
1761342,14/11/2017,Vente en l'état futur d'achèvement,"319500,00",,RUE,4220,GRANDVAL,51100.0,REIMS,51,454,CL,989,2,2.0,Appartement,91.0,3.0
1761351,27/11/2017,Vente,"70000,00",1.0,RUE,7150,DE LA POMPELLE,51100.0,REIMS,51,454,CK,23,1,2.0,Appartement,40.0,2.0
1761352,25/11/2017,Vente,"120000,00",138.0,AV,5300,DE LAON,51100.0,REIMS,51,454,AX,419,5,2.0,Appartement,53.0,2.0
1761358,15/11/2017,Vente,"115000,00",12.0,BD,4550,HENRY VASNIER,51100.0,REIMS,51,454,CZ,11,1,2.0,Appartement,74.0,3.0
1761359,07/11/2017,Vente,"125000,00",75.0,RUE,0600,DU BARBATRE,51100.0,REIMS,51,454,CY,620,1,2.0,Appartement,49.0,2.0
1761361,13/11/2017,Vente,"42000,00",59.0,RUE,6230,DU MONT D ARENE,51100.0,REIMS,51,454,AT,16,1,2.0,Appartement,20.0,1.0
1761364,15/11/2017,Vente,"141300,00",6.0,PL,6390,MYRON HERRICK,51100.0,REIMS,51,454,IL,120,2,2.0,Appartement,58.0,2.0
1761376,20/11/2017,Vente,"105000,00",67.0,BD,7140,POMMERY,51100.0,REIMS,51,454,CM,192,1,2.0,Appartement,46.0,2.0
1761384,23/11/2017,Vente,"10000,00",8.0,RUE,3970,DU GENERAL SARRAIL,51100.0,REIMS,51,454,IL,15,1,2.0,Appartement,37.0,2.0
1761385,20/11/2017,Vente,"78000,00",64.0,RUE,5840,MALDAN,51100.0,REIMS,51,454,AR,165,2,2.0,Appartement,40.0,2.0
1761394,21/11/2017,Vente,"62000,00",6.0,ALL,7615,RONSARD,51100.0,REIMS,51,454,DK,184,2,2.0,Appartement,50.0,2.0
1761397,17/11/2017,Vente,"205000,00",11.0,BD,6690,DE LA PAIX,51100.0,REIMS,51,454,CW,12,2,2.0,Appartement,48.0,2.0
1761410,20/11/2017,Vente,"65500,00",43.0,RUE,8320,DE SILLERY,51100.0,REIMS,51,454,CL,662,2,2.0,Appartement,29.0,1.0
1761413,17/11/2017,Vente,"157400,00",1.0,RUE,4906,JEAN LE LOUP,51100.0,REIMS,51,454,IK,1348,1,2.0,Appartement,88.0,4.0
1761416,15/11/2017,Vente,"179000,00",46.0,RUE,7026,PIERRE DE MARIVAUX,51100.0,REIMS,51,454,EX,502,1,2.0,Appartement,119.0,5.0
1761424,16/11/2017,Vente,"103550,00",127.0,BD,1800,CHARLES ARNOULD,51100.0,REIMS,51,454,AO,851,2,2.0,Appartement,54.0,3.0
1761425,14/11/2017,Vente,"540000,00",8.0,RUE,5940,MARLOT,51100.0,REIMS,51,454,IK,488,0,2.0,Appartement,41.0,2.0
1761426,14/11/2017,Vente,"540000,00",8.0,RUE,5940,MARLOT,51100.0,REIMS,51,454,IK,488,0,2.0,Appartement,94.0,4.0
1761427,21/11/2017,Vente,"69000,00",52.0,BD,7290,PRESIDENT WILSON,51100.0,REIMS,51,454,DP,516,1,2.0,Appartement,64.0,2.0
1761430,24/11/2017,Vente,"87800,00",15.0,RUE,0175,ALPHONSE DAUDET,51100.0,REIMS,51,454,HV,978,1,2.0,Appartement,62.0,3.0
1761431,20/11/2017,Vente en l'état futur d'achèvement,"189500,00",,RUE,4440,HENRI BARBUSSE,51100.0,REIMS,51,454,CL,1005,1,2.0,Appartement,81.0,3.0
1761434,04/12/2017,Vente,"43200,00",21.0,AV,4455,HENRI FARMAN,51100.0,REIMS,51,454,DH,90,1,2.0,Appartement,17.0,1.0
1761436,04/12/2017,Vente,"35000,00",14.0,RUE,3210,DES ELUS,51100.0,REIMS,51,454,IL,85,1,2.0,Appartement,14.0,1.0
1761441,27/11/2017,Vente,"366600,00",8.0,RUE,5880,DU MARC,51100.0,REIMS,51,454,BE,525,1,2.0,Appartement,120.0,5.0
1761444,15/11/2017,Vente en l'état futur d'achèvement,"165000,00",65.0,RUE,6230,DU MONT D ARENE,51100.0,REIMS,51,454,AT,9,1,2.0,Appartement,41.0,2.0
1761447,09/11/2017,Vente,"10000,00",8.0,RUE,3970,DU GENERAL SARRAIL,51100.0,REIMS,51,454,IL,15,2,2.0,Appartement,82.0,4.0
1761448,15/11/2017,Vente,"171740,00",21.0,AV,4010,GEORGES CLEMENCEAU,51100.0,REIMS,51,454,CL,10,1,2.0,Appartement,63.0,3.0
1761452,23/11/2017,Vente,"135000,00",16.0,RUE,5460,LESAGE,51100.0,REIMS,51,454,AW,242,1,2.0,Appartement,27.0,2.0
1761457,17/11/2017,Vente,"163376,00",474.0,AV,5300,DE LAON,51100.0,REIMS,51,454,AE,312,1,2.0,Appartement,62.0,3.0
1761466,06/12/2017,Vente,"196720,00",49.0,RUE,1620,CHABAUD,51100.0,REIMS,51,454,IK,714,1,2.0,Appartement,70.0,3.0
1761468,09/11/2017,Vente,"180000,00",1.0,RUE,7240,DE POUILLY,51100.0,REIMS,51,454,IL,67,1,2.0,Appartement,47.0,2.0
1761470,28/11/2017,Vente,"204000,00",14.0,RUE,3150,DE L ECU,51100.0,REIMS,51,454,CW,589,2,2.0,Appartement,116.0,4.0
1761474,28/11/2017,Vente,"138400,00",9001.0,RUE,3270,EMILE SENART,51100.0,REIMS,51,454,AY,412,2,2.0,Appartement,83.0,4.0
1761481,23/11/2017,Vente,"143000,00",76.0,RUE,3280,EMILE ZOLA,51100.0,REIMS,51,454,AW,25,2,2.0,Appartement,68.0,3.0
1761488,24/11/2017,Vente,"330000,00",45.0,RUE,1830,CHARLIER,51100.0,REIMS,51,454,BI,268,1,2.0,Appartement,104.0,3.0
1761503,27/11/2017,Vente en l'état futur d'achèvement,"176000,00",49.0,BD,2650,DAUPHINOT,51100.0,REIMS,51,454,CT,610,1,2.0,Appartement,60.0,3.0
1761506,23/11/2017,Vente en l'état futur d'achèvement,"138000,00",49.0,BD,2650,DAUPHINOT,51100.0,REIMS,51,454,CT,610,1,2.0,Appartement,45.0,2.0
1761508,23/11/2017,Vente en l'état futur d'achèvement,"185504,16",412.0,AV,5300,DE LAON,51100.0,REIMS,51,454,AE,142,1,2.0,Appartement,80.0,4.0
1761512,20/11/2017,Vente en l'état futur d'achèvement,"139000,00",13.0,ALL,5425,LEON MICHAUD,51100.0,REIMS,51,454,CL,6,1,2.0,Appartement,48.0,2.0
1761513,27/11/2017,Vente,"121000,00",34.0,RUE,4300,DE GUIGNICOURT,51100.0,REIMS,51,454,AM,715,1,2.0,Appartement,82.0,3.0
1761515,27/11/2017,Vente,"55000,00",28.0,RUE,5270,LANDOUZY,51100.0,REIMS,51,454,AW,210,1,2.0,Appartement,25.0,1.0
1761519,22/11/2017,Vente en l'état futur d'achèvement,"225000,00",,RUE,4440,HENRI BARBUSSE,51100.0,REIMS,51,454,CL,1005,1,2.0,Appartement,98.0,4.0
1761524,16/11/2017,Vente,"230000,00",26.0,RUE,7100,DES POISSONNIERS,51100.0,REIMS,51,454,IM,205,2,2.0,Appartement,81.0,3.0
1761531,14/09/2017,Adjudication,"55000,00",20.0,RUE,0610,BARON,51100.0,REIMS,51,454,CV,218,2,2.0,Appartement,48.0,1.0
1761536,01/12/2017,Vente,"265000,00",3.0,RUE,8290,16E ET 22E DRAGONS,51100.0,REIMS,51,454,CK,17,2,2.0,Appartement,130.0,6.0
1761540,22/11/2017,Vente en l'état futur d'achèvement,"168000,00",40.0,RUE,7790,DE ST BRICE,51100.0,REIMS,51,454,AT,247,1,2.0,Appartement,46.0,2.0
1761542,24/11/2017,Vente,"80000,00",41.0,RUE,3990,GEORGES BOUSSINESQ,51100.0,REIMS,51,454,CL,874,2,2.0,Appartement,43.0,2.0
1761544,04/12/2017,Vente,"190000,00",25.0,RUE,1110,BOULARD,51100.0,REIMS,51,454,IK,390,2,2.0,Appartement,87.0,4.0
1761545,06/12/2017,Vente,"84000,00",21.0,AV,4455,HENRI FARMAN,51100.0,REIMS,51,454,DH,90,1,2.0,Appartement,17.0,1.0
1761546,06/12/2017,Vente,"84000,00",21.0,AV,4455,HENRI FARMAN,51100.0,REIMS,51,454,DH,90,1,2.0,Appartement,17.0,1.0
1761548,28/11/2017,Vente,"79500,00",249.0,RUE,2440,DE COURLANCY,51100.0,REIMS,51,454,DN,217,2,2.0,Appartement,55.0,3.0
1761549,06/12/2017,Vente,"45000,00",21.0,AV,4455,HENRI FARMAN,51100.0,REIMS,51,454,DH,90,1,2.0,Appartement,17.0,1.0
1761551,24/11/2017,Vente,"161920,00",25.0,ESP,5446,LE ROUET,51100.0,REIMS,51,454,CT,390,2,2.0,Appartement,118.0,5.0
1761552,06/12/2017,Vente,"143000,00",5.0,RUE,8720,TOURNEBONNEAU,51100.0,REIMS,51,454,DM,628,1,2.0,Appartement,64.0,3.0
1761557,13/11/2017,Vente,"199000,00",91.0,BD,4550,HENRY VASNIER,51100.0,REIMS,51,454,CI,68,1,2.0,Appartement,88.0,3.0
1761560,29/11/2017,Vente,"102500,00",6.0,BD,6955,DES PHENICIENS,51100.0,REIMS,51,454,EV,594,2,2.0,Appartement,68.0,3.0
1761561,28/11/2017,Vente,"50000,00",8.0,RUE,5770,MACQUART,51100.0,REIMS,51,454,BH,90,2,2.0,Appartement,38.0,1.0
1761565,24/11/2017,Vente,"330000,00",102.0,RUE,1740,CHANZY,51100.0,REIMS,51,454,IK,144,0,2.0,Appartement,30.0,2.0
1761571,23/11/2017,Vente en l'état futur d'achèvement,"229769,00",65.0,RUE,6230,DU MONT D ARENE,51100.0,REIMS,51,454,AT,9,1,2.0,Appartement,67.0,3.0
1761578,23/11/2017,Vente,"750000,00",33.0,RUE,6920,PETIT DELBOURG,51100.0,REIMS,51,454,CL,579,0,2.0,Appartement,67.0,4.0
1761581,23/11/2017,Vente,"750000,00",33.0,RUE,6920,PETIT DELBOURG,51100.0,REIMS,51,454,CL,579,0,2.0,Appartement,54.0,3.0
1761582,23/11/2017,Vente,"750000,00",33.0,RUE,6920,PETIT DELBOURG,51100.0,REIMS,51,454,CL,579,0,2.0,Appartement,67.0,4.0
1761583,23/11/2017,Vente,"750000,00",33.0,RUE,6920,PETIT DELBOURG,51100.0,REIMS,51,454,CL,579,0,2.0,Appartement,54.0,3.0
1761586,23/11/2017,Vente,"750000,00",33.0,RUE,6920,PETIT DELBOURG,51100.0,REIMS,51,454,CL,579,0,2.0,Appartement,67.0,4.0
1761587,23/11/2017,Vente,"750000,00",33.0,RUE,6920,PETIT DELBOURG,51100.0,REIMS,51,454,CL,579,0,2.0,Appartement,67.0,4.0
1761588,23/11/2017,Vente,"750000,00",33.0,RUE,6920,PETIT DELBOURG,51100.0,REIMS,51,454,CL,579,0,2.0,Appartement,54.0,3.0
1761592,23/11/2017,Vente,"750000,00",33.0,RUE,6920,PETIT DELBOURG,51100.0,REIMS,51,454,CL,579,0,2.0,Appartement,54.0,3.0
1761593,23/11/2017,Vente,"750000,00",33.0,RUE,6920,PETIT DELBOURG,51100.0,REIMS,51,454,CL,579,0,2.0,Appartement,54.0,3.0
1761594,23/11/2017,Vente,"750000,00",33.0,RUE,6920,PETIT DELBOURG,51100.0,REIMS,51,454,CL,579,0,2.0,Appartement,54.0,3.0
1761598,23/11/2017,Vente,"750000,00",33.0,RUE,6920,PETIT DELBOURG,51100.0,REIMS,51,454,CL,579,0,2.0,Appartement,67.0,4.0
1761600,23/11/2017,Vente,"750000,00",33.0,RUE,6920,PETIT DELBOURG,51100.0,REIMS,51,454,CL,579,0,2.0,Appartement,67.0,4.0
1761602,02/12/2017,Vente,"130800,00",179.0,AV,4900,JEAN JAURES,51100.0,REIMS,51,454,BK,461,1,2.0,Appartement,72.0,4.0
1761605,27/11/2017,Vente,"165000,00",16.0,RUE,8950,DE VENISE,51100.0,REIMS,51,454,IK,1401,1,2.0,Appartement,62.0,3.0
1761607,16/11/2017,Vente,"74000,00",1.0,RUE,2250,DE LA CONCORDE,51100.0,REIMS,51,454,IO,16,1,2.0,Appartement,41.0,2.0
1761618,13/11/2017,Vente,"200000,00",11.0,RUE,8580,DES TEMPLIERS,51100.0,REIMS,51,454,BH,528,2,2.0,Appartement,94.0,5.0
1761620,24/11/2017,Vente,"124700,00",9.0,RUE,0010,ABBE DE L EPEE,51100.0,REIMS,51,454,IK,288,2,2.0,Appartement,79.0,4.0
1761623,30/11/2017,Vente,"115000,00",1.0,RUE,8340,DE SOLFERINO,51100.0,REIMS,51,454,BK,515,1,2.0,Appartement,65.0,2.0
1761630,27/11/2017,Vente,"126000,00",20.0,RUE,7720,DU RUISSELET,51100.0,REIMS,51,454,DM,663,2,2.0,Appartement,78.0,4.0
1761633,28/11/2017,Vente,"111000,00",39.0,RUE,5940,MARLOT,51100.0,REIMS,51,454,IK,511,1,2.0,Appartement,29.0,1.0
1761634,28/11/2017,Vente,"111000,00",39.0,RUE,5940,MARLOT,51100.0,REIMS,51,454,IK,511,1,2.0,Appartement,32.0,2.0
1761638,27/11/2017,Vente en l'état futur d'achèvement,"175000,00",,RUE,4220,GRANDVAL,51100.0,REIMS,51,454,CL,989,1,2.0,Appartement,44.0,2.0
1761640,30/11/2017,Vente,"232000,00",1.0,RUE,7060,PIPER,51100.0,REIMS,51,454,CW,12,1,2.0,Appartement,80.0,4.0
1761641,06/12/2017,Vente,"79000,00",217.0,RUE,0600,DU BARBATRE,51100.0,REIMS,51,454,CZ,603,1,2.0,Appartement,44.0,2.0
1761644,27/11/2017,Vente en l'état futur d'achèvement,"184500,00",,RUE,4220,GRANDVAL,51100.0,REIMS,51,454,CL,989,2,2.0,Appartement,49.0,2.0
1761645,29/11/2017,Vente,"140000,00",7.0,RUE,1730,CHANTERAINE,51100.0,REIMS,51,454,DM,634,2,2.0,Appartement,67.0,3.0
1761647,22/11/2017,Vente,"70000,00",133.0,RUE,2440,DE COURLANCY,51100.0,REIMS,51,454,HY,161,2,2.0,Appartement,27.0,1.0
1761652,01/12/2017,Vente en l'état futur d'achèvement,"159000,00",40.0,RUE,7790,DE ST BRICE,51100.0,REIMS,51,454,AT,247,1,2.0,Appartement,45.0,2.0
1761675,28/11/2017,Vente,"101000,00",6.0,RUE,3610,FLIN DES OLIVIERS,51100.0,REIMS,51,454,HX,17,2,2.0,Appartement,43.0,2.0
1761677,29/11/2017,Vente en l'état futur d'achèvement,"108000,00",,RUE,5891,MARCEL THIL,51100.0,REIMS,51,454,AV,1082,1,2.0,Appartement,28.0,1.0
1761679,04/12/2017,Vente,"103200,00",28.0,RUE,0820,DE BERRU,51100.0,REIMS,51,454,CW,357,1,2.0,Appartement,41.0,2.0
1761680,24/11/2017,Vente,"376000,00",39.0,RUE,1390,DES CAPUCINS,51100.0,REIMS,51,454,IK,1417,1,2.0,Appartement,131.0,5.0
1761683,28/11/2017,Vente en l'état futur d'achèvement,"186000,00",,RUE,5891,MARCEL THIL,51100.0,REIMS,51,454,AV,1082,1,2.0,Appartement,56.0,2.0
1761684,15/11/2017,Vente,"85000,00",37.0,RUE,0330,ANTOINE GOUSSIEZ,51100.0,REIMS,51,454,AM,336,3,2.0,Appartement,39.0,2.0
1761685,05/12/2017,Vente,"119000,00",26.0,BD,6750,PASTEUR,51100.0,REIMS,51,454,CY,123,2,2.0,Appartement,65.0,4.0
1761688,16/11/2017,Vente,"148000,00",24.0,RUE,6230,DU MONT D ARENE,51100.0,REIMS,51,454,AV,364,2,2.0,Appartement,80.0,4.0
1761690,01/12/2017,Vente,"64000,00",8.0,RUE,5195,KERGUELEN,51100.0,REIMS,51,454,ET,547,2,2.0,Appartement,42.0,2.0
1761697,24/11/2017,Vente,"390000,00",10.0,RUE,7080,PLUCHE,51100.0,REIMS,51,454,BE,158,2,2.0,Appartement,123.0,5.0
1761699,08/12/2017,Vente en l'état futur d'achèvement,"227500,00",,RUE,5891,MARCEL THIL,51100.0,REIMS,51,454,AV,1082,1,2.0,Appartement,68.0,3.0
1761700,13/12/2017,Vente,"99750,00",6.0,RUE,8220,SALIN,51100.0,REIMS,51,454,IL,45,2,2.0,Appartement,34.0,2.0
1761711,24/11/2017,Vente en l'état futur d'achèvement,"159040,00",65.0,RUE,6230,DU MONT D ARENE,51100.0,REIMS,51,454,AT,9,1,2.0,Appartement,42.0,2.0
1761713,05/12/2017,Vente,"172000,00",117.0,AV,4900,JEAN JAURES,51100.0,REIMS,51,454,BI,729,1,2.0,Appartement,80.0,3.0
1761716,08/12/2017,Vente,"63700,00",17.0,RUE,3280,EMILE ZOLA,51100.0,REIMS,51,454,AW,426,3,2.0,Appartement,32.0,3.0
1761717,29/11/2017,Vente,"75000,00",30.0,RUE,1830,CHARLIER,51100.0,REIMS,51,454,BI,185,2,2.0,Appartement,38.0,2.0
1761728,24/11/2017,Vente en l'état futur d'achèvement,"277000,00",65.0,RUE,6230,DU MONT D ARENE,51100.0,REIMS,51,454,AT,9,1,2.0,Appartement,79.0,4.0
1761731,01/12/2017,Vente,"69990,00",7.0,RUE,8000,ST NICAISE,51100.0,REIMS,51,454,CZ,24,2,2.0,Appartement,36.0,2.0
1761742,05/12/2017,Vente,"89050,00",4.0,RUE,3010,DOM PERIGNON,51100.0,REIMS,51,454,CV,990,2,2.0,Appartement,38.0,2.0
1761746,29/11/2017,Vente,"165000,00",85.0,AV,4900,JEAN JAURES,51100.0,REIMS,51,454,BI,375,3,2.0,Appartement,73.0,3.0
1761756,05/12/2017,Vente,"85000,00",20.0,RUE,2975,DR LUCIEN BETTINGER,51100.0,REIMS,51,454,AE,262,2,2.0,Appartement,48.0,2.0
1761765,25/11/2017,Vente,"42000,00",21.0,AV,4455,HENRI FARMAN,51100.0,REIMS,51,454,DH,90,1,2.0,Appartement,17.0,1.0
1761767,06/12/2017,Vente,"132000,00",3.0,RUE,4050,GERBERT,51100.0,REIMS,51,454,CY,95,1,2.0,Appartement,42.0,2.0
1761768,06/12/2017,Vente,"132000,00",3.0,RUE,4050,GERBERT,51100.0,REIMS,51,454,CY,95,1,2.0,Appartement,42.0,2.0
1761774,04/12/2017,Vente,"119000,00",171.0,AV,5300,DE LAON,51100.0,REIMS,51,454,AV,40,1,2.0,Appartement,81.0,3.0
1761782,30/11/2017,Vente,"41000,00",17.0,BD,2830,DIEU LUMIERE,51100.0,REIMS,51,454,DM,638,2,2.0,Appartement,81.0,4.0
1761785,01/12/2017,Vente,"70000,00",11.0,RUE,4560,HINCMAR,51100.0,REIMS,51,454,IK,1120,2,2.0,Appartement,20.0,1.0
1761801,01/12/2017,Vente,"130000,00",26.0,RUE,9160,VILLEMINOT HUART,51100.0,REIMS,51,454,AT,294,2,2.0,Appartement,74.0,4.0
1761810,24/11/2017,Vente,"105000,00",55.0,RUE,2590,D ESTIENNE D ORVES,51100.0,REIMS,51,454,DV,407,2,2.0,Appartement,66.0,4.0
1761812,29/11/2017,Vente en l'état futur d'achèvement,"177000,00",,RUE,4220,GRANDVAL,51100.0,REIMS,51,454,CL,989,1,2.0,Appartement,44.0,2.0
1761814,07/12/2017,Vente en l'état futur d'achèvement,"179000,00",49.0,BD,2650,DAUPHINOT,51100.0,REIMS,51,454,CT,610,1,2.0,Appartement,66.0,3.0
1761816,04/12/2017,Vente,"54000,00",6.0,RUE,4220,GRANDVAL,51100.0,REIMS,51,454,CL,984,1,2.0,Appartement,50.0,2.0
1761820,27/11/2017,Vente en l'état futur d'achèvement,"148900,00",,RUE,4220,GRANDVAL,51100.0,REIMS,51,454,CL,989,1,2.0,Appartement,41.0,2.0
1761822,28/11/2017,Vente en l'état futur d'achèvement,"515000,00",21.0,RUE,4540,HENRI IV,51100.0,REIMS,51,454,IL,3,2,2.0,Appartement,103.0,4.0
1761824,07/12/2017,Vente,"1180838,40",,RUE,0910,DE BEZANNES,51100.0,REIMS,51,454,HW,135,1,2.0,Appartement,87.0,5.0
1761825,07/12/2017,Vente,"1180838,40",,RUE,0910,DE BEZANNES,51100.0,REIMS,51,454,HW,135,1,2.0,Appartement,81.0,3.0
1761827,07/12/2017,Vente,"1180838,40",,RUE,0910,DE BEZANNES,51100.0,REIMS,51,454,HW,135,1,2.0,Appartement,71.0,3.0
1761828,07/12/2017,Vente,"1180838,40",,RUE,0910,DE BEZANNES,51100.0,REIMS,51,454,HW,135,1,2.0,Appartement,82.0,3.0
1761831,07/12/2017,Vente,"1180838,40",,RUE,0910,DE BEZANNES,51100.0,REIMS,51,454,HW,135,1,2.0,Appartement,96.0,5.0
1761841,05/12/2017,Vente,"124500,00",41.0,RUE,5340,LECOINTRE,51100.0,REIMS,51,454,AV,681,1,2.0,Appartement,91.0,4.0
1761845,08/12/2017,Vente,"141000,00",3.0,ESP,7433,REMI PELLOT,51100.0,REIMS,51,454,AN,169,1,2.0,Appartement,72.0,3.0
1761853,13/12/2017,Vente,"86000,00",21.0,BD,0710,DES BELGES,51100.0,REIMS,51,454,AM,89,1,2.0,Appartement,43.0,2.0
1761855,13/12/2017,Vente,"125000,00",44.0,RUE,3800,DES FUSELIERS,51100.0,REIMS,51,454,CX,559,1,2.0,Appartement,56.0,3.0
1761857,22/11/2017,Vente,"397500,00",71.0,RUE,5460,LESAGE,51100.0,REIMS,51,454,AW,258,0,2.0,Appartement,28.0,1.0
1761858,22/11/2017,Vente,"397500,00",71.0,RUE,5460,LESAGE,51100.0,REIMS,51,454,AW,258,0,2.0,Appartement,34.0,1.0
1761859,22/11/2017,Vente,"397500,00",71.0,RUE,5460,LESAGE,51100.0,REIMS,51,454,AW,258,0,2.0,Appartement,28.0,1.0
1761860,22/11/2017,Vente,"397500,00",71.0,RUE,5460,LESAGE,51100.0,REIMS,51,454,AW,258,0,2.0,Appartement,31.0,1.0
1761861,22/11/2017,Vente,"397500,00",71.0,RUE,5460,LESAGE,51100.0,REIMS,51,454,AW,258,0,2.0,Appartement,28.0,1.0
1761862,22/11/2017,Vente,"397500,00",71.0,RUE,5460,LESAGE,51100.0,REIMS,51,454,AW,258,0,2.0,Appartement,28.0,1.0
1761865,22/11/2017,Vente,"110000,00",19.0,AV,3320,D EPERNAY,51100.0,REIMS,51,454,DP,460,2,2.0,Appartement,90.0,4.0
1761867,13/12/2017,Vente,"119390,00",26.0,BD,6750,PASTEUR,51100.0,REIMS,51,454,CY,123,2,2.0,Appartement,77.0,4.0
1761876,30/11/2017,Vente,"106150,00",65.0,RUE,4770,DU JARD,51100.0,REIMS,51,454,IK,288,2,2.0,Appartement,45.0,2.0
1761887,06/12/2017,Vente,"55000,00",20.0,RUE,7010,PIERRE BROSSOLETTE,51100.0,REIMS,51,454,AV,857,2,2.0,Appartement,35.0,2.0
1761888,06/12/2017,Vente,"136000,00",1.0,RUE,0820,DE BERRU,51100.0,REIMS,51,454,CV,822,1,2.0,Appartement,25.0,1.0
1761889,06/12/2017,Vente,"136000,00",1.0,RUE,0820,DE BERRU,51100.0,REIMS,51,454,CV,822,1,2.0,Appartement,26.0,1.0
1761890,08/12/2017,Vente,"58000,00",39.0,AV,4455,HENRI FARMAN,51100.0,REIMS,51,454,EK,6,1,2.0,Appartement,21.0,1.0
1761892,08/12/2017,Vente,"52000,00",228.0,AV,5300,DE LAON,51100.0,REIMS,51,454,AX,443,1,2.0,Appartement,30.0,1.0
1761897,07/12/2017,Vente,"158000,00",22.0,RUE,4810,DES JARDINS,51100.0,REIMS,51,454,AS,356,2,2.0,Appartement,74.0,3.0
1761899,06/12/2017,Vente,"150000,00",35.0,RUE,7160,PONSARDIN,51100.0,REIMS,51,454,CK,119,2,2.0,Appartement,79.0,4.0
1761900,08/12/2017,Vente,"75000,00",3.0,BD,7960,ST MARCEAUX,51100.0,REIMS,51,454,CW,381,1,2.0,Appartement,41.0,1.0
1761901,05/12/2017,Vente,"63000,00",26.0,RUE,7890,ST JEAN CESAREE,51100.0,REIMS,51,454,CZ,609,3,2.0,Appartement,38.0,2.0
1761905,01/12/2017,Vente,"149400,00",18.0,RUE,4810,DES JARDINS,51100.0,REIMS,51,454,AS,190,1,2.0,Appartement,71.0,3.0
1761908,04/12/2017,Vente en l'état futur d'achèvement,"205210,00",65.0,RUE,6230,DU MONT D ARENE,51100.0,REIMS,51,454,AT,9,1,2.0,Appartement,60.0,3.0
1761911,06/12/2017,Vente,"58000,00",55.0,RUE,0200,D ALSACE LORRAINE,51100.0,REIMS,51,454,CT,96,1,2.0,Appartement,17.0,1.0
1761912,06/12/2017,Vente,"55000,00",22.0,RUE,0740,BELIN,51100.0,REIMS,51,454,AX,276,1,2.0,Appartement,27.0,1.0
1761920,30/11/2017,Vente,"118000,00",45.0,RUE,1260,DE LA BRIQUETERIE,51100.0,REIMS,51,454,DV,323,2,2.0,Appartement,55.0,3.0
1761923,13/12/2017,Vente,"46000,00",5.0,RUE,0180,ALPHONSE DEFFAUT,51100.0,REIMS,51,454,AN,287,2,2.0,Appartement,44.0,1.0
1761924,05/12/2017,Vente,"60000,00",26.0,RUE,8480,DE TAISSY,51100.0,REIMS,51,454,DK,235,2,2.0,Appartement,45.0,2.0
1761928,01/12/2017,Vente,"109000,00",1.0,AV,7295,DU PRESIDENT KENNEDY,51100.0,REIMS,51,454,KN,16,2,2.0,Appartement,95.0,4.0
1761929,14/12/2017,Vente,"50000,00",324.0,AV,5300,DE LAON,51100.0,REIMS,51,454,AM,672,1,2.0,Appartement,45.0,2.0
1761930,14/12/2017,Vente,"50000,00",324.0,AV,5300,DE LAON,51100.0,REIMS,51,454,AM,672,1,2.0,Appartement,49.0,2.0
1761934,04/12/2017,Vente,"115000,00",21.0,RUE,4650,HUGUES KRAFFT,51100.0,REIMS,51,454,AM,810,1,2.0,Appartement,63.0,3.0
1761943,13/12/2017,Vente,"75000,00",40.0,RUE,8430,DE STRASBOURG,51100.0,REIMS,51,454,CV,590,1,2.0,Appartement,23.0,1.0
1761944,13/12/2017,Vente,"75000,00",40.0,RUE,8430,DE STRASBOURG,51100.0,REIMS,51,454,CV,590,1,2.0,Appartement,16.0,1.0
1761946,08/12/2017,Vente en l'état futur d'achèvement,"480000,00",21.0,RUE,4540,HENRI IV,51100.0,REIMS,51,454,IL,3,1,2.0,Appartement,95.0,2.0
1761947,14/12/2017,Vente,"151700,00",43.0,RUE,2570,CROUTELLE,51100.0,REIMS,51,454,AV,186,1,2.0,Appartement,63.0,4.0
1761949,11/12/2017,Vente,"151000,00",1.0,RUE,8200,STE GENEVIEVE,51100.0,REIMS,51,454,HX,143,1,2.0,Appartement,81.0,4.0
1761952,11/12/2017,Vente,"41500,00",61.0,RUE,2560,CROIX ST MARC,51100.0,REIMS,51,454,CV,377,1,2.0,Appartement,15.0,1.0
1761963,08/12/2017,Vente en l'état futur d'achèvement,"475000,00",21.0,RUE,4540,HENRI IV,51100.0,REIMS,51,454,IL,3,2,2.0,Appartement,98.0,4.0
1761964,13/12/2017,Vente,"33750,00",84.0,BD,7140,POMMERY,51100.0,REIMS,51,454,CL,378,1,2.0,Appartement,22.0,1.0
1761965,08/12/2017,Vente,"73000,00",9.0,AV,0070,ALEXANDRE DE SERBIE,51100.0,REIMS,51,454,DT,227,2,2.0,Appartement,78.0,4.0
1761969,12/12/2017,Vente en l'état futur d'achèvement,"157000,00",40.0,RUE,7790,DE ST BRICE,51100.0,REIMS,51,454,AT,247,1,2.0,Appartement,42.0,2.0
1761979,15/12/2017,Vente,"88000,00",18.0,RUE,7710,RUINART DE BRIMONT,51100.0,REIMS,51,454,CW,636,1,2.0,Appartement,46.0,2.0
1761985,11/12/2017,Vente,"129000,00",2.0,RUE,4150,GOSSET,51100.0,REIMS,51,454,BD,99,1,2.0,Appartement,81.0,4.0
1761987,27/11/2017,Vente,"92000,00",6.0,RUE,6760,PAUL ADAM,51100.0,REIMS,51,454,IK,228,3,2.0,Appartement,30.0,2.0
1761988,28/11/2017,Vente terrain à bâtir,"620000,00",57.0,AV,4900,JEAN JAURES,51100.0,REIMS,51,454,BH,208,0,2.0,Appartement,130.0,5.0
1761990,28/11/2017,Vente terrain à bâtir,"620000,00",57.0,AV,4900,JEAN JAURES,51100.0,REIMS,51,454,BH,208,0,2.0,Appartement,137.0,6.0
1761993,01/12/2017,Vente en l'état futur d'achèvement,"201666,00",14.0,BD,6690,DE LA PAIX,51100.0,REIMS,51,454,CX,534,1,2.0,Appartement,53.0,2.0
1761995,18/12/2017,Vente,"104000,00",4.0,ESP,7433,REMI PELLOT,51100.0,REIMS,51,454,AN,169,1,2.0,Appartement,57.0,2.0
1761997,01/12/2017,Vente en l'état futur d'achèvement,"492000,00",21.0,RUE,4540,HENRI IV,51100.0,REIMS,51,454,IL,3,2,2.0,Appartement,105.0,4.0
1762001,18/12/2017,Vente,"367500,00",19.0,BD,4760,JAMIN,51100.0,REIMS,51,454,BI,359,0,2.0,Appartement,25.0,1.0
1762002,18/12/2017,Vente,"367500,00",19.0,BD,4760,JAMIN,51100.0,REIMS,51,454,BI,359,0,2.0,Appartement,58.0,3.0
1762003,18/12/2017,Vente,"367500,00",19.0,BD,4760,JAMIN,51100.0,REIMS,51,454,BI,359,0,2.0,Appartement,59.0,3.0
1762004,18/12/2017,Vente,"367500,00",19.0,BD,4760,JAMIN,51100.0,REIMS,51,454,BI,359,0,2.0,Appartement,43.0,2.0
1762005,18/12/2017,Vente,"367500,00",19.0,BD,4760,JAMIN,51100.0,REIMS,51,454,BI,359,0,2.0,Appartement,38.0,2.0
1762007,06/12/2017,Vente en l'état futur d'achèvement,"355000,00",21.0,RUE,4540,HENRI IV,51100.0,REIMS,51,454,IL,3,1,2.0,Appartement,68.0,3.0
1762009,08/12/2017,Vente,"221000,00",4.0,RUE,2250,DE LA CONCORDE,51100.0,REIMS,51,454,IO,407,1,2.0,Appartement,96.0,4.0
1762010,08/12/2017,Vente,"96300,00",116.0,RUE,9040,DE VESLE,51100.0,REIMS,51,454,IM,154,1,2.0,Appartement,40.0,1.0
1762011,08/12/2017,Vente,"160000,00",79.0,RUE,8950,DE VENISE,51100.0,REIMS,51,454,CY,434,2,2.0,Appartement,96.0,5.0
1762014,05/12/2017,Vente,"124000,00",50.0,RUE,5160,DE LA JUSTICE,51100.0,REIMS,51,454,BD,99,1,2.0,Appartement,70.0,3.0
1762020,12/12/2017,Vente,"136800,00",5.0,RUE,4425,HELENE NAUTRE,51100.0,REIMS,51,454,BT,580,1,2.0,Appartement,85.0,4.0
1762021,12/12/2017,Vente,"136800,00",5.0,RUE,4425,HELENE NAUTRE,51100.0,REIMS,51,454,BT,580,1,2.0,Appartement,97.0,5.0
1762024,11/12/2017,Vente,"145000,00",5.0,RUE,1730,CHANTERAINE,51100.0,REIMS,51,454,DM,634,2,2.0,Appartement,93.0,5.0
1762030,11/12/2017,Vente en l'état futur d'achèvement,"187000,00",49.0,BD,2650,DAUPHINOT,51100.0,REIMS,51,454,CT,610,1,2.0,Appartement,68.0,4.0
1762031,18/12/2017,Vente,"144000,00",10.0,RUE,6910,DU PETIT ARSENAL,51100.0,REIMS,51,454,BE,79,1,2.0,Appartement,26.0,1.0
1762032,18/12/2017,Vente,"144000,00",10.0,RUE,6910,DU PETIT ARSENAL,51100.0,REIMS,51,454,BE,79,1,2.0,Appartement,26.0,1.0
1762035,08/12/2017,Vente en l'état futur d'achèvement,"170000,00",51.0,RUE,0600,DU BARBATRE,51100.0,REIMS,51,454,CY,749,1,2.0,Appartement,47.0,2.0
1762041,11/12/2017,Vente en l'état futur d'achèvement,"293000,00",30.0,RUE,2430,DE COURCELLES,51100.0,REIMS,51,454,AT,492,1,2.0,Appartement,76.0,3.0
1762043,24/11/2017,Vente,"37000,00",3.0,RUE,7010,PIERRE BROSSOLETTE,51100.0,REIMS,51,454,AR,225,1,2.0,Appartement,11.0,1.0
1762046,12/12/2017,Vente,"120000,00",76.0,RUE,5615,LOUIS PASTEUR NEUV,51100.0,REIMS,51,454,KI,231,1,2.0,Appartement,60.0,3.0
1762050,12/12/2017,Vente en l'état futur d'achèvement,"178000,00",49.0,BD,2650,DAUPHINOT,51100.0,REIMS,51,454,CT,610,1,2.0,Appartement,62.0,3.0
1762052,12/12/2017,Vente en l'état futur d'achèvement,"135800,00",49.0,BD,2650,DAUPHINOT,51100.0,REIMS,51,454,CT,610,1,2.0,Appartement,45.0,2.0
1762053,07/12/2017,Vente,"195000,00",10.0,RUE,7540,ROBERT DE COUCY,51100.0,REIMS,51,454,CX,13,3,2.0,Appartement,79.0,4.0
1762055,07/12/2017,Vente,"135000,00",139.0,BD,7140,POMMERY,51100.0,REIMS,51,454,CI,65,2,2.0,Appartement,131.0,4.0
1762060,21/12/2017,Vente,"166000,00",48.0,BD,4760,JAMIN,51100.0,REIMS,51,454,BI,286,2,2.0,Appartement,30.0,2.0
1762061,14/12/2017,Vente,"105000,00",18.0,RUE,7340,DU PROGRES,51100.0,REIMS,51,454,AO,335,1,2.0,Appartement,63.0,3.0
1762068,15/12/2017,Vente,"157936,00",16.0,RUE,7010,PIERRE BROSSOLETTE,51100.0,REIMS,51,454,AV,857,2,2.0,Appartement,52.0,2.0
1762074,07/12/2017,Vente,"55000,00",65.0,RUE,2430,DE COURCELLES,51100.0,REIMS,51,454,AT,221,2,2.0,Appartement,48.0,2.0
1762077,15/12/2017,Vente,"85000,00",3.0,RUE,7070,DU PISTOLET,51100.0,REIMS,51,454,DM,632,2,2.0,Appartement,46.0,2.0
1762090,15/12/2017,Vente,"285000,00",21.0,RUE,5780,DE LA MAGDELEINE,51100.0,REIMS,51,454,IN,20,2,2.0,Appartement,90.0,4.0
1762093,15/12/2017,Vente en l'état futur d'achèvement,"125900,00",,RUE,5891,MARCEL THIL,51100.0,REIMS,51,454,AV,1082,1,2.0,Appartement,33.0,1.0
1762101,15/12/2017,Vente,"220155,00",39.0,RUE,4560,HINCMAR,51100.0,REIMS,51,454,IK,1267,1,2.0,Appartement,65.0,3.0
1762116,18/12/2017,Vente,"85000,00",2.0,ALL,3045,DU BELLAY,51100.0,REIMS,51,454,DK,184,2,2.0,Appartement,36.0,1.0
1762119,18/12/2017,Vente,"141000,00",96.0,RUE,1390,DES CAPUCINS,51100.0,REIMS,51,454,IK,273,2,2.0,Appartement,55.0,3.0
1762124,11/12/2017,Vente,"80000,00",17.0,RUE,2710,DEFRANCOIS,51100.0,REIMS,51,454,CK,317,2,2.0,Appartement,31.0,1.0
1762125,12/12/2017,Vente,"80000,00",93.0,RUE,6830,P VAILLANT COUTURIER,51100.0,REIMS,51,454,AV,64,2,2.0,Appartement,54.0,3.0
1762128,15/12/2017,Vente,"158000,00",13.0,RUE,8320,DE SILLERY,51100.0,REIMS,51,454,CK,43,2,2.0,Appartement,68.0,3.0
1762130,11/12/2017,Vente,"174000,00",13.0,RUE,4120,GOIOT,51100.0,REIMS,51,454,CZ,607,2,2.0,Appartement,69.0,3.0
1762134,08/12/2017,Vente,"77650,00",9.0,RUE,0340,DE L ARBALETE,51100.0,REIMS,51,454,IL,501,1,2.0,Appartement,21.0,1.0
1762136,14/12/2017,Vente en l'état futur d'achèvement,"137200,00",49.0,BD,2650,DAUPHINOT,51100.0,REIMS,51,454,CT,610,1,2.0,Appartement,39.0,2.0
1762163,07/12/2017,Vente,"214110,00",2.0,RUE,1550,CERES,51100.0,REIMS,51,454,CX,39,1,2.0,Appartement,63.0,3.0
1762166,15/12/2017,Vente,"145000,00",68.0,RUE,6230,DU MONT D ARENE,51100.0,REIMS,51,454,AV,389,1,2.0,Appartement,23.0,1.0
1762167,15/12/2017,Vente,"145000,00",68.0,RUE,6230,DU MONT D ARENE,51100.0,REIMS,51,454,AV,389,1,2.0,Appartement,27.0,2.0
1762168,15/12/2017,Vente,"68500,00",26.0,RUE,2450,COURMEAUX,51100.0,REIMS,51,454,BE,72,1,2.0,Appartement,16.0,1.0
1762203,19/12/2017,Vente en l'état futur d'achèvement,"153000,00",40.0,RUE,7790,DE ST BRICE,51100.0,REIMS,51,454,AT,247,1,2.0,Appartement,42.0,2.0
1762219,14/12/2017,Vente,"140000,00",38.0,RUE,7160,PONSARDIN,51100.0,REIMS,51,454,CX,159,1,2.0,Appartement,65.0,3.0
1762221,15/12/2017,Vente en l'état futur d'achèvement,"158603,00",14.0,BD,6690,DE LA PAIX,51100.0,REIMS,51,454,CX,534,1,2.0,Appartement,39.0,1.0
1762225,15/12/2017,Vente,"167000,00",143.0,RUE,2440,DE COURLANCY,51100.0,REIMS,51,454,HY,38,2,2.0,Appartement,109.0,5.0
1762284,29/11/2017,Vente,"63000,00",17.0,BD,7960,ST MARCEAUX,51100.0,REIMS,51,454,CK,23,1,2.0,Appartement,32.0,2.0
1762292,20/12/2017,Vente en l'état futur d'achèvement,"133000,00",49.0,BD,2650,DAUPHINOT,51100.0,REIMS,51,454,CT,610,1,2.0,Appartement,45.0,2.0
1762294,19/12/2017,Vente,"60000,00",26.0,RUE,7890,ST JEAN CESAREE,51100.0,REIMS,51,454,CZ,609,3,2.0,Appartement,37.0,2.0
1762297,21/12/2017,Vente en l'état futur d'achèvement,"180000,00",49.0,BD,2650,DAUPHINOT,51100.0,REIMS,51,454,CT,610,1,2.0,Appartement,60.0,3.0
1762304,18/12/2017,Vente en l'état futur d'achèvement,"128180,00",49.0,BD,2650,DAUPHINOT,51100.0,REIMS,51,454,CT,610,1,2.0,Appartement,44.0,2.0
1762306,15/12/2017,Vente en l'état futur d'achèvement,"138305,00",49.0,BD,2650,DAUPHINOT,51100.0,REIMS,51,454,CT,610,1,2.0,Appartement,39.0,2.0
1762310,15/12/2017,Vente en l'état futur d'achèvement,"383000,00",90.0,RUE,7160,PONSARDIN,51100.0,REIMS,51,454,CY,755,2,2.0,Appartement,112.0,4.0
1762312,21/12/2017,Vente en l'état futur d'achèvement,"141000,00",49.0,BD,2650,DAUPHINOT,51100.0,REIMS,51,454,CT,610,1,2.0,Appartement,42.0,2.0
1762314,18/12/2017,Vente en l'état futur d'achèvement,"175000,00",49.0,BD,2650,DAUPHINOT,51100.0,REIMS,51,454,CT,610,1,2.0,Appartement,62.0,3.0
1762322,11/12/2017,Vente,"618500,00",32.0,RUE,8620,THIERS,51100.0,REIMS,51,454,IL,471,4,2.0,Appartement,188.0,6.0
1762325,13/12/2017,Vente en l'état futur d'achèvement,"394000,00",90.0,RUE,7160,PONSARDIN,51100.0,REIMS,51,454,CY,755,2,2.0,Appartement,112.0,5.0
1762326,19/12/2017,Vente,"44000,00",21.0,AV,4455,HENRI FARMAN,51100.0,REIMS,51,454,DH,90,1,2.0,Appartement,17.0,1.0
1762328,19/12/2017,Vente en l'état futur d'achèvement,"199000,00",49.0,BD,2650,DAUPHINOT,51100.0,REIMS,51,454,CT,610,1,2.0,Appartement,68.0,3.0
1762340,21/12/2017,Vente,"149000,00",2.0,RUE,5730,MABILLON,51100.0,REIMS,51,454,BI,755,1,2.0,Appartement,56.0,3.0
1762354,15/12/2017,Vente,"25000,00",6.0,RUE,0150,D ALGER,51100.0,REIMS,51,454,CS,25,1,2.0,Appartement,39.0,2.0
1762356,13/12/2017,Vente,"89000,00",48.0,RUE,5160,DE LA JUSTICE,51100.0,REIMS,51,454,BD,99,1,2.0,Appartement,63.0,2.0
1762367,13/12/2017,Vente en l'état futur d'achèvement,"660000,00",21.0,RUE,4540,HENRI IV,51100.0,REIMS,51,454,IL,3,2,2.0,Appartement,112.0,4.0
1762372,12/12/2017,Vente,"45000,00",8.0,ALL,3045,DU BELLAY,51100.0,REIMS,51,454,DK,184,1,2.0,Appartement,43.0,2.0
1762378,13/12/2017,Vente,"58000,00",34.0,BD,9070,VICTOR HUGO,51100.0,REIMS,51,454,CZ,190,2,2.0,Appartement,34.0,1.0
1762379,21/12/2017,Vente,"170000,00",14.0,RUE,3210,DES ELUS,51100.0,REIMS,51,454,IL,85,2,2.0,Appartement,60.0,2.0
1762394,19/12/2017,Vente en l'état futur d'achèvement,"165112,00",65.0,RUE,6230,DU MONT D ARENE,51100.0,REIMS,51,454,AT,9,1,2.0,Appartement,44.0,2.0
1762396,22/12/2017,Vente,"65000,00",43.0,RUE,5840,MALDAN,51100.0,REIMS,51,454,AR,156,2,2.0,Appartement,27.0,1.0
1762399,21/12/2017,Vente,"240000,00",15.0,RUE,3280,EMILE ZOLA,51100.0,REIMS,51,454,AW,427,0,2.0,Appartement,60.0,3.0
1762401,21/12/2017,Vente,"240000,00",15.0,RUE,3280,EMILE ZOLA,51100.0,REIMS,51,454,AW,427,0,2.0,Appartement,60.0,3.0
1762402,21/12/2017,Vente,"240000,00",15.0,RUE,3280,EMILE ZOLA,51100.0,REIMS,51,454,AW,427,0,2.0,Appartement,60.0,3.0
1762403,08/12/2017,Vente en l'état futur d'achèvement,"99400,00",13.0,RUE,0123,CAPITAINE ALFRED DREYFUS,51100.0,REIMS,51,454,AV,1037,1,2.0,Appartement,26.0,1.0
1762421,21/12/2017,Vente,"150000,00",3.0,RUE,9220,VOLTAIRE,51100.0,REIMS,51,454,CX,385,2,2.0,Appartement,59.0,3.0
1762422,27/12/2017,Vente,"106000,00",3.0,RUE,8720,TOURNEBONNEAU,51100.0,REIMS,51,454,DM,628,1,2.0,Appartement,64.0,3.0
1762426,12/12/2017,Vente,"279000,00",9.0,RUE,7710,RUINART DE BRIMONT,51100.0,REIMS,51,454,CW,185,0,2.0,Appartement,53.0,3.0
1762427,12/12/2017,Vente,"279000,00",9.0,RUE,7710,RUINART DE BRIMONT,51100.0,REIMS,51,454,CW,185,0,2.0,Appartement,48.0,2.0
1762428,12/12/2017,Vente,"279000,00",9.0,RUE,7710,RUINART DE BRIMONT,51100.0,REIMS,51,454,CW,185,0,2.0,Appartement,53.0,3.0
1762439,20/12/2017,Vente,"94000,00",47.0,RUE,7010,PIERRE BROSSOLETTE,51100.0,REIMS,51,454,AR,915,1,2.0,Appartement,62.0,3.0
1762447,20/12/2017,Vente,"227000,00",9.0,RUE,0010,ABBE DE L EPEE,51100.0,REIMS,51,454,IK,288,2,2.0,Appartement,121.0,5.0
1762449,20/12/2017,Vente,"52400,00",37.0,RUE,6920,PETIT DELBOURG,51100.0,REIMS,51,454,CL,608,1,2.0,Appartement,20.0,1.0
1762450,20/12/2017,Vente,"120000,00",32.0,RUE,8620,THIERS,51100.0,REIMS,51,454,IL,471,1,2.0,Appartement,41.0,2.0
1762455,04/12/2017,Vente,"188000,00",14.0,RUE,4620,HOUZEAU MUIRON,51100.0,REIMS,51,454,CK,197,2,2.0,Appartement,94.0,3.0
1762458,04/12/2017,Vente,"98000,00",104.0,RUE,9040,DE VESLE,51100.0,REIMS,51,454,IM,148,1,2.0,Appartement,46.0,2.0
1762461,20/12/2017,Vente,"153000,00",77.0,BD,6790,PAUL DOUMER,51100.0,REIMS,51,454,IK,335,2,2.0,Appartement,79.0,3.0
1762470,26/12/2017,Vente,"78000,00",1.0,RUE,5950,DES MARMOUZETS,51100.0,REIMS,51,454,CX,55,2,2.0,Appartement,44.0,2.0
1762474,22/12/2017,Vente,"50000,00",3.0,RUE,7010,PIERRE BROSSOLETTE,51100.0,REIMS,51,454,AR,225,2,2.0,Appartement,30.0,1.0
1762478,28/12/2017,Vente,"150000,00",28.0,RUE,5780,DE LA MAGDELEINE,51100.0,REIMS,51,454,IM,294,2,2.0,Appartement,76.0,4.0
1762479,22/12/2017,Vente,"48750,00",13.0,BD,6790,PAUL DOUMER,51100.0,REIMS,51,454,HZ,22,1,2.0,Appartement,18.0,1.0
1762480,21/12/2017,Vente,"225000,00",13.0,BD,6790,PAUL DOUMER,51100.0,REIMS,51,454,HZ,22,2,2.0,Appartement,89.0,3.0
1762493,20/12/2017,Vente,"127010,00",17.0,RUE,0845,BERTRAND DE MUN,51100.0,REIMS,51,454,CM,145,2,2.0,Appartement,73.0,3.0
1762497,22/12/2017,Vente,"125500,00",133.0,BD,7140,POMMERY,51100.0,REIMS,51,454,CI,65,2,2.0,Appartement,57.0,2.0
1762505,20/10/2017,Vente,"73500,00",4.0,RUE,4220,GRANDVAL,51100.0,REIMS,51,454,CL,985,1,2.0,Appartement,26.0,2.0
1762507,13/12/2017,Vente,"86300,00",36.0,RUE,6480,DE LA NEUVILLETTE,51100.0,REIMS,51,454,AX,335,1,2.0,Appartement,51.0,2.0
1762511,21/12/2017,Vente,"90000,00",2.0,RUE,7720,DU RUISSELET,51100.0,REIMS,51,454,DM,632,2,2.0,Appartement,46.0,2.0
1762521,27/12/2017,Vente,"184850,00",68.0,AV,5300,DE LAON,51100.0,REIMS,51,454,AW,434,3,2.0,Appartement,69.0,2.0
1762522,28/12/2017,Vente,"103000,00",37.0,RUE,8640,DE THILLOIS,51100.0,REIMS,51,454,IM,183,1,2.0,Appartement,28.0,1.0
1762527,12/12/2017,Vente,"364000,00",10.0,RUE,1570,DE LA CERISAIE,51100.0,REIMS,51,454,DY,9,0,2.0,Appartement,96.0,3.0
1762528,12/12/2017,Vente,"364000,00",10.0,RUE,1570,DE LA CERISAIE,51100.0,REIMS,51,454,DY,9,0,2.0,Appartement,45.0,1.0
1762530,12/12/2017,Vente,"364000,00",10.0,RUE,1570,DE LA CERISAIE,51100.0,REIMS,51,454,DY,9,0,2.0,Appartement,35.0,1.0
1762531,12/12/2017,Vente,"364000,00",10.0,RUE,1570,DE LA CERISAIE,51100.0,REIMS,51,454,DY,9,0,2.0,Appartement,35.0,1.0
1762532,12/12/2017,Vente,"364000,00",10.0,RUE,1570,DE LA CERISAIE,51100.0,REIMS,51,454,DY,9,0,2.0,Appartement,45.0,1.0
1762533,12/12/2017,Vente,"364000,00",10.0,RUE,1570,DE LA CERISAIE,51100.0,REIMS,51,454,DY,9,0,2.0,Appartement,36.0,1.0
1762534,12/12/2017,Vente,"364000,00",10.0,RUE,1570,DE LA CERISAIE,51100.0,REIMS,51,454,DY,9,0,2.0,Appartement,46.0,1.0
1762535,12/12/2017,Vente,"364000,00",10.0,RUE,1570,DE LA CERISAIE,51100.0,REIMS,51,454,DY,9,0,2.0,Appartement,36.0,1.0
1762536,12/12/2017,Vente,"364000,00",10.0,RUE,1570,DE LA CERISAIE,51100.0,REIMS,51,454,DY,9,0,2.0,Appartement,96.0,3.0
1762537,12/12/2017,Vente,"364000,00",10.0,RUE,1570,DE LA CERISAIE,51100.0,REIMS,51,454,DY,9,0,2.0,Appartement,46.0,1.0
1762543,14/12/2017,Vente,"118000,00",1.0,RUE,5250,LAGRIVE,51100.0,REIMS,51,454,CY,123,2,2.0,Appartement,67.0,4.0
1762547,18/12/2017,Vente,"15000,00",31.0,RUE,0820,DE BERRU,51100.0,REIMS,51,454,CV,802,1,2.0,Appartement,24.0,2.0
1762552,15/12/2017,Vente,"120000,00",73.0,RUE,7160,PONSARDIN,51100.0,REIMS,51,454,CY,627,1,2.0,Appartement,46.0,2.0
1762579,20/12/2017,Vente,"125000,00",7.0,RUE,6360,DES MURS,51100.0,REIMS,51,454,CX,272,1,2.0,Appartement,49.0,2.0
1762592,20/12/2017,Vente en l'état futur d'achèvement,"126000,00",,RUE,4220,GRANDVAL,51100.0,REIMS,51,454,CL,989,1,2.0,Appartement,30.0,1.0
1762597,18/12/2017,Vente,"145000,00",71.0,RUE,8090,SAINT THIERRY,51100.0,REIMS,51,454,AO,489,1,2.0,Appartement,55.0,2.0
1762605,28/12/2017,Vente,"2129500,00",51.0,AV,1809,CHARLES FANDRE,51100.0,REIMS,51,454,CT,531,1,2.0,Appartement,29.0,1.0
1762609,28/12/2017,Vente,"2129500,00",51.0,AV,1809,CHARLES FANDRE,51100.0,REIMS,51,454,CT,531,1,2.0,Appartement,97.0,5.0
1762610,28/12/2017,Vente,"2129500,00",51.0,AV,1809,CHARLES FANDRE,51100.0,REIMS,51,454,CT,531,1,2.0,Appartement,102.0,5.0
1762611,28/12/2017,Vente,"2129500,00",68.0,PROM,6867,DU PEIGNAGE,51100.0,REIMS,51,454,CT,531,1,2.0,Appartement,81.0,4.0
1762613,28/12/2017,Vente,"2129500,00",68.0,PROM,6867,DU PEIGNAGE,51100.0,REIMS,51,454,CT,531,1,2.0,Appartement,66.0,3.0
1762614,28/12/2017,Vente,"2129500,00",5.0,RUE,8297,DES SERGIERS,51100.0,REIMS,51,454,CT,531,1,2.0,Appartement,75.0,4.0
1762618,28/12/2017,Vente,"2129500,00",53.0,AV,1809,CHARLES FANDRE,51100.0,REIMS,51,454,CT,533,1,2.0,Appartement,72.0,4.0
1762619,28/12/2017,Vente,"2129500,00",53.0,AV,1809,CHARLES FANDRE,51100.0,REIMS,51,454,CT,533,1,2.0,Appartement,81.0,4.0
1762633,27/12/2017,Vente en l'état futur d'achèvement,"183922,00",65.0,RUE,6230,DU MONT D ARENE,51100.0,REIMS,51,454,AT,9,1,2.0,Appartement,43.0,2.0
1762635,21/12/2017,Vente en l'état futur d'achèvement,"140000,00",49.0,BD,2650,DAUPHINOT,51100.0,REIMS,51,454,CT,610,1,2.0,Appartement,39.0,2.0
1762638,21/12/2017,Vente,"107000,00",26.0,RUE,6160,DE METZ,51100.0,REIMS,51,454,CV,517,1,2.0,Appartement,57.0,2.0
1762642,22/12/2017,Vente,"50000,00",39.0,RUE,3570,DE FISMES,51100.0,REIMS,51,454,AR,539,1,2.0,Appartement,18.0,1.0
1762646,28/12/2017,Vente en l'état futur d'achèvement,"238000,00",30.0,RUE,2430,DE COURCELLES,51100.0,REIMS,51,454,AT,492,1,2.0,Appartement,68.0,3.0
1762647,22/12/2017,Vente en l'état futur d'achèvement,"174600,00",49.0,BD,2650,DAUPHINOT,51100.0,REIMS,51,454,CT,610,1,2.0,Appartement,62.0,3.0
1762653,21/12/2017,Vente,"151000,00",48.0,RUE,5160,DE LA JUSTICE,51100.0,REIMS,51,454,BD,99,1,2.0,Appartement,96.0,4.0
1762655,14/12/2017,Vente,"136000,00",249.0,RUE,2440,DE COURLANCY,51100.0,REIMS,51,454,DN,217,2,2.0,Appartement,68.0,4.0
1762666,27/12/2017,Vente en l'état futur d'achèvement,"164681,00",83.0,RUE,6230,DU MONT D ARENE,51100.0,REIMS,51,454,AT,9,1,2.0,Appartement,43.0,2.0
1762670,19/12/2017,Vente,"106000,00",21.0,RUE,0390,ARMAND GUERY,51100.0,REIMS,51,454,AV,1030,2,2.0,Appartement,51.0,3.0
1762676,13/12/2017,Vente,"165000,00",30.0,RUE,2840,DIEU LUMIERE,51100.0,REIMS,51,454,DM,96,1,2.0,Appartement,66.0,2.0
1762679,28/12/2017,Vente,"93000,00",211.0,RUE,0600,DU BARBATRE,51100.0,REIMS,51,454,CZ,250,2,2.0,Appartement,48.0,3.0
1762681,28/12/2017,Vente,"38500,00",10.0,RUE,8820,DES 3 PILIERS,51100.0,REIMS,51,454,AW,79,1,2.0,Appartement,30.0,1.0
1762683,25/11/2017,Vente,"51500,00",8.0,RUE,7750,SAINT BENOIT,51100.0,REIMS,51,454,AY,221,1,2.0,Appartement,20.0,1.0
1762686,13/12/2017,Vente,"65000,00",6.0,RUE,2280,DE CONTRAI,51100.0,REIMS,51,454,CY,4,1,2.0,Appartement,28.0,1.0
1762694,27/12/2017,Vente,"133600,00",112.0,BD,7960,ST MARCEAUX,51100.0,REIMS,51,454,CK,185,1,2.0,Appartement,76.0,3.0
1762697,18/12/2017,Vente,"165000,00",4.0,RUE,1550,CERES,51100.0,REIMS,51,454,CX,39,1,2.0,Appartement,43.0,2.0
1762698,20/12/2017,Vente en l'état futur d'achèvement,"181956,00",,RUE,4220,GRANDVAL,51100.0,REIMS,51,454,CL,989,2,2.0,Appartement,44.0,2.0
1762703,29/12/2017,Vente en l'état futur d'achèvement,"151259,00",83.0,RUE,6230,DU MONT D ARENE,51100.0,REIMS,51,454,AT,9,1,2.0,Appartement,40.0,2.0
1762705,28/12/2017,Vente,"97000,00",29.0,RUE,1550,CERES,51100.0,REIMS,51,454,BE,97,2,2.0,Appartement,48.0,2.0
1762712,28/12/2017,Vente en l'état futur d'achèvement,"152757,00",83.0,RUE,6230,DU MONT D ARENE,51100.0,REIMS,51,454,AT,9,1,2.0,Appartement,41.0,2.0
1762713,19/12/2017,Vente,"117000,00",127.0,BD,1800,CHARLES ARNOULD,51100.0,REIMS,51,454,AO,851,2,2.0,Appartement,54.0,3.0
1762722,13/12/2017,Vente,"120000,00",16.0,RUE,4035,GERARD PHILIPE,51100.0,REIMS,51,454,CI,67,1,2.0,Appartement,49.0,2.0
1762732,20/12/2017,Vente,"83000,00",16.0,BD,4550,HENRY VASNIER,51100.0,REIMS,51,454,CZ,11,1,2.0,Appartement,62.0,3.0
1762738,29/12/2017,Vente en l'état futur d'achèvement,"210000,00",89.0,RUE,6230,DU MONT D ARENE,51100.0,REIMS,51,454,AT,9,1,2.0,Appartement,67.0,3.0
1762742,29/12/2017,Vente en l'état futur d'achèvement,"233083,00",83.0,RUE,6230,DU MONT D ARENE,51100.0,REIMS,51,454,AT,9,1,2.0,Appartement,62.0,3.0
1762746,28/12/2017,Vente en l'état futur d'achèvement,"174000,00",29.0,RUE,0150,D ALGER,51100.0,REIMS,51,454,CR,61,1,2.0,Appartement,73.0,3.0
1762747,23/12/2017,Vente,"310000,00",4.0,PL,0380,ARISTIDE BRIAND,51100.0,REIMS,51,454,CX,85,2,2.0,Appartement,123.0,4.0
1762756,20/12/2017,Vente,"340000,00",49.0,RUE,6470,DE NEUFCHATEL,51100.0,REIMS,51,454,AX,32,0,2.0,Appartement,66.0,3.0
1762757,20/12/2017,Vente,"340000,00",49.0,RUE,6470,DE NEUFCHATEL,51100.0,REIMS,51,454,AX,32,0,2.0,Appartement,66.0,3.0
1762760,20/12/2017,Vente,"340000,00",49.0,RUE,6470,DE NEUFCHATEL,51100.0,REIMS,51,454,AX,32,0,2.0,Appartement,64.0,3.0
1762761,20/12/2017,Vente,"340000,00",49.0,RUE,6470,DE NEUFCHATEL,51100.0,REIMS,51,454,AX,32,0,2.0,Appartement,51.0,3.0
1762762,15/12/2017,Vente,"60000,00",62.0,AV,6730,DE PARIS,51100.0,REIMS,51,454,IO,61,2,2.0,Appartement,59.0,4.0
1762765,29/12/2017,Vente en l'état futur d'achèvement,"500000,00",65.0,RUE,6230,DU MONT D ARENE,51100.0,REIMS,51,454,AT,9,1,2.0,Appartement,126.0,4.0
1762768,18/12/2017,Vente,"151000,00",27.0,RUE,8570,DU TEMPLE,51100.0,REIMS,51,454,BE,351,2,2.0,Appartement,58.0,3.0
1762789,21/12/2017,Vente,"50000,00",30.0,RUE,7010,PIERRE BROSSOLETTE,51100.0,REIMS,51,454,AV,416,1,2.0,Appartement,33.0,1.0
1762799,29/12/2017,Vente,"458182,00",31.0,RUE,8640,DE THILLOIS,51100.0,REIMS,51,454,IM,139,1,2.0,Appartement,56.0,3.0
1762802,29/12/2017,Vente,"458182,00",31.0,RUE,8640,DE THILLOIS,51100.0,REIMS,51,454,IM,139,1,2.0,Appartement,74.0,3.0
1762804,18/12/2017,Vente,"71000,00",1.0,RUE,8290,16E ET 22E DRAGONS,51100.0,REIMS,51,454,CK,17,1,2.0,Appartement,31.0,1.0
1762806,29/12/2017,Vente,"541000,00",32.0,RUE,8620,THIERS,51100.0,REIMS,51,454,IL,471,3,2.0,Appartement,157.0,5.0
1762807,28/12/2017,Vente en l'état futur d'achèvement,"150000,00",40.0,RUE,7790,DE ST BRICE,51100.0,REIMS,51,454,AT,247,1,2.0,Appartement,45.0,2.0
1762812,18/12/2017,Vente,"100650,00",41.0,RUE,3990,GEORGES BOUSSINESQ,51100.0,REIMS,51,454,CL,874,2,2.0,Appartement,43.0,2.0
1762813,21/12/2017,Vente,"55000,00",41.0,RUE,6880,PERIN,51100.0,REIMS,51,454,AV,854,1,2.0,Appartement,28.0,2.0
1762816,19/12/2017,Vente,"58000,00",25.0,RUE,6010,MARTIN PELLER,51100.0,REIMS,51,454,HX,73,3,2.0,Appartement,41.0,2.0
1762824,18/12/2017,Vente,"183000,00",16.0,AV,4900,JEAN JAURES,51100.0,REIMS,51,454,CW,57,2,2.0,Appartement,80.0,4.0
1762825,29/12/2017,Vente en l'état futur d'achèvement,"203000,00",49.0,BD,2650,DAUPHINOT,51100.0,REIMS,51,454,CT,610,1,2.0,Appartement,79.0,4.0
1762827,29/12/2017,Vente en l'état futur d'achèvement,"196000,00",49.0,BD,2650,DAUPHINOT,51100.0,REIMS,51,454,CT,610,1,2.0,Appartement,75.0,3.0
1762832,29/12/2017,Vente en l'état futur d'achèvement,"251000,00",90.0,RUE,7160,PONSARDIN,51100.0,REIMS,51,454,CY,755,2,2.0,Appartement,66.0,3.0
1762882,21/12/2017,Vente en l'état futur d'achèvement,"107500,00",32.0,RUE,8270,DE SEBASTOPOL,51100.0,REIMS,51,454,BK,356,1,2.0,Appartement,31.0,1.0
1762883,28/12/2017,Vente,"86000,00",10.0,RUE,6910,DU PETIT ARSENAL,51100.0,REIMS,51,454,BE,79,1,2.0,Appartement,32.0,1.0
1762894,21/12/2017,Vente en l'état futur d'achèvement,"118000,00",32.0,RUE,8270,DE SEBASTOPOL,51100.0,REIMS,51,454,BK,356,1,2.0,Appartement,34.0,1.0
1762911,26/12/2017,Vente en l'état futur d'achèvement,"177000,00",,RUE,4220,GRANDVAL,51100.0,REIMS,51,454,CL,989,1,2.0,Appartement,45.0,2.0
1762926,22/12/2017,Vente,"90000,00",59.0,RUE,1920,DE CHEVIGNE,51100.0,REIMS,51,454,CL,33,2,2.0,Appartement,61.0,3.0
1762938,29/12/2017,Vente,"198400,00",7.0,RUE,6760,PAUL ADAM,51100.0,REIMS,51,454,IK,1428,2,2.0,Appartement,80.0,3.0
1762944,19/12/2017,Vente,"250000,00",17.0,CRS,4850,J B LANGLET,51100.0,REIMS,51,454,IL,259,2,2.0,Appartement,89.0,3.0
1762948,19/12/2017,Vente en l'état futur d'achèvement,"139000,00",,RUE,5891,MARCEL THIL,51100.0,REIMS,51,454,AV,1091,1,2.0,Appartement,36.0,1.0
1762950,29/12/2017,Vente en l'état futur d'achèvement,"183900,00",,RUE,5891,MARCEL THIL,51100.0,REIMS,51,454,AV,1091,1,2.0,Appartement,48.0,2.0
1762953,28/12/2017,Vente en l'état futur d'achèvement,"328000,00",,RUE,5891,MARCEL THIL,51100.0,REIMS,51,454,AV,1091,1,2.0,Appartement,80.0,3.0
1762958,28/12/2017,Vente en l'état futur d'achèvement,"133500,00",,RUE,5891,MARCEL THIL,51100.0,REIMS,51,454,AV,1091,1,2.0,Appartement,36.0,1.0
1762960,27/12/2017,Vente,"66100,00",37.0,RUE,6010,MARTIN PELLER,51100.0,REIMS,51,454,HX,545,2,2.0,Appartement,33.0,1.0
1762961,29/12/2017,Vente en l'état futur d'achèvement,"137500,00",,RUE,5891,MARCEL THIL,51100.0,REIMS,51,454,AV,1091,1,2.0,Appartement,36.0,1.0
1762964,28/12/2017,Vente en l'état futur d'achèvement,"133500,00",,RUE,5891,MARCEL THIL,51100.0,REIMS,51,454,AV,1091,1,2.0,Appartement,27.0,1.0
1762967,20/12/2017,Vente,"104000,00",57.0,PL,3040,DROUET D ERLON,51100.0,REIMS,51,454,IM,38,1,2.0,Appartement,40.0,2.0
1762968,18/12/2017,Vente,"434000,00",38.0,RUE,9040,DE VESLE,51100.0,REIMS,51,454,IL,150,1,2.0,Appartement,53.0,2.0
1762969,18/12/2017,Vente,"434000,00",38.0,RUE,9040,DE VESLE,51100.0,REIMS,51,454,IL,150,1,2.0,Appartement,63.0,3.0
1762970,18/12/2017,Vente,"434000,00",38.0,RUE,9040,DE VESLE,51100.0,REIMS,51,454,IL,150,1,2.0,Appartement,41.0,2.0
1762976,20/12/2017,Vente,"450000,00",4.0,RUE,1270,BRULART,51100.0,REIMS,51,454,CZ,266,0,2.0,Appartement,41.0,2.0
1762977,20/12/2017,Vente,"450000,00",4.0,RUE,1270,BRULART,51100.0,REIMS,51,454,CZ,266,0,2.0,Appartement,46.0,2.0
1762978,20/12/2017,Vente,"450000,00",4.0,RUE,1270,BRULART,51100.0,REIMS,51,454,CZ,266,0,2.0,Appartement,47.0,2.0
1762979,20/12/2017,Vente,"450000,00",4.0,RUE,1270,BRULART,51100.0,REIMS,51,454,CZ,266,0,2.0,Appartement,37.0,2.0
1762980,20/12/2017,Vente,"450000,00",4.0,RUE,1270,BRULART,51100.0,REIMS,51,454,CZ,266,0,2.0,Appartement,37.0,2.0
1762981,20/12/2017,Vente,"450000,00",4.0,RUE,1270,BRULART,51100.0,REIMS,51,454,CZ,266,0,2.0,Appartement,30.0,1.0
1762982,20/12/2017,Vente,"450000,00",4.0,RUE,1270,BRULART,51100.0,REIMS,51,454,CZ,266,0,2.0,Appartement,41.0,2.0
1762984,28/12/2017,Vente en l'état futur d'achèvement,"181000,00",,RUE,5891,MARCEL THIL,51100.0,REIMS,51,454,AV,1091,1,2.0,Appartement,48.0,2.0
1762986,29/12/2017,Vente,"56000,00",7.0,BD,1510,CARTERET,51100.0,REIMS,51,454,CV,845,3,2.0,Appartement,27.0,2.0
1762991,20/12/2017,Vente,"45000,00",25.0,RUE,5460,LESAGE,51100.0,REIMS,51,454,AW,319,1,2.0,Appartement,23.0,1.0
1762994,22/12/2017,Vente,"115000,00",6.0,RUE,4620,HOUZEAU MUIRON,51100.0,REIMS,51,454,CK,125,2,2.0,Appartement,60.0,2.0
1762996,26/12/2017,Vente,"120000,00",52.0,RUE,2740,DERODE,51100.0,REIMS,51,454,BI,616,1,2.0,Appartement,77.0,3.0
1762997,21/12/2017,Vente,"225000,00",29.0,RUE,0300,ANQUETIL,51100.0,REIMS,51,454,AV,288,1,2.0,Appartement,20.0,1.0
1762998,21/12/2017,Vente,"225000,00",29.0,RUE,0300,ANQUETIL,51100.0,REIMS,51,454,AV,288,1,2.0,Appartement,26.0,1.0
1762999,21/12/2017,Vente,"225000,00",29.0,RUE,0300,ANQUETIL,51100.0,REIMS,51,454,AV,288,1,2.0,Appartement,28.0,1.0
1763000,21/12/2017,Vente,"225000,00",29.0,RUE,0300,ANQUETIL,51100.0,REIMS,51,454,AV,288,1,2.0,Appartement,22.0,1.0
1763003,29/12/2017,Vente,"135000,00",121.0,RUE,0600,DU BARBATRE,51100.0,REIMS,51,454,CY,465,1,2.0,Appartement,78.0,4.0
1763006,20/12/2017,Vente,"3300000,00",9001.0,RUE,8720,TOURNEBONNEAU,51100.0,REIMS,51,454,DM,647,0,2.0,Appartement,24.0,1.0
1763007,20/12/2017,Vente,"3300000,00",9001.0,RUE,8720,TOURNEBONNEAU,51100.0,REIMS,51,454,DM,647,0,2.0,Appartement,24.0,1.0
1763008,20/12/2017,Vente,"3300000,00",9001.0,RUE,8720,TOURNEBONNEAU,51100.0,REIMS,51,454,DM,647,0,2.0,Appartement,24.0,1.0
1763009,20/12/2017,Vente,"3300000,00",9001.0,RUE,8720,TOURNEBONNEAU,51100.0,REIMS,51,454,DM,647,0,2.0,Appartement,24.0,1.0
1763010,20/12/2017,Vente,"3300000,00",9001.0,RUE,8720,TOURNEBONNEAU,51100.0,REIMS,51,454,DM,647,0,2.0,Appartement,24.0,1.0
1763011,20/12/2017,Vente,"3300000,00",9001.0,RUE,8720,TOURNEBONNEAU,51100.0,REIMS,51,454,DM,647,0,2.0,Appartement,24.0,1.0
1763012,20/12/2017,Vente,"3300000,00",9001.0,RUE,8720,TOURNEBONNEAU,51100.0,REIMS,51,454,DM,647,0,2.0,Appartement,24.0,1.0
1763013,20/12/2017,Vente,"3300000,00",9001.0,RUE,8720,TOURNEBONNEAU,51100.0,REIMS,51,454,DM,647,0,2.0,Appartement,24.0,1.0
1763014,20/12/2017,Vente,"3300000,00",9001.0,RUE,8720,TOURNEBONNEAU,51100.0,REIMS,51,454,DM,647,0,2.0,Appartement,24.0,1.0
1763015,20/12/2017,Vente,"3300000,00",9001.0,RUE,8720,TOURNEBONNEAU,51100.0,REIMS,51,454,DM,647,0,2.0,Appartement,24.0,1.0
1763016,20/12/2017,Vente,"3300000,00",9001.0,RUE,8720,TOURNEBONNEAU,51100.0,REIMS,51,454,DM,647,0,2.0,Appartement,24.0,1.0
1763017,20/12/2017,Vente,"3300000,00",9001.0,RUE,8720,TOURNEBONNEAU,51100.0,REIMS,51,454,DM,647,0,2.0,Appartement,24.0,1.0
1763018,20/12/2017,Vente,"3300000,00",9001.0,RUE,8720,TOURNEBONNEAU,51100.0,REIMS,51,454,DM,647,0,2.0,Appartement,24.0,1.0
1763019,20/12/2017,Vente,"3300000,00",9001.0,RUE,8720,TOURNEBONNEAU,51100.0,REIMS,51,454,DM,647,0,2.0,Appartement,71.0,3.0
1763020,20/12/2017,Vente,"3300000,00",9001.0,RUE,8720,TOURNEBONNEAU,51100.0,REIMS,51,454,DM,647,0,2.0,Appartement,24.0,1.0
1763021,20/12/2017,Vente,"3300000,00",9001.0,RUE,8720,TOURNEBONNEAU,51100.0,REIMS,51,454,DM,647,0,2.0,Appartement,24.0,1.0
1763022,20/12/2017,Vente,"3300000,00",9001.0,RUE,8720,TOURNEBONNEAU,51100.0,REIMS,51,454,DM,647,0,2.0,Appartement,40.0,2.0
1763023,20/12/2017,Vente,"3300000,00",9001.0,RUE,8720,TOURNEBONNEAU,51100.0,REIMS,51,454,DM,647,0,2.0,Appartement,24.0,1.0
1763024,20/12/2017,Vente,"3300000,00",9001.0,RUE,8720,TOURNEBONNEAU,51100.0,REIMS,51,454,DM,647,0,2.0,Appartement,24.0,1.0
1763025,20/12/2017,Vente,"3300000,00",9001.0,RUE,8720,TOURNEBONNEAU,51100.0,REIMS,51,454,DM,647,0,2.0,Appartement,24.0,1.0
1763026,20/12/2017,Vente,"3300000,00",9001.0,RUE,8720,TOURNEBONNEAU,51100.0,REIMS,51,454,DM,647,0,2.0,Appartement,24.0,1.0
1763027,20/12/2017,Vente,"3300000,00",9001.0,RUE,8720,TOURNEBONNEAU,51100.0,REIMS,51,454,DM,647,0,2.0,Appartement,24.0,1.0
1763028,20/12/2017,Vente,"3300000,00",9001.0,RUE,8720,TOURNEBONNEAU,51100.0,REIMS,51,454,DM,647,0,2.0,Appartement,24.0,1.0
1763029,20/12/2017,Vente,"3300000,00",9001.0,RUE,8720,TOURNEBONNEAU,51100.0,REIMS,51,454,DM,647,0,2.0,Appartement,24.0,1.0
1763030,20/12/2017,Vente,"3300000,00",9001.0,RUE,8720,TOURNEBONNEAU,51100.0,REIMS,51,454,DM,647,0,2.0,Appartement,24.0,1.0
1763031,20/12/2017,Vente,"3300000,00",9001.0,RUE,8720,TOURNEBONNEAU,51100.0,REIMS,51,454,DM,647,0,2.0,Appartement,24.0,1.0
1763032,20/12/2017,Vente,"3300000,00",9001.0,RUE,8720,TOURNEBONNEAU,51100.0,REIMS,51,454,DM,647,0,2.0,Appartement,40.0,2.0
1763033,20/12/2017,Vente,"3300000,00",9001.0,RUE,8720,TOURNEBONNEAU,51100.0,REIMS,51,454,DM,647,0,2.0,Appartement,24.0,1.0
1763035,20/12/2017,Vente,"3300000,00",9001.0,RUE,8720,TOURNEBONNEAU,51100.0,REIMS,51,454,DM,647,0,2.0,Appartement,24.0,1.0
1763037,20/12/2017,Vente,"3300000,00",9001.0,RUE,8720,TOURNEBONNEAU,51100.0,REIMS,51,454,DM,647,0,2.0,Appartement,24.0,1.0
1763038,20/12/2017,Vente,"3300000,00",9001.0,RUE,8720,TOURNEBONNEAU,51100.0,REIMS,51,454,DM,647,0,2.0,Appartement,24.0,1.0
1763039,20/12/2017,Vente,"3300000,00",9001.0,RUE,8720,TOURNEBONNEAU,51100.0,REIMS,51,454,DM,647,0,2.0,Appartement,24.0,1.0
1763040,20/12/2017,Vente,"3300000,00",9001.0,RUE,8720,TOURNEBONNEAU,51100.0,REIMS,51,454,DM,647,0,2.0,Appartement,24.0,1.0
1763041,20/12/2017,Vente,"3300000,00",9001.0,RUE,8720,TOURNEBONNEAU,51100.0,REIMS,51,454,DM,647,0,2.0,Appartement,24.0,1.0
1763042,20/12/2017,Vente,"3300000,00",9001.0,RUE,8720,TOURNEBONNEAU,51100.0,REIMS,51,454,DM,647,0,2.0,Appartement,80.0,4.0
1763043,20/12/2017,Vente,"3300000,00",9001.0,RUE,8720,TOURNEBONNEAU,51100.0,REIMS,51,454,DM,647,0,2.0,Appartement,24.0,1.0
1763044,20/12/2017,Vente,"3300000,00",9001.0,RUE,8720,TOURNEBONNEAU,51100.0,REIMS,51,454,DM,647,0,2.0,Appartement,24.0,1.0
1763045,20/12/2017,Vente,"3300000,00",9001.0,RUE,8720,TOURNEBONNEAU,51100.0,REIMS,51,454,DM,647,0,2.0,Appartement,24.0,1.0
1763046,20/12/2017,Vente,"3300000,00",9001.0,RUE,8720,TOURNEBONNEAU,51100.0,REIMS,51,454,DM,647,0,2.0,Appartement,24.0,1.0
1763047,20/12/2017,Vente,"3300000,00",9001.0,RUE,8720,TOURNEBONNEAU,51100.0,REIMS,51,454,DM,647,0,2.0,Appartement,24.0,1.0
1763048,20/12/2017,Vente,"3300000,00",9001.0,RUE,8720,TOURNEBONNEAU,51100.0,REIMS,51,454,DM,647,0,2.0,Appartement,24.0,1.0
1763049,20/12/2017,Vente,"3300000,00",9001.0,RUE,8720,TOURNEBONNEAU,51100.0,REIMS,51,454,DM,647,0,2.0,Appartement,24.0,1.0
1763050,20/12/2017,Vente,"3300000,00",9001.0,RUE,8720,TOURNEBONNEAU,51100.0,REIMS,51,454,DM,647,0,2.0,Appartement,24.0,1.0
1763051,20/12/2017,Vente,"3300000,00",9001.0,RUE,8720,TOURNEBONNEAU,51100.0,REIMS,51,454,DM,647,0,2.0,Appartement,24.0,1.0
1763052,20/12/2017,Vente,"3300000,00",9001.0,RUE,8720,TOURNEBONNEAU,51100.0,REIMS,51,454,DM,647,0,2.0,Appartement,40.0,2.0
1763053,20/12/2017,Vente,"3300000,00",9001.0,RUE,8720,TOURNEBONNEAU,51100.0,REIMS,51,454,DM,647,0,2.0,Appartement,24.0,1.0
1763054,20/12/2017,Vente,"3300000,00",9001.0,RUE,8720,TOURNEBONNEAU,51100.0,REIMS,51,454,DM,647,0,2.0,Appartement,24.0,1.0
1763055,20/12/2017,Vente,"3300000,00",9001.0,RUE,8720,TOURNEBONNEAU,51100.0,REIMS,51,454,DM,647,0,2.0,Appartement,24.0,1.0
1763056,20/12/2017,Vente,"3300000,00",9001.0,RUE,8720,TOURNEBONNEAU,51100.0,REIMS,51,454,DM,647,0,2.0,Appartement,24.0,1.0
1763057,20/12/2017,Vente,"3300000,00",9001.0,RUE,8720,TOURNEBONNEAU,51100.0,REIMS,51,454,DM,647,0,2.0,Appartement,24.0,1.0
1763058,20/12/2017,Vente,"3300000,00",9001.0,RUE,8720,TOURNEBONNEAU,51100.0,REIMS,51,454,DM,647,0,2.0,Appartement,24.0,1.0
1763059,20/12/2017,Vente,"3300000,00",9001.0,RUE,8720,TOURNEBONNEAU,51100.0,REIMS,51,454,DM,647,0,2.0,Appartement,24.0,1.0
1763060,20/12/2017,Vente,"3300000,00",9001.0,RUE,8720,TOURNEBONNEAU,51100.0,REIMS,51,454,DM,647,0,2.0,Appartement,40.0,2.0
1763061,20/12/2017,Vente,"3300000,00",9001.0,RUE,8720,TOURNEBONNEAU,51100.0,REIMS,51,454,DM,647,0,2.0,Appartement,24.0,1.0
1763062,20/12/2017,Vente,"3300000,00",9001.0,RUE,8720,TOURNEBONNEAU,51100.0,REIMS,51,454,DM,647,0,2.0,Appartement,24.0,1.0
1763064,20/12/2017,Vente,"3300000,00",9001.0,RUE,8720,TOURNEBONNEAU,51100.0,REIMS,51,454,DM,647,0,2.0,Appartement,24.0,1.0
1763065,20/12/2017,Vente,"3300000,00",9001.0,RUE,8720,TOURNEBONNEAU,51100.0,REIMS,51,454,DM,647,0,2.0,Appartement,24.0,1.0
1763066,20/12/2017,Vente,"3300000,00",9001.0,RUE,8720,TOURNEBONNEAU,51100.0,REIMS,51,454,DM,647,0,2.0,Appartement,24.0,1.0
1763067,20/12/2017,Vente,"3300000,00",9001.0,RUE,8720,TOURNEBONNEAU,51100.0,REIMS,51,454,DM,647,0,2.0,Appartement,24.0,1.0
1763068,20/12/2017,Vente,"3300000,00",9001.0,RUE,8720,TOURNEBONNEAU,51100.0,REIMS,51,454,DM,647,0,2.0,Appartement,24.0,1.0
1763069,20/12/2017,Vente,"3300000,00",9001.0,RUE,8720,TOURNEBONNEAU,51100.0,REIMS,51,454,DM,647,0,2.0,Appartement,24.0,1.0
1763075,20/12/2017,Vente,"57500,00",6.0,RUE,4070,GERUZEZ,51100.0,REIMS,51,454,AV,454,2,2.0,Appartement,29.0,1.0
1763077,21/12/2017,Vente,"183000,00",38.0,RUE,1590,DE CERNAY,51100.0,REIMS,51,454,CW,161,2,2.0,Appartement,73.0,3.0
1763078,28/12/2017,Vente,"167900,00",18.0,RUE,0340,DE L ARBALETE,51100.0,REIMS,51,454,IL,74,3,2.0,Appartement,72.0,3.0
1763083,29/12/2017,Vente,"400000,00",7.0,RUE,1080,DES BOUCHERIES,51100.0,REIMS,51,454,IL,55,1,2.0,Appartement,117.0,6.0
1763085,07/12/2017,Vente,"130000,00",11.0,ALL,1725,CH NICOLAS ROLAND,51100.0,REIMS,51,454,DM,239,2,2.0,Appartement,69.0,3.0
1763086,22/12/2017,Vente,"91000,00",40.0,RUE,1390,DES CAPUCINS,51100.0,REIMS,51,454,IK,1267,2,2.0,Appartement,34.0,1.0
1763102,28/12/2017,Vente,"48500,00",2.0,RUE,3340,DE L EQUERRE,51100.0,REIMS,51,454,CY,320,1,2.0,Appartement,28.0,1.0
1763104,27/12/2017,Vente,"134400,00",10.0,RUE,7705,RUDYARD KIPLING,51100.0,REIMS,51,454,HK,1276,2,2.0,Appartement,79.0,3.0
1763106,28/12/2017,Vente,"95000,00",5.0,RUE,7060,PIPER,51100.0,REIMS,51,454,CW,15,2,2.0,Appartement,31.0,1.0
1763110,26/12/2017,Vente en l'état futur d'achèvement,"154733,00",,RUE,4220,GRANDVAL,51100.0,REIMS,51,454,CL,989,1,2.0,Appartement,44.0,2.0
1763112,28/12/2017,Vente,"115000,00",42.0,ESP,3590,FLECHAMBAULT,51100.0,REIMS,51,454,DM,631,2,2.0,Appartement,83.0,4.0
1763113,29/12/2017,Vente,"125000,00",61.0,RUE,1920,DE CHEVIGNE,51100.0,REIMS,51,454,CL,33,2,2.0,Appartement,95.0,5.0
1763128,22/12/2017,Vente,"202000,00",8.0,RUE,1270,BRULART,51100.0,REIMS,51,454,CZ,244,0,2.0,Appartement,50.0,3.0
1763129,22/12/2017,Vente,"202000,00",8.0,RUE,1270,BRULART,51100.0,REIMS,51,454,CZ,244,0,2.0,Appartement,50.0,3.0
1763131,22/12/2017,Vente,"202000,00",8.0,RUE,1270,BRULART,51100.0,REIMS,51,454,CZ,244,0,2.0,Appartement,50.0,3.0
1763132,21/12/2017,Vente,"150000,00",125.0,RUE,9040,DE VESLE,51100.0,REIMS,51,454,IK,1346,1,2.0,Appartement,59.0,2.0
1763134,20/12/2017,Vente,"150000,00",60.0,RUE,4560,HINCMAR,51100.0,REIMS,51,454,IK,758,2,2.0,Appartement,56.0,2.0
1763138,22/12/2017,Vente,"160600,00",32.0,RUE,8270,DE SEBASTOPOL,51100.0,REIMS,51,454,BK,356,1,2.0,Appartement,44.0,2.0
1763140,26/12/2017,Vente,"45000,00",66.0,RUE,9040,DE VESLE,51100.0,REIMS,51,454,IM,119,1,2.0,Appartement,24.0,1.0
1763141,29/12/2017,Vente en l'état futur d'achèvement,"178500,00",,RUE,4440,HENRI BARBUSSE,51100.0,REIMS,51,454,CL,1005,1,2.0,Appartement,65.0,3.0
1763143,29/12/2017,Vente,"58000,00",23.0,RUE,6160,DE METZ,51100.0,REIMS,51,454,CV,495,1,2.0,Appartement,24.0,1.0
1763145,20/12/2017,Vente,"420000,00",72.0,RUE,1670,DU CHAMP DE MARS,51100.0,REIMS,51,454,BI,592,0,2.0,Appartement,48.0,1.0
1763148,22/12/2017,Vente,"159000,00",32.0,RUE,8270,DE SEBASTOPOL,51100.0,REIMS,51,454,BK,356,1,2.0,Appartement,43.0,1.0
1763150,29/12/2017,Vente en l'état futur d'achèvement,"177000,00",,RUE,4220,GRANDVAL,51100.0,REIMS,51,454,CL,989,1,2.0,Appartement,44.0,2.0
1763153,22/12/2017,Vente en l'état futur d'achèvement,"192045,00",14.0,BD,6690,DE LA PAIX,51100.0,REIMS,51,454,CX,534,1,2.0,Appartement,51.0,2.0
1763180,27/12/2017,Vente en l'état futur d'achèvement,"213300,00",5.0,RUE,3555,DES FILEURS,51100.0,REIMS,51,454,CT,606,1,2.0,Appartement,80.0,4.0
1763189,28/12/2017,Vente,"297000,00",8.0,RUE,0400,ARMONVILLE,51100.0,REIMS,51,454,CZ,317,1,2.0,Appartement,86.0,3.0
1763197,29/12/2017,Vente,"372000,00",13.0,CRS,0250,ANATOLE FRANCE,51100.0,REIMS,51,454,CX,555,2,2.0,Appartement,93.0,3.0
1763199,28/12/2017,Vente,"850000,00",32.0,RUE,3390,DE L ETAPE,51100.0,REIMS,51,454,IL,329,0,2.0,Appartement,49.0,2.0
1763200,28/12/2017,Vente,"850000,00",32.0,RUE,3390,DE L ETAPE,51100.0,REIMS,51,454,IL,329,0,2.0,Appartement,63.0,4.0
1763201,28/12/2017,Vente,"850000,00",32.0,RUE,3390,DE L ETAPE,51100.0,REIMS,51,454,IL,329,0,2.0,Appartement,61.0,4.0
1763212,29/12/2017,Vente,"148000,00",107.0,RUE,6830,P VAILLANT COUTURIER,51100.0,REIMS,51,454,AN,200,1,2.0,Appartement,67.0,3.0
1763224,30/12/2017,Vente en l'état futur d'achèvement,"221520,00",42.0,RUE,4440,HENRI BARBUSSE,51100.0,REIMS,51,454,CL,1007,1,2.0,Appartement,67.0,3.0
1763227,30/12/2017,Vente,"85000,00",14.0,BD,4550,HENRY VASNIER,51100.0,REIMS,51,454,CZ,11,2,2.0,Appartement,62.0,3.0
1763231,30/12/2017,Vente,"89000,00",2.0,RUE,8603,THEODORE GERICAULT,51100.0,REIMS,51,454,AE,296,2,2.0,Appartement,70.0,3.0
1763238,29/12/2017,Vente,"318000,00",7.0,PL,1430,DU CARDINAL LUCON,51100.0,REIMS,51,454,CX,347,2,2.0,Appartement,96.0,3.0
1763248,29/12/2017,Vente,"629000,00",218.0,BD,1800,CHARLES ARNOULD,51100.0,REIMS,51,454,AP,77,0,2.0,Appartement,46.0,3.0
1763249,29/12/2017,Vente,"629000,00",218.0,BD,1800,CHARLES ARNOULD,51100.0,REIMS,51,454,AP,77,0,2.0,Appartement,34.0,2.0
1763250,29/12/2017,Vente,"629000,00",218.0,BD,1800,CHARLES ARNOULD,51100.0,REIMS,51,454,AP,77,0,2.0,Appartement,35.0,1.0
1763251,29/12/2017,Vente,"629000,00",218.0,BD,1800,CHARLES ARNOULD,51100.0,REIMS,51,454,AP,77,0,2.0,Appartement,25.0,1.0
1763252,29/12/2017,Vente,"629000,00",218.0,BD,1800,CHARLES ARNOULD,51100.0,REIMS,51,454,AP,77,0,2.0,Appartement,25.0,1.0
1763253,29/12/2017,Vente,"629000,00",218.0,BD,1800,CHARLES ARNOULD,51100.0,REIMS,51,454,AP,77,0,2.0,Appartement,34.0,2.0
1763254,29/12/2017,Vente,"629000,00",218.0,BD,1800,CHARLES ARNOULD,51100.0,REIMS,51,454,AP,77,0,2.0,Appartement,42.0,2.0
1763255,29/12/2017,Vente,"629000,00",218.0,BD,1800,CHARLES ARNOULD,51100.0,REIMS,51,454,AP,77,0,2.0,Appartement,56.0,3.0
1763256,29/12/2017,Vente,"629000,00",218.0,BD,1800,CHARLES ARNOULD,51100.0,REIMS,51,454,AP,77,0,2.0,Appartement,42.0,2.0
1763257,29/12/2017,Vente,"629000,00",218.0,BD,1800,CHARLES ARNOULD,51100.0,REIMS,51,454,AP,77,0,2.0,Appartement,51.0,2.0
1763258,29/12/2017,Vente,"629000,00",218.0,BD,1800,CHARLES ARNOULD,51100.0,REIMS,51,454,AP,77,0,2.0,Appartement,35.0,1.0
1763285,20/12/2017,Vente,"496000,00",42.0,RUE,1390,DES CAPUCINS,51100.0,REIMS,51,454,IK,1267,2,2.0,Appartement,146.0,4.0
1763305,28/12/2017,Vente,"65000,00",23.0,RUE,6230,DU MONT D ARENE,51100.0,REIMS,51,454,AT,322,2,2.0,Appartement,53.0,3.0
1763308,29/12/2017,Vente en l'état futur d'achèvement,"159600,00",32.0,RUE,8270,DE SEBASTOPOL,51100.0,REIMS,51,454,BK,356,1,2.0,Appartement,48.0,2.0
1763330,14/12/2017,Vente,"235000,00",3.0,RUE,9240,WARNIER,51100.0,REIMS,51,454,BH,286,2,2.0,Appartement,71.0,4.0
1763334,27/12/2017,Vente,"100000,00",3.0,RUE,4650,HUGUES KRAFFT,51100.0,REIMS,51,454,AM,760,2,2.0,Appartement,85.0,4.0
1763337,30/12/2017,Vente,"555000,00",4.0,RUE,3210,DES ELUS,51100.0,REIMS,51,454,IL,87,2,2.0,Appartement,173.0,7.0
1763338,30/12/2017,Vente,"48000,00",23.0,RUE,6160,DE METZ,51100.0,REIMS,51,454,CV,495,1,2.0,Appartement,15.0,1.0
1763367,28/12/2017,Vente,"250100,00",4.0,RUE,4620,HOUZEAU MUIRON,51100.0,REIMS,51,454,CK,125,2,2.0,Appartement,99.0,5.0
1763376,29/12/2017,Vente,"142700,00",113.0,RUE,9040,DE VESLE,51100.0,REIMS,51,454,IK,1347,1,2.0,Appartement,67.0,2.0
1763390,29/12/2017,Vente,"82000,00",14.0,RUE,6864,PAYEN,51100.0,REIMS,51,454,HZ,15,2,2.0,Appartement,26.0,2.0
1763392,29/12/2017,Vente,"50000,00",14.0,RUE,3770,FRANCOIS DOR,51100.0,REIMS,51,454,HX,409,1,2.0,Appartement,22.0,1.0
1763394,29/12/2017,Vente,"190000,00",28.0,RUE,3340,DE L EQUERRE,51100.0,REIMS,51,454,CY,648,1,2.0,Appartement,72.0,3.0
1763412,14/12/2017,Adjudication,"64000,00",15.0,RUE,3070,DUQUENELLE,51100.0,REIMS,51,454,AW,536,1,2.0,Appartement,70.0,2.0
1763415,30/06/2017,Vente,"91000,00",23.0,RUE,6230,DU MONT D ARENE,51100.0,REIMS,51,454,AT,322,2,2.0,Appartement,50.0,2.0
1763437,08/06/2017,Adjudication,"72000,00",2.0,RUE,3000,DOCTEUR THOMAS,51100.0,REIMS,51,454,AW,360,2,2.0,Appartement,44.0,3.0
1763452,13/07/2017,Adjudication,"35500,00",16.0,RUE,1030,DE LA BONNE FEMME,51100.0,REIMS,51,454,DO,139,2,2.0,Appartement,40.0,2.0
1763453,22/09/2017,Vente,"65000,00",133.0,RUE,2440,DE COURLANCY,51100.0,REIMS,51,454,HY,161,2,2.0,Appartement,27.0,1.0
1763457,24/06/2017,Vente,"90000,00",2.0,RUE,6820,PAUL LAPIE,51100.0,REIMS,51,454,AS,357,1,2.0,Appartement,60.0,3.0
1763458,29/03/2017,Vente,"61750,00",31.0,RUE,6850,PAULIN PARIS,51100.0,REIMS,51,454,AW,55,1,2.0,Appartement,33.0,1.0
1763459,29/05/2017,Vente,"26000,00",31.0,RUE,6850,PAULIN PARIS,51100.0,REIMS,51,454,AW,55,1,2.0,Appartement,15.0,1.0
1763461,22/06/2017,Vente,"125000,00",31.0,RUE,6850,PAULIN PARIS,51100.0,REIMS,51,454,AW,55,1,2.0,Appartement,58.0,3.0
1763463,25/09/2017,Vente,"27000,00",31.0,RUE,6850,PAULIN PARIS,51100.0,REIMS,51,454,AW,55,1,2.0,Appartement,15.0,1.0
1763470,02/10/2017,Vente,"208520,00",115.0,RUE,3850,GAMBETTA,51100.0,REIMS,51,454,CY,758,0,2.0,Appartement,59.0,2.0
1763471,11/12/2017,Vente,"63000,00",31.0,RUE,6850,PAULIN PARIS,51100.0,REIMS,51,454,AW,55,1,2.0,Appartement,28.0,1.0
1763486,22/12/2017,Vente,"357000,00",45.0,PL,3040,DROUET D ERLON,51100.0,REIMS,51,454,IM,44,1,2.0,Appartement,55.0,3.0
1763487,22/12/2017,Vente,"357000,00",45.0,PL,3040,DROUET D ERLON,51100.0,REIMS,51,454,IM,44,1,2.0,Appartement,55.0,2.0
1763488,22/12/2017,Vente,"357000,00",45.0,PL,3040,DROUET D ERLON,51100.0,REIMS,51,454,IM,44,1,2.0,Appartement,53.0,2.0
1763489,22/12/2017,Vente,"357000,00",45.0,PL,3040,DROUET D ERLON,51100.0,REIMS,51,454,IM,44,1,2.0,Appartement,44.0,2.0
1763490,22/12/2017,Vente,"63000,00",45.0,PL,3040,DROUET D ERLON,51100.0,REIMS,51,454,IM,44,1,2.0,Appartement,65.0,2.0
1763506,12/10/2017,Adjudication,"43000,00",7.0,PL,7016,PIERRE DE FERMAT,51100.0,REIMS,51,454,AE,285,2,2.0,Appartement,94.0,5.0
